0 0.396000 0.554717 0.358000 0.571698 0.316000 0.571698 0.320000 0.588679 0.332000 0.601887 0.344000 0.607547 0.364000 0.603774 0.386000 0.581132
0 0.176000 0.381132 0.172000 0.396226 0.174000 0.422642 0.186000 0.437736 0.202000 0.450943 0.228000 0.454717 0.242000 0.464151 0.258000 0.464151 0.266000 0.460377 0.290000 0.462264 0.302000 0.456604 0.316000 0.437736 0.330000 0.432075 0.378000 0.437736 0.376000 0.428302 0.366000 0.430189 0.358000 0.424528 0.348000 0.424528 0.334000 0.416981 0.328000 0.411321 0.316000 0.383019 0.308000 0.375472 0.294000 0.375472 0.272000 0.360377 0.252000 0.360377 0.242000 0.356604 0.216000 0.354717 0.188000 0.366038
0 0.380000 0.415094 0.376000 0.420755 0.380000 0.433962 0.378000 0.439623 0.382000 0.450943 0.388000 0.456604 0.408000 0.456604 0.414000 0.460377 0.426000 0.460377 0.432000 0.466038 0.432000 0.469811 0.438000 0.464151 0.448000 0.462264 0.462000 0.449057 0.456000 0.430189 0.440000 0.416981 0.430000 0.401887 0.402000 0.401887
0 0.466000 0.450943 0.482000 0.477358 0.498000 0.483019 0.506000 0.490566 0.520000 0.494340 0.536000 0.494340 0.544000 0.501887 0.552000 0.500000 0.574000 0.483019 0.574000 0.462264 0.570000 0.452830 0.542000 0.435849 0.524000 0.441509 0.518000 0.437736 0.504000 0.435849 0.490000 0.441509 0.470000 0.443396
0 0.530000 0.313208 0.524000 0.332075 0.510000 0.347170 0.506000 0.347170 0.496000 0.356604 0.488000 0.369811 0.492000 0.371698 0.474000 0.418868 0.474000 0.435849 0.494000 0.394340 0.500000 0.366038 0.508000 0.358491 0.520000 0.354717 0.530000 0.341509 0.530000 0.335849 0.534000 0.332075 0.534000 0.320755
0 0.476000 0.205660 0.448000 0.207547 0.438000 0.215094 0.432000 0.228302 0.430000 0.243396 0.422000 0.252830 0.422000 0.264151 0.428000 0.271698 0.428000 0.277358 0.420000 0.286792 0.420000 0.311321 0.426000 0.322642 0.428000 0.339623 0.438000 0.347170 0.444000 0.356604 0.452000 0.358491 0.460000 0.366038 0.464000 0.405660 0.458000 0.433962 0.464000 0.449057 0.472000 0.441509 0.472000 0.403774 0.480000 0.377358 0.494000 0.356604 0.516000 0.339623 0.528000 0.316981 0.526000 0.283019 0.518000 0.273585 0.518000 0.252830 0.512000 0.245283 0.512000 0.239623 0.506000 0.228302
0 0.474000 0.466038 0.472000 0.471698 0.484000 0.484906 0.486000 0.492453 0.514000 0.524528 0.514000 0.532075 0.528000 0.550943 0.530000 0.564151 0.520000 0.577358 0.520000 0.584906 0.524000 0.588679 0.524000 0.613208 0.530000 0.618868 0.530000 0.626415 0.538000 0.641509 0.538000 0.647170 0.548000 0.662264 0.564000 0.667925 0.584000 0.690566 0.592000 0.690566 0.610000 0.705660 0.630000 0.707547 0.646000 0.700000 0.656000 0.690566 0.664000 0.669811 0.664000 0.637736 0.650000 0.607547 0.638000 0.600000 0.634000 0.583019 0.622000 0.573585 0.608000 0.569811 0.596000 0.556604 0.584000 0.552830 0.558000 0.556604 0.548000 0.552830 0.524000 0.530189 0.526000 0.526415 0.504000 0.505660 0.490000 0.484906 0.478000 0.475472
0 0.226000 0.264151 0.222000 0.298113 0.230000 0.313208 0.238000 0.318868 0.244000 0.333962 0.256000 0.347170 0.268000 0.352830 0.298000 0.350943 0.304000 0.356604 0.318000 0.356604 0.336000 0.347170 0.350000 0.347170 0.372000 0.362264 0.376000 0.358491 0.376000 0.352830 0.368000 0.347170 0.356000 0.324528 0.364000 0.303774 0.364000 0.292453 0.342000 0.258491 0.326000 0.249057 0.284000 0.239623 0.246000 0.245283
0 0.464000 0.450943 0.458000 0.452830 0.438000 0.477358 0.440000 0.490566 0.436000 0.500000 0.442000 0.513208 0.452000 0.522642 0.462000 0.520755 0.474000 0.507547 0.474000 0.490566 0.470000 0.477358 0.472000 0.464151
0 0.712000 0.507547 0.710000 0.484906 0.690000 0.484906 0.686000 0.481132 0.682000 0.467925 0.662000 0.450943 0.638000 0.452830 0.626000 0.458491 0.608000 0.479245 0.600000 0.483019 0.576000 0.483019 0.570000 0.488679 0.596000 0.494340 0.612000 0.524528 0.632000 0.532075 0.646000 0.530189 0.658000 0.518868 0.692000 0.522642 0.708000 0.513208
0 0.390000 0.345283 0.378000 0.354717 0.374000 0.362264 0.374000 0.377358 0.380000 0.394340 0.392000 0.400000 0.394000 0.403774 0.402000 0.400000 0.428000 0.400000 0.426000 0.394340 0.438000 0.379245 0.438000 0.367925 0.434000 0.360377 0.418000 0.345283
0 0.472000 0.473585 0.474000 0.483019 0.480000 0.488679 0.484000 0.503774 0.492000 0.516981 0.490000 0.520755 0.508000 0.535849 0.510000 0.547170 0.514000 0.550943 0.518000 0.547170 0.516000 0.535849 0.502000 0.522642 0.504000 0.518868
0 0.456000 0.522642 0.454000 0.571698 0.450000 0.583019 0.420000 0.609434 0.418000 0.652830 0.424000 0.660377 0.426000 0.673585 0.440000 0.684906 0.440000 0.709434 0.454000 0.720755 0.472000 0.720755 0.496000 0.707547 0.512000 0.690566 0.520000 0.656604 0.520000 0.641509 0.502000 0.616981 0.502000 0.605660 0.494000 0.598113 0.478000 0.592453 0.468000 0.581132 0.462000 0.558491 0.464000 0.532075 0.462000 0.522642
0 0.446000 0.464151 0.438000 0.466038 0.410000 0.484906 0.394000 0.484906 0.386000 0.479245 0.336000 0.490566 0.300000 0.522642 0.298000 0.543396 0.302000 0.556604 0.316000 0.569811 0.346000 0.571698 0.364000 0.567925 0.396000 0.552830 0.398000 0.533962 0.414000 0.511321 0.410000 0.501887 0.412000 0.494340 0.424000 0.483019 0.436000 0.477358
0 0.710000 0.256604 0.690000 0.243396 0.664000 0.239623 0.650000 0.245283 0.638000 0.245283 0.596000 0.266038 0.586000 0.275472 0.580000 0.292453 0.580000 0.307547 0.574000 0.315094 0.576000 0.328302 0.582000 0.339623 0.582000 0.347170 0.576000 0.360377 0.538000 0.400000 0.512000 0.416981 0.488000 0.437736 0.476000 0.437736 0.474000 0.441509 0.502000 0.435849 0.536000 0.409434 0.544000 0.400000 0.550000 0.398113 0.560000 0.386792 0.592000 0.366038 0.620000 0.367925 0.636000 0.356604 0.644000 0.354717 0.668000 0.328302 0.678000 0.326415 0.702000 0.309434 0.716000 0.283019 0.716000 0.271698