0 0.532000 0.494340 0.528000 0.500000 0.522000 0.501887 0.534000 0.567925 0.532000 0.573585 0.516000 0.588679 0.514000 0.613208 0.532000 0.632075 0.548000 0.637736 0.558000 0.637736 0.570000 0.632075 0.580000 0.620755 0.580000 0.613208 0.584000 0.607547 0.584000 0.575472 0.560000 0.567925 0.548000 0.567925 0.542000 0.564151 0.544000 0.562264 0.538000 0.552830 0.536000 0.528302 0.532000 0.518868
0 0.482000 0.501887 0.476000 0.498113 0.446000 0.526415 0.422000 0.537736 0.412000 0.535849 0.402000 0.528302 0.382000 0.528302 0.366000 0.537736 0.350000 0.552830 0.350000 0.558491 0.342000 0.573585 0.342000 0.598113 0.346000 0.605660 0.362000 0.616981 0.378000 0.618868 0.392000 0.607547 0.406000 0.601887 0.416000 0.584906 0.428000 0.584906 0.438000 0.573585 0.440000 0.560377 0.436000 0.545283 0.440000 0.537736 0.452000 0.530189 0.466000 0.515094 0.480000 0.507547
0 0.600000 0.452830 0.586000 0.441509 0.580000 0.441509 0.566000 0.447170 0.546000 0.445283 0.522000 0.450943 0.522000 0.460377 0.528000 0.469811 0.548000 0.488679 0.558000 0.490566 0.562000 0.488679 0.560000 0.471698 0.566000 0.466038 0.574000 0.469811 0.588000 0.469811 0.592000 0.467925 0.590000 0.464151 0.598000 0.458491
0 0.586000 0.583019 0.586000 0.594340 0.626000 0.639623 0.626000 0.654717 0.614000 0.673585 0.614000 0.694340 0.626000 0.726415 0.660000 0.754717 0.680000 0.764151 0.710000 0.766038 0.734000 0.754717 0.750000 0.733962 0.752000 0.694340 0.734000 0.666038 0.726000 0.643396 0.712000 0.633962 0.696000 0.630189 0.686000 0.618868 0.674000 0.618868 0.654000 0.628302 0.636000 0.624528 0.620000 0.615094
0 0.522000 0.462264 0.508000 0.456604 0.494000 0.462264 0.480000 0.458491 0.468000 0.469811 0.466000 0.479245 0.474000 0.486792 0.476000 0.496226 0.484000 0.503774 0.510000 0.505660 0.528000 0.498113 0.532000 0.492453 0.532000 0.473585 0.526000 0.469811
0 0.136000 0.526415 0.142000 0.549057 0.156000 0.564151 0.192000 0.577358 0.232000 0.577358 0.246000 0.581132 0.274000 0.564151 0.294000 0.562264 0.302000 0.554717 0.316000 0.530189 0.324000 0.522642 0.330000 0.522642 0.348000 0.505660 0.362000 0.500000 0.402000 0.492453 0.468000 0.486792 0.468000 0.483019 0.460000 0.479245 0.414000 0.486792 0.336000 0.488679 0.320000 0.483019 0.304000 0.466038 0.290000 0.456604 0.278000 0.456604 0.270000 0.462264 0.264000 0.462264 0.248000 0.452830 0.228000 0.452830 0.212000 0.458491 0.194000 0.460377 0.172000 0.469811 0.142000 0.503774
0 0.534000 0.477358 0.534000 0.490566 0.542000 0.500000 0.544000 0.526415 0.556000 0.537736 0.566000 0.556604 0.568000 0.567925 0.572000 0.571698 0.590000 0.573585 0.606000 0.579245 0.632000 0.579245 0.648000 0.569811 0.656000 0.543396 0.646000 0.528302 0.636000 0.528302 0.630000 0.524528 0.628000 0.511321 0.614000 0.509434 0.608000 0.503774 0.604000 0.492453 0.578000 0.486792 0.564000 0.486792 0.562000 0.490566 0.552000 0.492453
0 0.572000 0.315094 0.558000 0.315094 0.544000 0.322642 0.536000 0.335849 0.522000 0.349057 0.526000 0.362264 0.520000 0.367925 0.516000 0.381132 0.516000 0.426415 0.522000 0.437736 0.522000 0.449057 0.550000 0.443396 0.554000 0.437736 0.562000 0.433962 0.570000 0.401887 0.580000 0.384906 0.582000 0.369811 0.590000 0.350943 0.586000 0.339623 0.586000 0.326415
0 0.360000 0.367925 0.368000 0.381132 0.368000 0.400000 0.380000 0.418868 0.386000 0.424528 0.398000 0.426415 0.414000 0.443396 0.424000 0.445283 0.432000 0.450943 0.462000 0.452830 0.474000 0.445283 0.490000 0.445283 0.518000 0.460377 0.506000 0.443396 0.490000 0.430189 0.482000 0.403774 0.468000 0.386792 0.458000 0.384906 0.446000 0.373585 0.436000 0.371698 0.430000 0.366038 0.430000 0.352830 0.424000 0.345283 0.402000 0.345283
0 0.520000 0.501887 0.510000 0.507547 0.484000 0.556604 0.458000 0.588679 0.440000 0.592453 0.428000 0.586792 0.416000 0.586792 0.406000 0.603774 0.392000 0.609434 0.380000 0.618868 0.396000 0.635849 0.390000 0.641509 0.380000 0.641509 0.366000 0.650943 0.362000 0.658491 0.364000 0.669811 0.356000 0.677358 0.350000 0.694340 0.352000 0.707547 0.356000 0.711321 0.358000 0.733962 0.362000 0.741509 0.378000 0.752830 0.398000 0.754717 0.414000 0.750943 0.434000 0.741509 0.458000 0.720755 0.462000 0.707547 0.472000 0.694340 0.468000 0.675472 0.478000 0.662264 0.484000 0.662264 0.490000 0.656604 0.490000 0.611321 0.480000 0.592453 0.484000 0.571698 0.498000 0.549057 0.506000 0.528302 0.520000 0.507547
0 0.758000 0.409434 0.752000 0.398113 0.740000 0.386792 0.722000 0.379245 0.668000 0.394340 0.656000 0.405660 0.654000 0.439623 0.644000 0.449057 0.620000 0.458491 0.600000 0.456604 0.592000 0.466038 0.622000 0.466038 0.644000 0.456604 0.656000 0.456604 0.666000 0.466038 0.684000 0.473585 0.714000 0.473585 0.736000 0.462264 0.752000 0.441509 0.758000 0.430189
0 0.290000 0.258491 0.274000 0.286792 0.278000 0.313208 0.288000 0.330189 0.318000 0.356604 0.336000 0.367925 0.358000 0.369811 0.360000 0.366038 0.398000 0.345283 0.412000 0.341509 0.408000 0.341509 0.404000 0.335849 0.404000 0.322642 0.410000 0.311321 0.396000 0.296226 0.360000 0.277358 0.334000 0.249057 0.328000 0.247170 0.320000 0.252830 0.302000 0.252830
0 0.770000 0.283019 0.762000 0.277358 0.742000 0.271698 0.734000 0.271698 0.728000 0.275472 0.712000 0.273585 0.706000 0.277358 0.692000 0.300000 0.656000 0.307547 0.648000 0.318868 0.648000 0.324528 0.654000 0.332075 0.652000 0.339623 0.622000 0.358491 0.626000 0.373585 0.622000 0.396226 0.574000 0.441509 0.586000 0.439623 0.634000 0.403774 0.646000 0.400000 0.658000 0.403774 0.668000 0.392453 0.720000 0.377358 0.722000 0.371698 0.744000 0.364151 0.760000 0.343396 0.766000 0.320755 0.772000 0.311321 0.774000 0.300000
0 0.326000 0.171698 0.316000 0.186792 0.316000 0.200000 0.320000 0.209434 0.322000 0.230189 0.330000 0.245283 0.360000 0.275472 0.396000 0.294340 0.412000 0.311321 0.420000 0.307547 0.434000 0.307547 0.446000 0.311321 0.458000 0.320755 0.476000 0.349057 0.476000 0.354717 0.482000 0.360377 0.488000 0.375472 0.494000 0.381132 0.496000 0.392453 0.508000 0.411321 0.514000 0.437736 0.520000 0.449057 0.520000 0.437736 0.514000 0.426415 0.514000 0.403774 0.508000 0.400000 0.494000 0.373585 0.494000 0.367925 0.472000 0.328302 0.466000 0.303774 0.480000 0.284906 0.472000 0.249057 0.458000 0.243396 0.454000 0.233962 0.428000 0.216981 0.396000 0.181132 0.382000 0.175472 0.376000 0.169811 0.366000 0.166038 0.342000 0.166038
0 0.666000 0.130189 0.648000 0.130189 0.616000 0.145283 0.606000 0.156604 0.598000 0.181132 0.582000 0.205660 0.588000 0.235849 0.586000 0.252830 0.592000 0.266038 0.604000 0.281132 0.602000 0.296226 0.606000 0.315094 0.600000 0.328302 0.600000 0.337736 0.592000 0.343396 0.590000 0.358491 0.584000 0.369811 0.584000 0.379245 0.572000 0.401887 0.564000 0.432075 0.572000 0.424528 0.578000 0.409434 0.578000 0.396226 0.606000 0.337736 0.624000 0.307547 0.648000 0.290566 0.670000 0.286792 0.680000 0.277358 0.680000 0.271698 0.700000 0.254717 0.704000 0.247170 0.702000 0.232075 0.708000 0.215094 0.708000 0.200000 0.690000 0.150943 0.672000 0.132075
0 0.898000 0.541509 0.896000 0.516981 0.886000 0.498113 0.878000 0.494340 0.872000 0.484906 0.862000 0.477358 0.852000 0.473585 0.832000 0.473585 0.818000 0.466038 0.796000 0.467925 0.786000 0.473585 0.766000 0.467925 0.742000 0.494340 0.728000 0.501887 0.662000 0.496226 0.654000 0.492453 0.628000 0.490566 0.590000 0.479245 0.574000 0.479245 0.564000 0.484906 0.608000 0.490566 0.618000 0.496226 0.638000 0.498113 0.668000 0.507547 0.692000 0.509434 0.710000 0.515094 0.726000 0.524528 0.734000 0.543396 0.740000 0.549057 0.744000 0.549057 0.764000 0.564151 0.778000 0.566038 0.794000 0.577358 0.820000 0.577358 0.840000 0.581132 0.864000 0.577358 0.884000 0.564151