0 0.482000 0.539623 0.482000 0.550943 0.488000 0.552830 0.486000 0.579245 0.504000 0.598113 0.514000 0.603774 0.546000 0.607547 0.554000 0.600000 0.570000 0.596226 0.584000 0.588679 0.588000 0.583019 0.584000 0.567925 0.574000 0.562264 0.546000 0.535849 0.534000 0.530189 0.524000 0.532075 0.500000 0.549057 0.496000 0.547170 0.492000 0.535849
0 0.476000 0.567925 0.460000 0.567925 0.456000 0.571698 0.446000 0.573585 0.434000 0.584906 0.440000 0.586792 0.438000 0.596226 0.446000 0.607547 0.468000 0.605660 0.480000 0.596226 0.482000 0.575472
0 0.476000 0.535849 0.464000 0.533962 0.446000 0.549057 0.446000 0.571698 0.456000 0.569811 0.460000 0.566038 0.478000 0.567925 0.478000 0.564151 0.484000 0.558491 0.486000 0.560377 0.486000 0.552830 0.480000 0.550943 0.482000 0.541509
0 0.614000 0.549057 0.574000 0.558491 0.586000 0.567925 0.590000 0.579245 0.588000 0.586792 0.576000 0.594340 0.588000 0.594340 0.592000 0.590566 0.604000 0.592453 0.624000 0.573585 0.626000 0.575472
0 0.516000 0.605660 0.528000 0.622642 0.574000 0.669811 0.600000 0.709434 0.598000 0.754717 0.604000 0.766038 0.620000 0.775472 0.628000 0.801887 0.636000 0.816981 0.646000 0.820755 0.654000 0.832075 0.676000 0.849057 0.690000 0.849057 0.714000 0.856604 0.740000 0.850943 0.756000 0.835849 0.760000 0.828302 0.760000 0.818868 0.764000 0.813208 0.762000 0.769811 0.754000 0.754717 0.734000 0.739623 0.732000 0.724528 0.714000 0.709434 0.694000 0.705660 0.678000 0.692453 0.662000 0.690566 0.656000 0.694340 0.648000 0.694340 0.638000 0.684906 0.612000 0.686792 0.604000 0.683019 0.554000 0.641509 0.524000 0.605660
0 0.444000 0.607547 0.438000 0.626415 0.428000 0.643396 0.408000 0.658491 0.392000 0.660377 0.382000 0.667925 0.380000 0.690566 0.360000 0.700000 0.352000 0.716981 0.352000 0.733962 0.358000 0.739623 0.358000 0.745283 0.350000 0.754717 0.348000 0.779245 0.358000 0.790566 0.358000 0.800000 0.380000 0.820755 0.398000 0.820755 0.406000 0.816981 0.420000 0.803774 0.422000 0.796226 0.434000 0.790566 0.440000 0.779245 0.442000 0.752830 0.454000 0.750943 0.460000 0.745283 0.468000 0.707547 0.468000 0.688679 0.462000 0.683019 0.460000 0.671698 0.454000 0.666038 0.442000 0.662264 0.438000 0.656604 0.438000 0.641509 0.450000 0.611321
0 0.472000 0.475472 0.456000 0.483019 0.456000 0.488679 0.450000 0.490566 0.446000 0.498113 0.446000 0.524528 0.452000 0.524528 0.470000 0.533962 0.476000 0.533962 0.478000 0.537736 0.484000 0.537736 0.492000 0.533962 0.500000 0.524528 0.504000 0.507547 0.498000 0.500000 0.496000 0.488679 0.482000 0.475472
0 0.372000 0.588679 0.368000 0.583019 0.364000 0.583019 0.320000 0.603774 0.300000 0.607547 0.294000 0.613208 0.264000 0.613208 0.240000 0.603774 0.230000 0.603774 0.216000 0.611321 0.196000 0.613208 0.170000 0.624528 0.148000 0.637736 0.136000 0.649057 0.122000 0.681132 0.122000 0.705660 0.130000 0.720755 0.146000 0.732075 0.182000 0.737736 0.198000 0.733962 0.224000 0.720755 0.246000 0.718868 0.258000 0.705660 0.262000 0.690566 0.276000 0.679245 0.280000 0.671698 0.280000 0.641509 0.284000 0.633962 0.294000 0.624528 0.314000 0.613208 0.330000 0.607547 0.340000 0.600000
0 0.508000 0.360377 0.492000 0.358491 0.470000 0.362264 0.456000 0.373585 0.448000 0.394340 0.446000 0.422642 0.450000 0.426415 0.452000 0.435849 0.472000 0.456604 0.474000 0.473585 0.482000 0.473585 0.492000 0.460377 0.502000 0.458491 0.516000 0.449057 0.528000 0.418868 0.524000 0.381132
0 0.768000 0.520755 0.756000 0.494340 0.726000 0.477358 0.698000 0.471698 0.656000 0.475472 0.642000 0.483019 0.626000 0.498113 0.620000 0.520755 0.608000 0.535849 0.602000 0.535849 0.598000 0.539623 0.564000 0.550943 0.576000 0.556604 0.614000 0.547170 0.628000 0.575472 0.640000 0.584906 0.664000 0.584906 0.682000 0.588679 0.732000 0.571698 0.768000 0.541509
0 0.438000 0.598113 0.434000 0.611321 0.418000 0.639623 0.420000 0.647170 0.416000 0.650943 0.426000 0.643396 0.436000 0.626415 0.444000 0.605660
0 0.696000 0.366038 0.690000 0.360377 0.684000 0.360377 0.664000 0.349057 0.630000 0.349057 0.622000 0.354717 0.618000 0.352830 0.604000 0.358491 0.590000 0.367925 0.574000 0.386792 0.558000 0.390566 0.548000 0.405660 0.548000 0.420755 0.544000 0.426415 0.544000 0.454717 0.540000 0.469811 0.522000 0.494340 0.504000 0.509434 0.504000 0.518868 0.558000 0.471698 0.618000 0.471698 0.624000 0.467925 0.626000 0.460377 0.632000 0.454717 0.650000 0.445283 0.658000 0.437736 0.676000 0.433962 0.682000 0.426415 0.686000 0.409434 0.696000 0.400000 0.700000 0.390566
0 0.424000 0.539623 0.430000 0.545283 0.444000 0.549057 0.464000 0.532075 0.452000 0.526415 0.432000 0.524528 0.426000 0.528302
0 0.204000 0.386792 0.196000 0.409434 0.198000 0.428302 0.212000 0.443396 0.212000 0.449057 0.224000 0.452830 0.232000 0.462264 0.240000 0.466038 0.256000 0.464151 0.272000 0.475472 0.290000 0.475472 0.312000 0.471698 0.328000 0.458491 0.356000 0.466038 0.364000 0.473585 0.386000 0.483019 0.400000 0.494340 0.430000 0.511321 0.444000 0.524528 0.444000 0.515094 0.430000 0.501887 0.428000 0.503774 0.414000 0.492453 0.398000 0.486792 0.366000 0.466038 0.362000 0.466038 0.344000 0.450943 0.340000 0.443396 0.342000 0.418868 0.338000 0.409434 0.334000 0.405660 0.320000 0.401887 0.298000 0.379245 0.272000 0.379245 0.256000 0.373585 0.240000 0.373585 0.210000 0.381132
0 0.350000 0.528302 0.326000 0.532075 0.320000 0.537736 0.312000 0.558491 0.314000 0.577358 0.332000 0.594340 0.368000 0.581132 0.366000 0.569811 0.378000 0.545283 0.370000 0.545283
0 0.348000 0.181132 0.330000 0.190566 0.320000 0.200000 0.308000 0.232075 0.306000 0.250943 0.312000 0.260377 0.320000 0.301887 0.338000 0.318868 0.350000 0.324528 0.352000 0.335849 0.364000 0.347170 0.408000 0.366038 0.420000 0.384906 0.430000 0.392453 0.428000 0.367925 0.430000 0.360377 0.440000 0.350943 0.440000 0.343396 0.434000 0.337736 0.434000 0.333962 0.446000 0.318868 0.452000 0.301887 0.448000 0.294340 0.450000 0.252830 0.436000 0.239623 0.432000 0.226415 0.416000 0.205660 0.392000 0.184906 0.376000 0.179245
0 0.444000 0.550943 0.430000 0.547170 0.420000 0.537736 0.384000 0.543396 0.378000 0.547170 0.368000 0.569811 0.370000 0.584906 0.374000 0.590566 0.394000 0.596226 0.402000 0.596226 0.430000 0.586792 0.444000 0.573585
0 0.368000 0.358491 0.360000 0.364151 0.354000 0.379245 0.344000 0.392453 0.346000 0.403774 0.358000 0.415094 0.356000 0.445283 0.368000 0.458491 0.370000 0.467925 0.402000 0.486792 0.398000 0.483019 0.406000 0.477358 0.412000 0.477358 0.444000 0.513208 0.444000 0.503774 0.428000 0.479245 0.430000 0.469811 0.444000 0.456604 0.438000 0.435849 0.438000 0.428302 0.444000 0.422642 0.444000 0.415094 0.430000 0.398113 0.430000 0.394340 0.418000 0.384906 0.408000 0.367925 0.378000 0.354717 0.374000 0.358491
0 0.068000 0.501887 0.068000 0.509434 0.076000 0.520755 0.088000 0.526415 0.104000 0.541509 0.116000 0.547170 0.134000 0.547170 0.138000 0.543396 0.144000 0.543396 0.152000 0.550943 0.198000 0.547170 0.204000 0.552830 0.220000 0.550943 0.236000 0.535849 0.250000 0.533962 0.264000 0.520755 0.282000 0.515094 0.358000 0.520755 0.374000 0.526415 0.398000 0.528302 0.404000 0.533962 0.422000 0.537736 0.424000 0.526415 0.400000 0.526415 0.386000 0.522642 0.378000 0.516981 0.354000 0.516981 0.348000 0.513208 0.322000 0.511321 0.276000 0.500000 0.258000 0.492453 0.246000 0.479245 0.242000 0.467925 0.232000 0.464151 0.224000 0.454717 0.212000 0.450943 0.208000 0.452830 0.202000 0.449057 0.176000 0.449057 0.160000 0.460377 0.118000 0.462264 0.106000 0.466038 0.078000 0.483019