0 0.554000 0.554717 0.554000 0.558491 0.562000 0.562264 0.586000 0.564151 0.600000 0.569811 0.608000 0.569811 0.620000 0.579245 0.622000 0.586792 0.632000 0.592453 0.678000 0.596226 0.726000 0.581132 0.748000 0.560377 0.754000 0.550943 0.754000 0.526415 0.746000 0.507547 0.740000 0.501887 0.724000 0.496226 0.710000 0.484906 0.652000 0.483019 0.642000 0.484906 0.630000 0.494340 0.626000 0.494340 0.618000 0.507547 0.612000 0.532075 0.600000 0.547170 0.578000 0.552830
0 0.390000 0.586792 0.382000 0.579245 0.354000 0.594340 0.344000 0.596226 0.328000 0.609434 0.308000 0.615094 0.294000 0.622642 0.276000 0.622642 0.242000 0.615094 0.232000 0.622642 0.222000 0.622642 0.194000 0.633962 0.166000 0.656604 0.154000 0.673585 0.148000 0.698113 0.148000 0.713208 0.160000 0.737736 0.180000 0.752830 0.218000 0.752830 0.238000 0.745283 0.252000 0.732075 0.268000 0.730189 0.280000 0.724528 0.286000 0.713208 0.288000 0.696226 0.300000 0.681132 0.300000 0.664151 0.296000 0.654717 0.300000 0.639623 0.338000 0.609434 0.370000 0.592453
0 0.510000 0.530189 0.502000 0.537736 0.488000 0.539623 0.478000 0.547170 0.486000 0.577358 0.506000 0.594340 0.518000 0.596226 0.542000 0.584906 0.548000 0.575472 0.556000 0.569811 0.556000 0.562264 0.550000 0.552830 0.536000 0.547170 0.516000 0.530189
0 0.460000 0.598113 0.446000 0.596226 0.446000 0.605660 0.440000 0.618868 0.434000 0.624528 0.430000 0.641509 0.412000 0.652830 0.400000 0.654717 0.390000 0.671698 0.370000 0.690566 0.364000 0.720755 0.370000 0.726415 0.370000 0.732075 0.364000 0.737736 0.360000 0.760377 0.380000 0.792453 0.392000 0.800000 0.412000 0.798113 0.428000 0.783019 0.430000 0.777358 0.444000 0.767925 0.450000 0.756604 0.448000 0.741509 0.464000 0.730189 0.470000 0.715094 0.470000 0.690566 0.462000 0.673585 0.462000 0.666038 0.450000 0.660377 0.442000 0.649057 0.442000 0.637736 0.448000 0.626415 0.450000 0.611321
0 0.496000 0.358491 0.484000 0.358491 0.462000 0.369811 0.450000 0.386792 0.446000 0.405660 0.450000 0.432075 0.454000 0.439623 0.470000 0.452830 0.474000 0.462264 0.474000 0.479245 0.470000 0.484906 0.480000 0.492453 0.480000 0.479245 0.488000 0.466038 0.494000 0.460377 0.504000 0.458491 0.518000 0.449057 0.528000 0.415094 0.524000 0.384906 0.518000 0.371698
0 0.204000 0.403774 0.202000 0.430189 0.218000 0.449057 0.218000 0.452830 0.228000 0.456604 0.236000 0.464151 0.254000 0.466038 0.272000 0.475472 0.306000 0.475472 0.316000 0.471698 0.328000 0.460377 0.338000 0.460377 0.356000 0.466038 0.356000 0.458491 0.340000 0.445283 0.344000 0.418868 0.332000 0.405660 0.322000 0.403774 0.306000 0.384906 0.298000 0.381132 0.258000 0.377358 0.222000 0.381132 0.216000 0.384906
0 0.398000 0.543396 0.370000 0.545283 0.352000 0.530189 0.326000 0.535849 0.316000 0.556604 0.316000 0.575472 0.320000 0.584906 0.332000 0.594340 0.342000 0.596226 0.366000 0.586792 0.374000 0.556604
0 0.558000 0.562264 0.558000 0.569811 0.564000 0.575472 0.566000 0.586792 0.578000 0.596226 0.586000 0.596226 0.596000 0.590566 0.610000 0.590566 0.620000 0.584906 0.618000 0.579245 0.608000 0.571698
0 0.458000 0.484906 0.456000 0.488679 0.452000 0.488679 0.448000 0.503774 0.448000 0.524528 0.464000 0.541509 0.482000 0.543396 0.486000 0.541509 0.490000 0.532075 0.490000 0.503774 0.486000 0.496226 0.468000 0.484906
0 0.364000 0.392453 0.358000 0.396226 0.354000 0.409434 0.346000 0.418868 0.344000 0.437736 0.352000 0.437736 0.360000 0.443396 0.358000 0.469811 0.384000 0.488679 0.392000 0.498113 0.416000 0.500000 0.446000 0.520755 0.446000 0.505660 0.438000 0.501887 0.438000 0.488679 0.444000 0.483019 0.436000 0.458491 0.430000 0.454717 0.430000 0.450943 0.436000 0.447170 0.436000 0.437736 0.406000 0.416981 0.404000 0.403774 0.396000 0.396226 0.382000 0.392453
0 0.442000 0.590566 0.428000 0.613208 0.424000 0.635849 0.418000 0.647170 0.428000 0.641509 0.432000 0.624528 0.440000 0.609434 0.438000 0.605660 0.444000 0.601887
0 0.406000 0.535849 0.406000 0.541509 0.384000 0.554717 0.384000 0.558491 0.378000 0.564151 0.378000 0.573585 0.388000 0.584906 0.400000 0.588679 0.428000 0.586792 0.436000 0.581132 0.438000 0.562264 0.442000 0.554717 0.426000 0.537736
0 0.326000 0.205660 0.302000 0.228302 0.294000 0.260377 0.296000 0.277358 0.306000 0.296226 0.306000 0.311321 0.310000 0.320755 0.344000 0.345283 0.344000 0.352830 0.350000 0.358491 0.368000 0.362264 0.394000 0.375472 0.410000 0.394340 0.422000 0.415094 0.418000 0.422642 0.438000 0.437736 0.438000 0.447170 0.434000 0.449057 0.438000 0.452830 0.436000 0.456604 0.446000 0.481132 0.452000 0.486792 0.456000 0.486792 0.456000 0.483019 0.450000 0.477358 0.444000 0.452830 0.440000 0.449057 0.424000 0.392453 0.424000 0.371698 0.432000 0.362264 0.432000 0.354717 0.426000 0.349057 0.426000 0.341509 0.434000 0.333962 0.440000 0.318868 0.438000 0.307547 0.434000 0.303774 0.434000 0.267925 0.418000 0.249057 0.406000 0.224528 0.396000 0.215094 0.384000 0.211321 0.368000 0.200000 0.350000 0.200000
0 0.082000 0.507547 0.082000 0.516981 0.088000 0.528302 0.098000 0.532075 0.108000 0.541509 0.130000 0.550943 0.150000 0.549057 0.158000 0.556604 0.174000 0.556604 0.198000 0.547170 0.206000 0.554717 0.218000 0.556604 0.226000 0.552830 0.242000 0.535849 0.254000 0.535849 0.270000 0.522642 0.280000 0.518868 0.338000 0.522642 0.344000 0.528302 0.354000 0.530189 0.376000 0.528302 0.428000 0.537736 0.426000 0.533962 0.410000 0.532075 0.382000 0.522642 0.342000 0.518868 0.288000 0.507547 0.266000 0.498113 0.248000 0.481132 0.248000 0.467925 0.236000 0.466038 0.220000 0.454717 0.194000 0.454717 0.168000 0.469811 0.152000 0.469811 0.146000 0.473585 0.124000 0.475472 0.100000 0.490566
0 0.462000 0.539623 0.450000 0.545283 0.440000 0.562264 0.438000 0.581132 0.442000 0.583019 0.444000 0.592453 0.450000 0.596226 0.468000 0.596226 0.484000 0.581132 0.476000 0.545283 0.468000 0.545283
0 0.486000 0.579245 0.484000 0.584906 0.494000 0.588679 0.510000 0.603774 0.510000 0.607547 0.544000 0.647170 0.544000 0.650943 0.558000 0.664151 0.584000 0.700000 0.588000 0.709434 0.588000 0.762264 0.606000 0.777358 0.618000 0.813208 0.626000 0.820755 0.634000 0.822642 0.640000 0.833962 0.662000 0.850943 0.686000 0.854717 0.708000 0.854717 0.732000 0.833962 0.744000 0.809434 0.744000 0.790566 0.738000 0.762264 0.732000 0.752830 0.714000 0.737736 0.712000 0.720755 0.704000 0.713208 0.680000 0.709434 0.668000 0.696226 0.646000 0.696226 0.636000 0.700000 0.628000 0.692453 0.606000 0.690566 0.592000 0.684906 0.568000 0.666038 0.518000 0.609434 0.516000 0.598113 0.506000 0.596226
0 0.448000 0.526415 0.430000 0.535849 0.430000 0.539623 0.442000 0.552830 0.452000 0.541509 0.460000 0.539623
0 0.722000 0.400000 0.688000 0.379245 0.650000 0.377358 0.644000 0.381132 0.622000 0.381132 0.608000 0.388679 0.594000 0.405660 0.574000 0.407547 0.568000 0.413208 0.562000 0.426415 0.562000 0.437736 0.554000 0.450943 0.556000 0.469811 0.550000 0.481132 0.526000 0.503774 0.518000 0.505660 0.492000 0.526415 0.490000 0.537736 0.516000 0.515094 0.520000 0.515094 0.534000 0.503774 0.566000 0.486792 0.580000 0.486792 0.588000 0.492453 0.598000 0.488679 0.630000 0.492453 0.640000 0.484906 0.640000 0.481132 0.646000 0.475472 0.656000 0.473585 0.678000 0.460377 0.700000 0.458491 0.708000 0.450943 0.708000 0.445283 0.716000 0.437736 0.726000 0.420755 0.726000 0.407547