0 0.464000 0.622642 0.468000 0.647170 0.480000 0.669811 0.478000 0.701887 0.484000 0.718868 0.484000 0.732075 0.494000 0.750943 0.494000 0.769811 0.490000 0.781132 0.476000 0.798113 0.478000 0.820755 0.474000 0.828302 0.474000 0.847170 0.492000 0.881132 0.514000 0.901887 0.524000 0.907547 0.556000 0.907547 0.570000 0.900000 0.588000 0.864151 0.588000 0.835849 0.582000 0.824528 0.582000 0.807547 0.578000 0.800000 0.566000 0.788679 0.556000 0.786792 0.544000 0.771698 0.524000 0.771698 0.508000 0.766038 0.500000 0.752830 0.500000 0.743396 0.492000 0.728302 0.478000 0.645283
0 0.478000 0.577358 0.474000 0.577358 0.472000 0.581132 0.464000 0.581132 0.466000 0.603774 0.486000 0.596226 0.486000 0.584906
0 0.418000 0.624528 0.394000 0.633962 0.366000 0.650943 0.346000 0.671698 0.336000 0.675472 0.324000 0.688679 0.288000 0.686792 0.284000 0.694340 0.264000 0.709434 0.260000 0.720755 0.236000 0.741509 0.234000 0.781132 0.240000 0.798113 0.264000 0.813208 0.278000 0.813208 0.284000 0.809434 0.296000 0.809434 0.330000 0.784906 0.338000 0.769811 0.348000 0.760377 0.356000 0.732075 0.356000 0.716981 0.338000 0.696226 0.340000 0.683019 0.350000 0.677358 0.370000 0.656604 0.418000 0.632075
0 0.470000 0.603774 0.466000 0.611321 0.466000 0.622642 0.482000 0.641509 0.498000 0.643396 0.508000 0.632075 0.508000 0.622642 0.486000 0.607547 0.492000 0.600000 0.490000 0.598113
0 0.738000 0.424528 0.722000 0.413208 0.696000 0.413208 0.682000 0.409434 0.630000 0.433962 0.616000 0.449057 0.610000 0.460377 0.600000 0.467925 0.600000 0.483019 0.608000 0.500000 0.606000 0.515094 0.564000 0.554717 0.556000 0.558491 0.566000 0.562264 0.578000 0.547170 0.584000 0.545283 0.612000 0.522642 0.632000 0.520755 0.650000 0.532075 0.680000 0.528302 0.694000 0.522642 0.708000 0.507547 0.726000 0.496226 0.726000 0.490566 0.738000 0.475472 0.746000 0.447170
0 0.510000 0.630189 0.514000 0.637736 0.524000 0.641509 0.540000 0.654717 0.544000 0.662264 0.540000 0.669811 0.542000 0.686792 0.554000 0.698113 0.568000 0.705660 0.566000 0.677358 0.562000 0.664151 0.552000 0.660377
0 0.462000 0.628302 0.454000 0.630189 0.456000 0.637736 0.452000 0.647170 0.444000 0.647170 0.434000 0.652830 0.426000 0.667925 0.430000 0.667925 0.428000 0.677358 0.420000 0.681132 0.408000 0.696226 0.408000 0.705660 0.414000 0.718868 0.426000 0.728302 0.448000 0.726415 0.458000 0.720755 0.466000 0.711321 0.468000 0.694340 0.478000 0.683019 0.476000 0.662264 0.466000 0.647170
0 0.448000 0.633962 0.436000 0.637736 0.430000 0.643396 0.416000 0.671698 0.396000 0.700000 0.392000 0.716981 0.388000 0.720755 0.358000 0.724528 0.350000 0.760377 0.332000 0.781132 0.340000 0.805660 0.354000 0.818868 0.380000 0.818868 0.392000 0.809434 0.396000 0.809434 0.408000 0.794340 0.414000 0.767925 0.414000 0.752830 0.410000 0.743396 0.398000 0.732075 0.396000 0.722642 0.402000 0.713208 0.402000 0.705660 0.406000 0.703774 0.408000 0.692453 0.424000 0.673585 0.426000 0.662264 0.432000 0.652830 0.442000 0.647170 0.438000 0.643396
0 0.510000 0.624528 0.512000 0.630189 0.564000 0.664151 0.568000 0.677358 0.568000 0.700000 0.574000 0.713208 0.574000 0.726415 0.590000 0.741509 0.612000 0.749057 0.634000 0.747170 0.658000 0.728302 0.658000 0.709434 0.652000 0.698113 0.652000 0.681132 0.642000 0.673585 0.640000 0.664151 0.636000 0.660377 0.618000 0.658491 0.608000 0.650943 0.566000 0.652830 0.532000 0.639623
0 0.342000 0.432075 0.332000 0.447170 0.336000 0.479245 0.342000 0.484906 0.350000 0.484906 0.356000 0.490566 0.358000 0.511321 0.370000 0.524528 0.382000 0.524528 0.388000 0.533962 0.424000 0.543396 0.434000 0.554717 0.442000 0.573585 0.454000 0.584906 0.458000 0.577358 0.456000 0.579245 0.452000 0.575472 0.446000 0.560377 0.432000 0.539623 0.432000 0.533962 0.444000 0.524528 0.448000 0.516981 0.444000 0.496226 0.446000 0.486792 0.438000 0.466038 0.416000 0.447170 0.402000 0.443396 0.376000 0.428302 0.350000 0.428302
0 0.400000 0.390566 0.378000 0.407547 0.378000 0.420755 0.372000 0.426415 0.402000 0.441509 0.416000 0.445283 0.422000 0.452830 0.428000 0.454717 0.444000 0.471698 0.448000 0.490566 0.456000 0.477358 0.456000 0.467925 0.464000 0.456604 0.464000 0.445283 0.456000 0.416981 0.440000 0.398113 0.424000 0.390566
0 0.340000 0.611321 0.350000 0.616981 0.348000 0.626415 0.360000 0.632075 0.380000 0.628302 0.396000 0.616981 0.412000 0.616981 0.412000 0.609434 0.400000 0.609434 0.396000 0.605660 0.394000 0.596226 0.388000 0.590566 0.368000 0.590566 0.354000 0.594340
0 0.568000 0.579245 0.560000 0.562264 0.554000 0.558491 0.544000 0.558491 0.536000 0.562264 0.524000 0.560377 0.492000 0.581132 0.488000 0.586792 0.488000 0.596226 0.516000 0.611321 0.532000 0.609434 0.544000 0.601887 0.558000 0.600000 0.566000 0.590566
0 0.554000 0.492453 0.544000 0.488679 0.528000 0.490566 0.514000 0.505660 0.512000 0.526415 0.520000 0.537736 0.490000 0.569811 0.484000 0.583019 0.488000 0.584906 0.494000 0.573585 0.526000 0.543396 0.544000 0.545283 0.564000 0.533962 0.564000 0.507547
0 0.142000 0.501887 0.138000 0.530189 0.156000 0.550943 0.174000 0.564151 0.190000 0.569811 0.208000 0.571698 0.216000 0.575472 0.246000 0.575472 0.262000 0.567925 0.270000 0.560377 0.284000 0.558491 0.294000 0.541509 0.300000 0.537736 0.308000 0.537736 0.400000 0.571698 0.438000 0.590566 0.448000 0.590566 0.452000 0.586792 0.434000 0.562264 0.422000 0.573585 0.418000 0.573585 0.402000 0.564151 0.396000 0.564151 0.372000 0.552830 0.366000 0.554717 0.316000 0.533962 0.302000 0.520755 0.296000 0.494340 0.288000 0.486792 0.278000 0.484906 0.266000 0.475472 0.244000 0.466038 0.200000 0.466038 0.152000 0.488679
0 0.462000 0.583019 0.458000 0.583019 0.448000 0.592453 0.428000 0.594340 0.416000 0.603774 0.414000 0.616981 0.420000 0.624528 0.420000 0.632075 0.426000 0.637736 0.434000 0.637736 0.462000 0.626415 0.466000 0.609434 0.462000 0.600000
0 0.608000 0.305660 0.588000 0.301887 0.562000 0.311321 0.540000 0.332075 0.528000 0.337736 0.522000 0.366038 0.514000 0.375472 0.510000 0.386792 0.510000 0.394340 0.516000 0.405660 0.512000 0.422642 0.524000 0.439623 0.526000 0.447170 0.524000 0.467925 0.508000 0.505660 0.488000 0.539623 0.484000 0.558491 0.476000 0.573585 0.482000 0.579245 0.488000 0.571698 0.498000 0.535849 0.510000 0.522642 0.510000 0.509434 0.520000 0.496226 0.520000 0.486792 0.538000 0.456604 0.554000 0.445283 0.582000 0.441509 0.594000 0.428302 0.608000 0.422642 0.616000 0.403774 0.630000 0.388679 0.632000 0.371698 0.628000 0.366038 0.628000 0.324528