0 0.524000 0.507547 0.524000 0.511321 0.532000 0.518868 0.532000 0.528302 0.542000 0.533962 0.546000 0.543396 0.578000 0.549057 0.586000 0.541509 0.592000 0.518868 0.584000 0.503774 0.566000 0.488679 0.558000 0.488679 0.534000 0.505660
0 0.596000 0.567925 0.596000 0.571698 0.612000 0.590566 0.656000 0.620755 0.670000 0.620755 0.672000 0.609434 0.668000 0.600000 0.668000 0.586792 0.664000 0.579245 0.640000 0.558491 0.626000 0.556604
0 0.488000 0.352830 0.484000 0.356604 0.484000 0.367925 0.474000 0.379245 0.474000 0.388679 0.480000 0.396226 0.480000 0.433962 0.506000 0.452830 0.530000 0.460377 0.536000 0.449057 0.530000 0.441509 0.528000 0.354717 0.516000 0.354717 0.510000 0.360377 0.502000 0.360377
0 0.718000 0.360377 0.698000 0.354717 0.678000 0.354717 0.658000 0.362264 0.644000 0.373585 0.634000 0.377358 0.622000 0.373585 0.618000 0.377358 0.604000 0.379245 0.600000 0.383019 0.598000 0.396226 0.586000 0.403774 0.578000 0.416981 0.576000 0.443396 0.566000 0.449057 0.554000 0.464151 0.562000 0.469811 0.566000 0.462264 0.576000 0.462264 0.588000 0.456604 0.602000 0.462264 0.630000 0.458491 0.640000 0.449057 0.656000 0.447170 0.664000 0.439623 0.666000 0.428302 0.670000 0.424528 0.694000 0.426415 0.706000 0.420755 0.708000 0.403774 0.718000 0.386792
0 0.472000 0.443396 0.464000 0.450943 0.464000 0.456604 0.460000 0.460377 0.460000 0.471698 0.450000 0.479245 0.448000 0.490566 0.460000 0.505660 0.480000 0.507547 0.494000 0.503774 0.498000 0.509434 0.504000 0.500000 0.514000 0.496226 0.512000 0.483019 0.520000 0.467925 0.492000 0.460377 0.476000 0.443396
0 0.536000 0.454717 0.518000 0.473585 0.514000 0.483019 0.514000 0.494340 0.524000 0.505660 0.534000 0.503774 0.560000 0.484906 0.560000 0.471698 0.546000 0.458491 0.540000 0.458491
0 0.738000 0.279245 0.724000 0.266038 0.704000 0.256604 0.664000 0.264151 0.642000 0.277358 0.634000 0.288679 0.632000 0.301887 0.626000 0.307547 0.618000 0.326415 0.618000 0.337736 0.628000 0.354717 0.628000 0.369811 0.624000 0.373585 0.634000 0.375472 0.644000 0.371698 0.658000 0.360377 0.678000 0.352830 0.698000 0.352830 0.718000 0.358491 0.726000 0.349057 0.730000 0.335849 0.738000 0.328302 0.744000 0.313208 0.742000 0.288679
0 0.562000 0.549057 0.576000 0.562264 0.582000 0.577358 0.592000 0.590566 0.612000 0.609434 0.622000 0.630189 0.636000 0.649057 0.636000 0.669811 0.632000 0.686792 0.648000 0.698113 0.646000 0.715094 0.652000 0.728302 0.660000 0.735849 0.670000 0.737736 0.684000 0.756604 0.708000 0.764151 0.716000 0.779245 0.736000 0.792453 0.756000 0.794340 0.762000 0.798113 0.788000 0.798113 0.796000 0.794340 0.814000 0.773585 0.820000 0.743396 0.810000 0.728302 0.810000 0.716981 0.804000 0.701887 0.780000 0.681132 0.776000 0.667925 0.762000 0.654717 0.740000 0.649057 0.736000 0.645283 0.736000 0.635849 0.728000 0.632075 0.702000 0.632075 0.692000 0.624528 0.652000 0.620755 0.612000 0.592453 0.594000 0.569811 0.576000 0.554717 0.576000 0.550943
0 0.514000 0.498113 0.504000 0.501887 0.496000 0.518868 0.474000 0.520755 0.460000 0.535849 0.458000 0.547170 0.452000 0.552830 0.444000 0.554717 0.442000 0.566038 0.428000 0.577358 0.416000 0.581132 0.410000 0.588679 0.406000 0.603774 0.426000 0.622642 0.428000 0.630189 0.434000 0.635849 0.454000 0.637736 0.460000 0.633962 0.474000 0.632075 0.486000 0.620755 0.502000 0.613208 0.512000 0.596226 0.512000 0.575472 0.520000 0.564151 0.520000 0.547170 0.514000 0.528302 0.518000 0.518868 0.516000 0.515094 0.522000 0.511321 0.522000 0.505660
0 0.938000 0.413208 0.936000 0.407547 0.918000 0.394340 0.884000 0.383019 0.862000 0.383019 0.856000 0.386792 0.844000 0.386792 0.824000 0.394340 0.810000 0.394340 0.784000 0.405660 0.770000 0.418868 0.758000 0.420755 0.740000 0.447170 0.730000 0.449057 0.718000 0.460377 0.706000 0.466038 0.682000 0.469811 0.676000 0.473585 0.672000 0.471698 0.654000 0.477358 0.600000 0.481132 0.592000 0.473585 0.584000 0.473585 0.570000 0.484906 0.562000 0.481132 0.560000 0.486792 0.566000 0.486792 0.584000 0.501887 0.600000 0.488679 0.642000 0.486792 0.672000 0.479245 0.710000 0.475472 0.726000 0.479245 0.762000 0.501887 0.770000 0.501887 0.786000 0.511321 0.802000 0.511321 0.808000 0.515094 0.834000 0.513208 0.890000 0.488679 0.910000 0.473585 0.924000 0.456604 0.938000 0.430189
0 0.308000 0.507547 0.310000 0.515094 0.318000 0.522642 0.326000 0.537736 0.340000 0.541509 0.360000 0.539623 0.370000 0.535849 0.388000 0.522642 0.394000 0.515094 0.396000 0.498113 0.408000 0.484906 0.424000 0.483019 0.440000 0.484906 0.446000 0.488679 0.448000 0.479245 0.424000 0.475472 0.400000 0.477358 0.388000 0.471698 0.384000 0.464151 0.328000 0.464151 0.310000 0.484906
0 0.218000 0.371698 0.222000 0.398113 0.244000 0.428302 0.272000 0.437736 0.280000 0.449057 0.302000 0.458491 0.322000 0.458491 0.326000 0.462264 0.380000 0.464151 0.400000 0.447170 0.426000 0.450943 0.438000 0.456604 0.448000 0.456604 0.458000 0.464151 0.462000 0.456604 0.434000 0.445283 0.406000 0.418868 0.404000 0.392453 0.392000 0.390566 0.382000 0.381132 0.358000 0.377358 0.354000 0.371698 0.354000 0.358491 0.336000 0.343396 0.306000 0.343396 0.282000 0.335849 0.266000 0.335849 0.262000 0.341509 0.246000 0.343396 0.232000 0.350943
0 0.474000 0.509434 0.462000 0.507547 0.458000 0.511321 0.444000 0.515094 0.436000 0.522642 0.364000 0.560377 0.324000 0.575472 0.288000 0.569811 0.282000 0.575472 0.252000 0.573585 0.238000 0.577358 0.230000 0.583019 0.208000 0.586792 0.180000 0.609434 0.162000 0.616981 0.144000 0.639623 0.136000 0.658491 0.136000 0.681132 0.148000 0.705660 0.162000 0.718868 0.200000 0.726415 0.220000 0.726415 0.244000 0.716981 0.260000 0.701887 0.272000 0.698113 0.290000 0.683019 0.294000 0.675472 0.294000 0.662264 0.300000 0.654717 0.310000 0.654717 0.316000 0.650943 0.320000 0.643396 0.320000 0.633962 0.330000 0.622642 0.330000 0.603774 0.336000 0.590566 0.342000 0.584906 0.346000 0.584906 0.364000 0.567925 0.390000 0.554717 0.398000 0.547170 0.418000 0.539623 0.436000 0.526415 0.446000 0.524528
0 0.524000 0.081132 0.508000 0.088679 0.498000 0.098113 0.492000 0.109434 0.472000 0.128302 0.466000 0.169811 0.468000 0.196226 0.476000 0.213208 0.476000 0.220755 0.486000 0.232075 0.486000 0.237736 0.480000 0.243396 0.480000 0.252830 0.498000 0.267925 0.498000 0.273585 0.522000 0.290566 0.530000 0.307547 0.532000 0.441509 0.536000 0.447170 0.540000 0.437736 0.540000 0.418868 0.536000 0.413208 0.540000 0.409434 0.540000 0.379245 0.536000 0.362264 0.540000 0.349057 0.538000 0.324528 0.546000 0.294340 0.564000 0.277358 0.570000 0.275472 0.572000 0.258491 0.592000 0.239623 0.588000 0.220755 0.594000 0.213208 0.598000 0.198113 0.598000 0.181132 0.592000 0.137736 0.582000 0.118868 0.574000 0.111321 0.572000 0.103774 0.546000 0.083019
0 0.514000 0.588679 0.514000 0.596226 0.504000 0.611321 0.506000 0.630189 0.502000 0.660377 0.478000 0.684906 0.466000 0.730189 0.472000 0.754717 0.484000 0.777358 0.494000 0.786792 0.522000 0.800000 0.530000 0.800000 0.538000 0.805660 0.544000 0.805660 0.556000 0.796226 0.570000 0.792453 0.574000 0.786792 0.584000 0.750943 0.582000 0.737736 0.578000 0.732075 0.582000 0.709434 0.574000 0.696226 0.564000 0.688679 0.560000 0.677358 0.544000 0.667925 0.528000 0.664151 0.518000 0.649057 0.512000 0.624528
0 0.246000 0.239623 0.234000 0.264151 0.234000 0.273585 0.242000 0.283019 0.242000 0.296226 0.266000 0.333962 0.282000 0.333962 0.306000 0.341509 0.348000 0.339623 0.352000 0.343396 0.376000 0.345283 0.398000 0.358491 0.424000 0.383019 0.428000 0.390566 0.438000 0.398113 0.442000 0.405660 0.492000 0.458491 0.512000 0.462264 0.522000 0.467925 0.526000 0.464151 0.526000 0.460377 0.518000 0.460377 0.488000 0.443396 0.434000 0.386792 0.420000 0.366038 0.400000 0.349057 0.392000 0.332075 0.378000 0.315094 0.382000 0.267925 0.348000 0.230189 0.332000 0.228302 0.304000 0.218868 0.290000 0.218868 0.276000 0.224528 0.266000 0.224528
0 0.442000 0.554717 0.422000 0.550943 0.406000 0.571698 0.406000 0.598113 0.406000 0.592453 0.414000 0.581132 0.428000 0.575472 0.440000 0.566038