0 0.550000 0.313208 0.530000 0.326415 0.524000 0.349057 0.534000 0.343396 0.548000 0.343396 0.556000 0.347170 0.570000 0.364151 0.580000 0.339623 0.576000 0.335849 0.576000 0.328302 0.558000 0.313208
0 0.512000 0.492453 0.512000 0.522642 0.520000 0.549057 0.522000 0.567925 0.504000 0.590566 0.502000 0.611321 0.516000 0.630189 0.530000 0.635849 0.546000 0.637736 0.560000 0.630189 0.570000 0.607547 0.570000 0.588679 0.554000 0.571698 0.540000 0.571698 0.530000 0.562264 0.520000 0.520755 0.522000 0.492453
0 0.474000 0.501887 0.468000 0.501887 0.454000 0.513208 0.440000 0.518868 0.432000 0.526415 0.414000 0.535849 0.406000 0.535849 0.376000 0.526415 0.352000 0.539623 0.342000 0.550943 0.334000 0.569811 0.334000 0.596226 0.338000 0.605660 0.356000 0.616981 0.376000 0.616981 0.394000 0.598113 0.408000 0.592453 0.412000 0.584906 0.418000 0.584906 0.420000 0.577358 0.426000 0.573585 0.426000 0.539623 0.444000 0.524528 0.458000 0.518868 0.474000 0.505660
0 0.580000 0.450943 0.572000 0.445283 0.552000 0.449057 0.532000 0.447170 0.520000 0.450943 0.510000 0.460377 0.520000 0.473585 0.524000 0.488679 0.538000 0.484906 0.564000 0.484906 0.562000 0.471698 0.574000 0.469811 0.576000 0.462264 0.582000 0.456604
0 0.578000 0.586792 0.580000 0.592453 0.608000 0.618868 0.616000 0.630189 0.616000 0.641509 0.602000 0.673585 0.620000 0.713208 0.660000 0.741509 0.680000 0.749057 0.712000 0.750943 0.736000 0.739623 0.750000 0.718868 0.750000 0.692453 0.746000 0.675472 0.726000 0.649057 0.724000 0.637736 0.710000 0.624528 0.686000 0.615094 0.668000 0.601887 0.640000 0.615094 0.626000 0.615094 0.598000 0.598113 0.590000 0.590566 0.590000 0.586792
0 0.456000 0.467925 0.456000 0.477358 0.460000 0.477358 0.468000 0.484906 0.470000 0.500000 0.490000 0.501887 0.502000 0.496226 0.510000 0.496226 0.512000 0.490566 0.522000 0.490566 0.518000 0.473585 0.508000 0.458491 0.492000 0.460377 0.488000 0.464151 0.484000 0.464151 0.478000 0.458491 0.468000 0.458491
0 0.140000 0.530189 0.148000 0.550943 0.156000 0.560377 0.192000 0.575472 0.224000 0.573585 0.234000 0.577358 0.246000 0.577358 0.272000 0.558491 0.288000 0.558491 0.300000 0.547170 0.308000 0.530189 0.348000 0.501887 0.374000 0.498113 0.386000 0.492453 0.442000 0.486792 0.460000 0.481132 0.452000 0.477358 0.416000 0.484906 0.350000 0.488679 0.318000 0.483019 0.284000 0.454717 0.270000 0.454717 0.260000 0.460377 0.244000 0.452830 0.226000 0.450943 0.176000 0.466038 0.162000 0.477358 0.142000 0.503774
0 0.524000 0.490566 0.542000 0.543396 0.556000 0.564151 0.554000 0.569811 0.564000 0.577358 0.570000 0.586792 0.600000 0.583019 0.610000 0.588679 0.626000 0.588679 0.636000 0.579245 0.640000 0.566038 0.640000 0.550943 0.636000 0.541509 0.632000 0.537736 0.622000 0.537736 0.612000 0.530189 0.612000 0.518868 0.606000 0.511321 0.590000 0.501887 0.586000 0.496226 0.564000 0.486792 0.538000 0.486792
0 0.548000 0.345283 0.528000 0.347170 0.514000 0.362264 0.516000 0.371698 0.506000 0.388679 0.510000 0.411321 0.508000 0.435849 0.512000 0.454717 0.524000 0.447170 0.542000 0.445283 0.554000 0.433962 0.554000 0.424528 0.564000 0.409434 0.564000 0.390566 0.570000 0.366038 0.566000 0.364151 0.562000 0.354717
0 0.352000 0.371698 0.356000 0.375472 0.354000 0.390566 0.366000 0.422642 0.376000 0.433962 0.392000 0.439623 0.408000 0.452830 0.422000 0.452830 0.428000 0.456604 0.456000 0.456604 0.462000 0.450943 0.476000 0.447170 0.488000 0.450943 0.494000 0.458491 0.508000 0.456604 0.482000 0.432075 0.474000 0.418868 0.472000 0.407547 0.458000 0.392453 0.452000 0.392453 0.432000 0.375472 0.428000 0.375472 0.408000 0.352830 0.394000 0.362264 0.378000 0.362264 0.372000 0.366038 0.364000 0.366038 0.358000 0.371698
0 0.510000 0.498113 0.492000 0.501887 0.496000 0.505660 0.492000 0.520755 0.458000 0.575472 0.442000 0.586792 0.424000 0.586792 0.420000 0.583019 0.418000 0.586792 0.412000 0.586792 0.408000 0.594340 0.394000 0.600000 0.378000 0.616981 0.388000 0.630189 0.384000 0.633962 0.366000 0.637736 0.358000 0.645283 0.358000 0.664151 0.346000 0.686792 0.346000 0.700000 0.352000 0.709434 0.354000 0.733962 0.366000 0.745283 0.374000 0.749057 0.402000 0.747170 0.426000 0.733962 0.450000 0.713208 0.456000 0.696226 0.464000 0.688679 0.458000 0.669811 0.466000 0.656604 0.476000 0.654717 0.480000 0.650943 0.482000 0.643396 0.478000 0.628302 0.482000 0.611321 0.472000 0.594340 0.474000 0.566038
0 0.744000 0.403774 0.732000 0.386792 0.726000 0.383019 0.674000 0.416981 0.662000 0.420755 0.644000 0.418868 0.642000 0.439623 0.634000 0.447170 0.606000 0.458491 0.582000 0.458491 0.576000 0.469811 0.608000 0.466038 0.628000 0.456604 0.648000 0.456604 0.656000 0.464151 0.680000 0.473585 0.712000 0.467925 0.728000 0.456604 0.746000 0.430189
0 0.276000 0.266038 0.268000 0.283019 0.268000 0.296226 0.274000 0.316981 0.286000 0.333962 0.322000 0.364151 0.358000 0.369811 0.364000 0.364151 0.372000 0.364151 0.378000 0.360377 0.394000 0.360377 0.406000 0.352830 0.396000 0.339623 0.398000 0.322642 0.406000 0.313208 0.382000 0.303774 0.356000 0.284906 0.342000 0.267925 0.338000 0.258491 0.328000 0.249057 0.322000 0.247170 0.318000 0.250943 0.302000 0.250943 0.290000 0.254717
0 0.750000 0.307547 0.732000 0.296226 0.702000 0.294340 0.680000 0.316981 0.652000 0.320755 0.644000 0.330189 0.644000 0.349057 0.634000 0.354717 0.628000 0.362264 0.616000 0.367925 0.616000 0.396226 0.582000 0.428302 0.570000 0.433962 0.558000 0.445283 0.570000 0.445283 0.588000 0.430189 0.628000 0.407547 0.640000 0.409434 0.644000 0.416981 0.662000 0.418868 0.678000 0.413208 0.726000 0.381132 0.730000 0.383019 0.744000 0.364151 0.744000 0.350943 0.752000 0.339623 0.754000 0.316981
0 0.324000 0.181132 0.316000 0.188679 0.312000 0.198113 0.316000 0.228302 0.324000 0.245283 0.340000 0.258491 0.354000 0.281132 0.370000 0.294340 0.404000 0.311321 0.426000 0.309434 0.450000 0.324528 0.506000 0.430189 0.508000 0.411321 0.500000 0.411321 0.482000 0.366038 0.474000 0.356604 0.462000 0.330189 0.460000 0.303774 0.472000 0.288679 0.472000 0.283019 0.468000 0.279245 0.470000 0.262264 0.464000 0.252830 0.452000 0.247170 0.450000 0.233962 0.442000 0.220755 0.428000 0.213208 0.412000 0.194340 0.382000 0.179245 0.366000 0.175472 0.336000 0.175472
0 0.656000 0.137736 0.628000 0.135849 0.604000 0.147170 0.592000 0.160377 0.586000 0.171698 0.584000 0.186792 0.570000 0.205660 0.570000 0.220755 0.576000 0.233962 0.576000 0.262264 0.590000 0.279245 0.594000 0.311321 0.586000 0.335849 0.580000 0.341509 0.572000 0.364151 0.566000 0.390566 0.566000 0.409434 0.556000 0.424528 0.556000 0.430189 0.566000 0.415094 0.566000 0.403774 0.574000 0.390566 0.576000 0.371698 0.608000 0.311321 0.630000 0.292453 0.658000 0.284906 0.666000 0.277358 0.670000 0.267925 0.692000 0.247170 0.690000 0.228302 0.694000 0.218868 0.694000 0.200000 0.688000 0.190566 0.676000 0.154717
0 0.872000 0.530189 0.870000 0.500000 0.850000 0.471698 0.836000 0.462264 0.812000 0.458491 0.796000 0.450943 0.788000 0.450943 0.772000 0.458491 0.752000 0.454717 0.740000 0.469811 0.720000 0.488679 0.712000 0.492453 0.660000 0.492453 0.654000 0.486792 0.626000 0.488679 0.616000 0.484906 0.582000 0.481132 0.566000 0.473585 0.570000 0.471698 0.564000 0.471698 0.566000 0.486792 0.570000 0.483019 0.582000 0.488679 0.626000 0.496226 0.654000 0.496226 0.692000 0.501887 0.712000 0.511321 0.726000 0.532075 0.738000 0.537736 0.752000 0.550943 0.764000 0.550943 0.786000 0.566038 0.834000 0.566038 0.854000 0.554717 0.868000 0.539623