0 0.266000 0.154717 0.250000 0.167925 0.242000 0.186792 0.240000 0.226415 0.258000 0.247170 0.260000 0.260377 0.274000 0.275472 0.292000 0.284906 0.294000 0.298113 0.300000 0.303774 0.318000 0.309434 0.328000 0.309434 0.338000 0.322642 0.372000 0.332075 0.392000 0.350943 0.400000 0.366038 0.414000 0.379245 0.422000 0.392453 0.428000 0.392453 0.410000 0.362264 0.392000 0.322642 0.390000 0.305660 0.398000 0.277358 0.396000 0.267925 0.390000 0.266038 0.390000 0.241509 0.386000 0.232075 0.376000 0.224528 0.362000 0.192453 0.346000 0.179245 0.330000 0.160377 0.300000 0.150943 0.276000 0.150943
0 0.498000 0.469811 0.512000 0.473585 0.518000 0.479245 0.520000 0.486792 0.558000 0.488679 0.564000 0.486792 0.596000 0.460377 0.582000 0.445283 0.562000 0.430189 0.530000 0.430189 0.506000 0.445283 0.506000 0.450943 0.498000 0.460377
0 0.470000 0.566038 0.464000 0.575472 0.456000 0.571698 0.452000 0.607547 0.460000 0.628302 0.472000 0.645283 0.488000 0.645283 0.494000 0.639623 0.488000 0.633962 0.480000 0.615094 0.478000 0.592453 0.472000 0.586792
0 0.436000 0.494340 0.428000 0.498113 0.394000 0.528302 0.362000 0.528302 0.344000 0.552830 0.344000 0.564151 0.340000 0.567925 0.334000 0.567925 0.326000 0.590566 0.320000 0.596226 0.308000 0.598113 0.308000 0.609434 0.294000 0.622642 0.314000 0.630189 0.324000 0.630189 0.340000 0.624528 0.358000 0.626415 0.368000 0.622642 0.390000 0.603774 0.400000 0.588679 0.400000 0.554717 0.396000 0.549057 0.396000 0.539623 0.400000 0.532075 0.432000 0.505660
0 0.478000 0.430189 0.470000 0.439623 0.468000 0.450943 0.478000 0.452830 0.482000 0.456604 0.500000 0.454717 0.504000 0.450943 0.502000 0.433962 0.498000 0.433962 0.492000 0.428302
0 0.462000 0.477358 0.452000 0.481132 0.438000 0.494340 0.432000 0.507547 0.436000 0.513208 0.436000 0.524528 0.448000 0.537736 0.474000 0.539623 0.494000 0.524528 0.490000 0.518868 0.494000 0.500000 0.476000 0.479245
0 0.432000 0.228302 0.416000 0.233962 0.410000 0.239623 0.400000 0.258491 0.398000 0.275472 0.400000 0.281132 0.406000 0.284906 0.408000 0.296226 0.422000 0.311321 0.420000 0.326415 0.424000 0.335849 0.440000 0.350943 0.450000 0.354717 0.462000 0.354717 0.476000 0.367925 0.476000 0.373585 0.480000 0.377358 0.480000 0.428302 0.486000 0.426415 0.488000 0.420755 0.490000 0.381132 0.482000 0.366038 0.484000 0.356604 0.478000 0.347170 0.478000 0.330189 0.484000 0.322642 0.484000 0.305660 0.502000 0.283019 0.492000 0.273585 0.482000 0.256604 0.470000 0.249057 0.456000 0.232075
0 0.128000 0.424528 0.132000 0.456604 0.140000 0.467925 0.166000 0.483019 0.204000 0.494340 0.246000 0.492453 0.258000 0.496226 0.278000 0.483019 0.286000 0.481132 0.292000 0.473585 0.296000 0.460377 0.306000 0.450943 0.338000 0.449057 0.368000 0.456604 0.396000 0.456604 0.390000 0.445283 0.386000 0.449057 0.376000 0.450943 0.312000 0.435849 0.304000 0.432075 0.288000 0.416981 0.278000 0.400000 0.260000 0.384906 0.252000 0.383019 0.246000 0.386792 0.238000 0.386792 0.226000 0.379245 0.198000 0.377358 0.164000 0.384906 0.140000 0.401887
0 0.398000 0.400000 0.388000 0.411321 0.386000 0.430189 0.394000 0.452830 0.400000 0.458491 0.408000 0.460377 0.422000 0.473585 0.450000 0.469811 0.452000 0.473585 0.460000 0.471698 0.466000 0.466038 0.468000 0.439623 0.454000 0.424528 0.454000 0.416981 0.446000 0.403774 0.428000 0.394340 0.416000 0.394340
0 0.460000 0.475472 0.424000 0.481132 0.380000 0.498113 0.340000 0.507547 0.326000 0.507547 0.304000 0.501887 0.296000 0.509434 0.270000 0.503774 0.256000 0.503774 0.250000 0.509434 0.234000 0.507547 0.214000 0.515094 0.202000 0.530189 0.178000 0.537736 0.166000 0.547170 0.166000 0.558491 0.154000 0.573585 0.154000 0.584906 0.150000 0.590566 0.152000 0.605660 0.164000 0.624528 0.188000 0.641509 0.210000 0.641509 0.218000 0.647170 0.244000 0.647170 0.258000 0.633962 0.278000 0.632075 0.292000 0.622642 0.306000 0.609434 0.306000 0.598113 0.320000 0.594340 0.324000 0.590566 0.332000 0.567925 0.342000 0.564151 0.342000 0.552830 0.354000 0.533962 0.364000 0.526415 0.362000 0.518868 0.366000 0.515094 0.414000 0.490566 0.416000 0.492453 0.446000 0.484906
0 0.568000 0.254717 0.546000 0.252830 0.530000 0.264151 0.518000 0.266038 0.510000 0.277358 0.510000 0.283019 0.506000 0.286792 0.502000 0.284906 0.486000 0.305660 0.486000 0.322642 0.480000 0.330189 0.480000 0.347170 0.486000 0.356604 0.486000 0.369811 0.494000 0.373585 0.500000 0.381132 0.500000 0.394340 0.488000 0.426415 0.496000 0.428302 0.508000 0.401887 0.516000 0.392453 0.538000 0.388679 0.558000 0.377358 0.568000 0.364151 0.568000 0.358491 0.558000 0.349057 0.560000 0.345283 0.578000 0.343396 0.594000 0.328302 0.592000 0.326415 0.598000 0.315094 0.598000 0.303774 0.594000 0.296226 0.594000 0.273585 0.580000 0.260377
0 0.720000 0.200000 0.702000 0.190566 0.682000 0.192453 0.662000 0.201887 0.618000 0.233962 0.610000 0.258491 0.596000 0.273585 0.596000 0.296226 0.600000 0.303774 0.600000 0.315094 0.594000 0.326415 0.600000 0.332075 0.600000 0.337736 0.594000 0.349057 0.574000 0.375472 0.534000 0.411321 0.534000 0.415094 0.504000 0.433962 0.506000 0.443396 0.528000 0.430189 0.568000 0.388679 0.604000 0.360377 0.616000 0.356604 0.642000 0.358491 0.652000 0.350943 0.682000 0.352830 0.698000 0.335849 0.716000 0.330189 0.726000 0.320755 0.732000 0.298113 0.740000 0.283019 0.744000 0.256604 0.742000 0.232075 0.738000 0.220755
0 0.468000 0.452830 0.468000 0.466038 0.458000 0.473585 0.476000 0.477358 0.482000 0.483019 0.482000 0.477358 0.490000 0.469811 0.496000 0.469811 0.498000 0.456604 0.482000 0.458491 0.478000 0.454717
0 0.852000 0.450943 0.840000 0.428302 0.820000 0.416981 0.802000 0.401887 0.794000 0.398113 0.764000 0.398113 0.756000 0.403774 0.734000 0.401887 0.710000 0.415094 0.694000 0.413208 0.678000 0.428302 0.672000 0.430189 0.668000 0.439623 0.654000 0.450943 0.616000 0.462264 0.596000 0.462264 0.586000 0.469811 0.604000 0.475472 0.614000 0.483019 0.644000 0.477358 0.666000 0.494340 0.684000 0.494340 0.706000 0.515094 0.714000 0.515094 0.720000 0.511321 0.732000 0.518868 0.758000 0.522642 0.766000 0.518868 0.810000 0.516981 0.820000 0.513208 0.842000 0.494340 0.850000 0.483019
0 0.448000 0.539623 0.446000 0.577358 0.434000 0.630189 0.424000 0.641509 0.420000 0.654717 0.400000 0.671698 0.396000 0.679245 0.396000 0.692453 0.384000 0.711321 0.382000 0.730189 0.386000 0.737736 0.384000 0.758491 0.392000 0.769811 0.398000 0.786792 0.426000 0.813208 0.446000 0.820755 0.456000 0.820755 0.478000 0.815094 0.494000 0.801887 0.500000 0.788679 0.512000 0.773585 0.512000 0.741509 0.488000 0.703774 0.492000 0.694340 0.492000 0.683019 0.486000 0.671698 0.472000 0.656604 0.470000 0.643396 0.462000 0.635849 0.450000 0.607547 0.450000 0.590566 0.454000 0.579245 0.458000 0.541509
0 0.494000 0.503774 0.492000 0.518868 0.496000 0.524528 0.474000 0.541509 0.472000 0.577358 0.474000 0.586792 0.480000 0.592453 0.480000 0.607547 0.486000 0.626415 0.494000 0.637736 0.504000 0.637736 0.528000 0.652830 0.550000 0.650943 0.568000 0.637736 0.574000 0.624528 0.580000 0.618868 0.580000 0.581132 0.562000 0.566038 0.562000 0.560377 0.558000 0.556604 0.560000 0.537736 0.540000 0.524528 0.508000 0.522642
0 0.484000 0.477358 0.484000 0.486792 0.492000 0.494340 0.492000 0.498113 0.504000 0.498113 0.514000 0.494340 0.518000 0.488679 0.516000 0.479245 0.504000 0.471698 0.490000 0.471698
0 0.562000 0.539623 0.562000 0.549057 0.572000 0.554717 0.602000 0.586792 0.602000 0.605660 0.594000 0.618868 0.594000 0.632075 0.608000 0.641509 0.614000 0.652830 0.622000 0.658491 0.626000 0.667925 0.666000 0.692453 0.682000 0.694340 0.688000 0.698113 0.700000 0.696226 0.714000 0.684906 0.724000 0.667925 0.724000 0.641509 0.720000 0.626415 0.706000 0.607547 0.700000 0.590566 0.694000 0.584906 0.674000 0.577358 0.660000 0.564151 0.648000 0.566038 0.634000 0.573585 0.608000 0.571698 0.596000 0.566038
0 0.684000 0.401887 0.670000 0.390566 0.630000 0.388679 0.606000 0.401887 0.596000 0.413208 0.590000 0.430189 0.592000 0.437736 0.586000 0.449057 0.594000 0.456604 0.602000 0.456604 0.640000 0.443396 0.658000 0.428302 0.664000 0.418868 0.664000 0.409434 0.660000 0.401887 0.664000 0.398113 0.676000 0.405660 0.682000 0.405660
0 0.362000 0.367925 0.346000 0.377358 0.340000 0.384906 0.338000 0.403774 0.344000 0.413208 0.360000 0.426415 0.384000 0.433962 0.388000 0.407547 0.398000 0.398113 0.420000 0.390566 0.400000 0.367925