0 0.494000 0.496226 0.486000 0.496226 0.474000 0.505660 0.472000 0.515094 0.464000 0.524528 0.466000 0.532075 0.492000 0.535849 0.504000 0.524528 0.504000 0.505660
0 0.462000 0.524528 0.444000 0.528302 0.420000 0.505660 0.394000 0.500000 0.384000 0.501887 0.374000 0.515094 0.372000 0.524528 0.358000 0.526415 0.354000 0.533962 0.344000 0.537736 0.328000 0.554717 0.324000 0.562264 0.324000 0.575472 0.320000 0.579245 0.322000 0.601887 0.332000 0.611321 0.350000 0.615094 0.356000 0.620755 0.378000 0.620755 0.420000 0.601887 0.446000 0.575472 0.448000 0.566038 0.456000 0.558491 0.454000 0.549057 0.468000 0.535849
0 0.314000 0.283019 0.304000 0.292453 0.300000 0.311321 0.292000 0.316981 0.292000 0.324528 0.310000 0.358491 0.310000 0.373585 0.316000 0.379245 0.320000 0.390566 0.336000 0.401887 0.336000 0.418868 0.358000 0.428302 0.400000 0.426415 0.410000 0.430189 0.436000 0.449057 0.458000 0.475472 0.476000 0.490566 0.486000 0.494340 0.450000 0.449057 0.428000 0.415094 0.428000 0.407547 0.436000 0.398113 0.438000 0.390566 0.432000 0.381132 0.438000 0.371698 0.440000 0.354717 0.436000 0.350943 0.420000 0.350943 0.408000 0.335849 0.398000 0.332075 0.396000 0.305660 0.378000 0.288679 0.370000 0.284906 0.356000 0.284906 0.344000 0.279245
0 0.486000 0.537736 0.486000 0.543396 0.478000 0.550943 0.486000 0.558491 0.486000 0.564151 0.480000 0.573585 0.482000 0.588679 0.486000 0.594340 0.492000 0.596226 0.512000 0.596226 0.518000 0.590566 0.518000 0.579245 0.528000 0.571698 0.528000 0.567925 0.516000 0.556604 0.520000 0.547170 0.514000 0.539623 0.504000 0.535849
0 0.438000 0.483019 0.422000 0.498113 0.422000 0.505660 0.444000 0.526415 0.464000 0.522642 0.470000 0.515094 0.472000 0.505660 0.478000 0.500000 0.460000 0.484906 0.452000 0.484906 0.446000 0.481132
0 0.054000 0.416981 0.056000 0.435849 0.066000 0.454717 0.092000 0.483019 0.102000 0.488679 0.114000 0.490566 0.122000 0.496226 0.146000 0.492453 0.158000 0.501887 0.174000 0.501887 0.188000 0.498113 0.198000 0.490566 0.208000 0.498113 0.216000 0.498113 0.236000 0.477358 0.254000 0.479245 0.264000 0.471698 0.292000 0.471698 0.318000 0.477358 0.328000 0.483019 0.340000 0.483019 0.376000 0.494340 0.384000 0.494340 0.396000 0.500000 0.420000 0.503774 0.420000 0.498113 0.392000 0.492453 0.340000 0.475472 0.330000 0.475472 0.322000 0.469811 0.300000 0.466038 0.276000 0.454717 0.262000 0.437736 0.262000 0.428302 0.258000 0.422642 0.244000 0.416981 0.244000 0.405660 0.222000 0.388679 0.216000 0.390566 0.206000 0.381132 0.190000 0.373585 0.166000 0.371698 0.162000 0.375472 0.108000 0.375472 0.076000 0.392453 0.058000 0.409434
0 0.212000 0.320755 0.204000 0.332075 0.200000 0.350943 0.208000 0.369811 0.218000 0.379245 0.220000 0.386792 0.236000 0.400000 0.274000 0.422642 0.314000 0.422642 0.324000 0.416981 0.334000 0.418868 0.334000 0.401887 0.318000 0.390566 0.314000 0.379245 0.308000 0.373585 0.308000 0.358491 0.294000 0.333962 0.290000 0.316981 0.276000 0.313208 0.224000 0.315094
0 0.522000 0.535849 0.522000 0.549057 0.540000 0.566038 0.562000 0.579245 0.578000 0.596226 0.592000 0.601887 0.650000 0.647170 0.658000 0.662264 0.658000 0.686792 0.668000 0.696226 0.672000 0.720755 0.678000 0.726415 0.698000 0.730189 0.716000 0.752830 0.728000 0.758491 0.746000 0.758491 0.756000 0.764151 0.782000 0.764151 0.796000 0.758491 0.824000 0.756604 0.836000 0.750943 0.846000 0.741509 0.850000 0.728302 0.848000 0.711321 0.814000 0.667925 0.802000 0.662264 0.786000 0.645283 0.786000 0.635849 0.782000 0.632075 0.778000 0.632075 0.772000 0.637736 0.764000 0.637736 0.746000 0.628302 0.722000 0.628302 0.710000 0.633962 0.662000 0.633962 0.620000 0.615094 0.614000 0.607547 0.598000 0.600000 0.554000 0.566038 0.550000 0.556604 0.526000 0.535849
0 0.490000 0.596226 0.486000 0.596226 0.486000 0.635849 0.474000 0.652830 0.452000 0.666038 0.448000 0.677358 0.450000 0.690566 0.446000 0.703774 0.488000 0.662264
0 0.526000 0.505660 0.506000 0.507547 0.506000 0.524528 0.498000 0.533962 0.504000 0.533962 0.518000 0.541509 0.522000 0.533962 0.532000 0.532075 0.538000 0.520755 0.538000 0.513208 0.534000 0.513208
0 0.868000 0.405660 0.850000 0.384906 0.832000 0.377358 0.804000 0.371698 0.792000 0.373585 0.788000 0.377358 0.754000 0.388679 0.736000 0.398113 0.722000 0.413208 0.718000 0.424528 0.716000 0.458491 0.712000 0.464151 0.684000 0.486792 0.638000 0.507547 0.646000 0.511321 0.650000 0.505660 0.672000 0.501887 0.704000 0.488679 0.726000 0.488679 0.738000 0.500000 0.750000 0.505660 0.764000 0.505660 0.772000 0.509434 0.796000 0.509434 0.800000 0.505660 0.812000 0.503774 0.834000 0.484906 0.846000 0.479245 0.872000 0.443396 0.872000 0.416981
0 0.534000 0.530189 0.534000 0.533962 0.548000 0.537736 0.554000 0.543396 0.552000 0.560377 0.556000 0.566038 0.610000 0.605660 0.622000 0.605660 0.628000 0.609434 0.660000 0.607547 0.666000 0.601887 0.678000 0.598113 0.692000 0.581132 0.692000 0.556604 0.682000 0.535849 0.672000 0.528302 0.662000 0.526415 0.644000 0.511321 0.616000 0.507547 0.588000 0.509434 0.584000 0.505660 0.578000 0.505660 0.566000 0.518868 0.540000 0.520755
0 0.522000 0.286792 0.510000 0.292453 0.494000 0.307547 0.480000 0.333962 0.480000 0.349057 0.486000 0.352830 0.492000 0.373585 0.498000 0.379245 0.508000 0.381132 0.514000 0.388679 0.552000 0.388679 0.576000 0.371698 0.586000 0.349057 0.584000 0.330189 0.574000 0.307547 0.558000 0.290566
0 0.374000 0.622642 0.358000 0.622642 0.352000 0.630189 0.330000 0.641509 0.298000 0.643396 0.292000 0.647170 0.262000 0.647170 0.258000 0.650943 0.256000 0.664151 0.234000 0.684906 0.232000 0.692453 0.210000 0.709434 0.196000 0.733962 0.194000 0.773585 0.204000 0.792453 0.214000 0.800000 0.228000 0.803774 0.260000 0.801887 0.270000 0.794340 0.292000 0.786792 0.322000 0.758491 0.334000 0.750943 0.344000 0.737736 0.342000 0.718868 0.350000 0.707547 0.350000 0.692453 0.344000 0.677358 0.344000 0.666038 0.348000 0.656604 0.358000 0.647170
0 0.552000 0.390566 0.514000 0.390566 0.506000 0.400000 0.498000 0.403774 0.492000 0.415094 0.488000 0.447170 0.482000 0.454717 0.482000 0.460377 0.488000 0.467925 0.492000 0.492453 0.506000 0.505660 0.512000 0.505660 0.512000 0.501887 0.526000 0.488679 0.536000 0.488679 0.542000 0.481132 0.550000 0.479245 0.552000 0.467925 0.568000 0.449057 0.564000 0.445283 0.566000 0.413208 0.552000 0.396226
0 0.754000 0.213208 0.742000 0.207547 0.710000 0.203774 0.696000 0.209434 0.676000 0.230189 0.664000 0.232075 0.648000 0.252830 0.644000 0.271698 0.638000 0.277358 0.628000 0.279245 0.628000 0.305660 0.616000 0.316981 0.616000 0.345283 0.626000 0.360377 0.624000 0.377358 0.612000 0.400000 0.588000 0.422642 0.588000 0.430189 0.554000 0.467925 0.554000 0.475472 0.562000 0.466038 0.586000 0.449057 0.594000 0.437736 0.596000 0.428302 0.646000 0.379245 0.658000 0.373585 0.694000 0.373585 0.702000 0.366038 0.734000 0.362264 0.734000 0.349057 0.746000 0.341509 0.768000 0.315094 0.768000 0.300000 0.772000 0.296226 0.778000 0.277358 0.774000 0.241509 0.760000 0.228302 0.760000 0.218868
0 0.414000 0.109434 0.394000 0.122642 0.378000 0.147170 0.372000 0.164151 0.368000 0.205660 0.372000 0.213208 0.374000 0.232075 0.382000 0.245283 0.400000 0.260377 0.400000 0.271698 0.408000 0.284906 0.422000 0.292453 0.438000 0.311321 0.448000 0.313208 0.454000 0.318868 0.470000 0.360377 0.476000 0.383019 0.476000 0.401887 0.482000 0.411321 0.486000 0.433962 0.490000 0.415094 0.478000 0.367925 0.476000 0.324528 0.480000 0.307547 0.496000 0.288679 0.496000 0.277358 0.510000 0.256604 0.510000 0.243396 0.502000 0.232075 0.502000 0.224528 0.508000 0.213208 0.504000 0.167925 0.486000 0.135849 0.462000 0.115094 0.440000 0.107547
0 0.492000 0.598113 0.490000 0.662264 0.458000 0.692453 0.458000 0.696226 0.440000 0.709434 0.440000 0.720755 0.448000 0.728302 0.448000 0.732075 0.440000 0.741509 0.438000 0.750943 0.440000 0.775472 0.444000 0.781132 0.442000 0.801887 0.446000 0.805660 0.450000 0.820755 0.480000 0.849057 0.498000 0.858491 0.510000 0.858491 0.530000 0.849057 0.534000 0.841509 0.540000 0.837736 0.542000 0.830189 0.554000 0.818868 0.558000 0.800000 0.564000 0.792453 0.564000 0.777358 0.572000 0.767925 0.572000 0.760377 0.566000 0.752830 0.566000 0.743396 0.558000 0.733962 0.558000 0.728302 0.564000 0.722642 0.564000 0.713208 0.558000 0.703774 0.540000 0.690566 0.540000 0.679245 0.530000 0.675472 0.524000 0.664151 0.506000 0.649057 0.502000 0.624528 0.502000 0.601887 0.506000 0.598113