0 0.276000 0.283019 0.262000 0.303774 0.258000 0.330189 0.278000 0.367925 0.290000 0.373585 0.312000 0.377358 0.324000 0.371698 0.334000 0.371698 0.362000 0.401887 0.388000 0.443396 0.392000 0.433962 0.386000 0.430189 0.364000 0.398113 0.346000 0.366038 0.348000 0.356604 0.358000 0.345283 0.356000 0.309434 0.324000 0.284906 0.302000 0.279245 0.286000 0.279245
0 0.448000 0.294340 0.432000 0.294340 0.418000 0.300000 0.400000 0.322642 0.398000 0.350943 0.406000 0.364151 0.420000 0.371698 0.426000 0.379245 0.416000 0.424528 0.432000 0.388679 0.432000 0.384906 0.424000 0.377358 0.424000 0.358491 0.428000 0.345283 0.444000 0.324528 0.468000 0.313208 0.464000 0.303774
0 0.490000 0.316981 0.470000 0.313208 0.444000 0.326415 0.432000 0.341509 0.426000 0.358491 0.426000 0.377358 0.434000 0.384906 0.430000 0.401887 0.414000 0.430189 0.416000 0.437736 0.432000 0.409434 0.444000 0.396226 0.466000 0.394340 0.464000 0.377358 0.470000 0.367925 0.490000 0.350943 0.504000 0.347170 0.500000 0.328302
0 0.550000 0.358491 0.534000 0.349057 0.510000 0.347170 0.498000 0.349057 0.484000 0.356604 0.466000 0.377358 0.466000 0.398113 0.474000 0.405660 0.474000 0.416981 0.452000 0.443396 0.460000 0.443396 0.486000 0.418868 0.492000 0.418868 0.508000 0.428302 0.522000 0.428302 0.534000 0.424528 0.552000 0.400000 0.554000 0.367925
0 0.266000 0.428302 0.266000 0.441509 0.272000 0.447170 0.278000 0.447170 0.284000 0.452830 0.296000 0.456604 0.324000 0.458491 0.336000 0.454717 0.342000 0.449057 0.364000 0.450943 0.372000 0.456604 0.396000 0.462264 0.388000 0.452830 0.346000 0.441509 0.334000 0.424528 0.314000 0.420755 0.304000 0.413208 0.282000 0.413208
0 0.210000 0.441509 0.218000 0.458491 0.246000 0.473585 0.280000 0.475472 0.292000 0.471698 0.302000 0.464151 0.322000 0.460377 0.350000 0.460377 0.360000 0.464151 0.394000 0.466038 0.392000 0.462264 0.384000 0.462264 0.370000 0.456604 0.356000 0.458491 0.338000 0.454717 0.324000 0.460377 0.308000 0.460377 0.284000 0.454717 0.264000 0.441509 0.264000 0.428302 0.274000 0.416981 0.264000 0.415094 0.238000 0.415094 0.222000 0.420755 0.214000 0.428302
0 0.398000 0.432075 0.390000 0.439623 0.390000 0.452830 0.398000 0.460377 0.414000 0.450943 0.416000 0.439623 0.412000 0.433962
0 0.426000 0.454717 0.442000 0.466038 0.446000 0.462264 0.454000 0.464151 0.466000 0.458491 0.466000 0.452830 0.460000 0.445283 0.446000 0.445283
0 0.396000 0.464151 0.396000 0.477358 0.400000 0.481132 0.400000 0.486792 0.408000 0.494340 0.436000 0.496226 0.446000 0.490566 0.446000 0.475472 0.440000 0.466038 0.428000 0.456604 0.420000 0.456604 0.414000 0.452830
0 0.392000 0.467925 0.388000 0.467925 0.390000 0.473585 0.382000 0.481132 0.380000 0.488679 0.366000 0.498113 0.364000 0.515094 0.342000 0.530189 0.336000 0.547170 0.336000 0.562264 0.342000 0.575472 0.348000 0.581132 0.370000 0.588679 0.396000 0.586792 0.410000 0.573585 0.416000 0.558491 0.416000 0.522642 0.386000 0.498113 0.386000 0.488679 0.394000 0.477358
0 0.444000 0.494340 0.464000 0.503774 0.472000 0.511321 0.474000 0.520755 0.488000 0.532075 0.510000 0.530189 0.522000 0.518868 0.524000 0.513208 0.520000 0.500000 0.504000 0.486792 0.488000 0.486792 0.474000 0.498113 0.454000 0.490566 0.448000 0.490566
0 0.430000 0.520755 0.414000 0.518868 0.418000 0.522642 0.420000 0.532075 0.418000 0.558491 0.412000 0.573585 0.398000 0.586792 0.410000 0.592453 0.428000 0.588679 0.438000 0.579245 0.446000 0.558491 0.444000 0.539623 0.438000 0.526415