0 0.254000 0.398113 0.248000 0.415094 0.246000 0.433962 0.266000 0.467925 0.282000 0.464151 0.302000 0.464151 0.332000 0.469811 0.332000 0.464151 0.344000 0.454717 0.358000 0.454717 0.374000 0.462264 0.398000 0.467925 0.416000 0.481132 0.446000 0.494340 0.446000 0.488679 0.442000 0.484906 0.430000 0.481132 0.398000 0.460377 0.370000 0.452830 0.354000 0.445283 0.350000 0.437736 0.334000 0.437736 0.290000 0.424528 0.274000 0.416981
0 0.470000 0.439623 0.464000 0.445283 0.460000 0.445283 0.460000 0.460377 0.448000 0.467925 0.450000 0.484906 0.446000 0.486792 0.448000 0.494340 0.442000 0.496226 0.442000 0.507547 0.456000 0.513208 0.474000 0.513208 0.478000 0.516981 0.480000 0.511321 0.498000 0.513208 0.504000 0.498113 0.512000 0.488679 0.512000 0.467925 0.490000 0.439623
0 0.258000 0.481132 0.258000 0.486792 0.266000 0.496226 0.270000 0.507547 0.282000 0.518868 0.294000 0.522642 0.330000 0.522642 0.338000 0.526415 0.344000 0.533962 0.398000 0.524528 0.422000 0.524528 0.430000 0.518868 0.438000 0.520755 0.454000 0.513208 0.446000 0.509434 0.428000 0.509434 0.400000 0.503774 0.388000 0.494340 0.388000 0.488679 0.378000 0.479245 0.356000 0.479245 0.326000 0.469811 0.282000 0.466038 0.264000 0.469811
0 0.490000 0.562264 0.490000 0.569811 0.484000 0.575472 0.474000 0.600000 0.478000 0.626415 0.488000 0.635849 0.490000 0.645283 0.498000 0.654717 0.498000 0.679245 0.518000 0.692453 0.526000 0.692453 0.534000 0.686792 0.542000 0.673585 0.546000 0.656604 0.544000 0.641509 0.550000 0.633962 0.548000 0.622642 0.534000 0.609434 0.532000 0.588679 0.522000 0.583019 0.512000 0.569811
0 0.434000 0.632075 0.428000 0.633962 0.430000 0.641509 0.424000 0.649057 0.422000 0.664151 0.414000 0.671698 0.390000 0.683019 0.380000 0.705660 0.368000 0.718868 0.364000 0.728302 0.366000 0.749057 0.362000 0.760377 0.368000 0.783019 0.390000 0.807547 0.404000 0.815094 0.426000 0.809434 0.444000 0.794340 0.452000 0.771698 0.452000 0.756604 0.456000 0.750943 0.458000 0.686792 0.444000 0.683019 0.434000 0.669811
0 0.474000 0.515094 0.460000 0.513208 0.434000 0.522642 0.434000 0.533962 0.418000 0.539623 0.402000 0.552830 0.398000 0.560377 0.390000 0.562264 0.384000 0.571698 0.378000 0.571698 0.370000 0.577358 0.374000 0.581132 0.390000 0.584906 0.406000 0.598113 0.394000 0.613208 0.394000 0.618868 0.398000 0.622642 0.404000 0.618868 0.412000 0.632075 0.434000 0.630189 0.438000 0.615094 0.444000 0.607547 0.442000 0.594340 0.472000 0.533962 0.478000 0.530189 0.478000 0.518868
0 0.406000 0.526415 0.358000 0.532075 0.336000 0.537736 0.306000 0.550943 0.294000 0.552830 0.278000 0.550943 0.262000 0.541509 0.254000 0.541509 0.244000 0.549057 0.214000 0.547170 0.176000 0.566038 0.148000 0.598113 0.146000 0.618868 0.158000 0.641509 0.168000 0.650943 0.178000 0.650943 0.192000 0.658491 0.218000 0.658491 0.244000 0.647170 0.256000 0.645283 0.260000 0.641509 0.270000 0.639623 0.274000 0.626415 0.280000 0.618868 0.296000 0.609434 0.292000 0.583019 0.296000 0.579245 0.296000 0.573585 0.324000 0.550943 0.336000 0.550943 0.368000 0.532075
0 0.466000 0.381132 0.458000 0.390566 0.446000 0.388679 0.438000 0.400000 0.442000 0.413208 0.460000 0.437736 0.460000 0.443396 0.468000 0.439623 0.466000 0.433962 0.470000 0.430189 0.478000 0.428302 0.484000 0.422642 0.482000 0.392453 0.478000 0.384906
0 0.538000 0.543396 0.538000 0.556604 0.532000 0.564151 0.542000 0.577358 0.564000 0.586792 0.578000 0.586792 0.594000 0.575472 0.590000 0.567925 0.576000 0.564151
0 0.698000 0.462264 0.676000 0.479245 0.646000 0.488679 0.626000 0.490566 0.582000 0.479245 0.582000 0.484906 0.570000 0.488679 0.560000 0.488679 0.544000 0.494340 0.532000 0.494340 0.530000 0.490566 0.518000 0.498113 0.506000 0.500000 0.500000 0.509434 0.502000 0.511321 0.508000 0.507547 0.514000 0.509434 0.522000 0.505660 0.534000 0.505660 0.590000 0.488679 0.616000 0.501887 0.624000 0.501887 0.636000 0.507547 0.652000 0.507547 0.660000 0.500000 0.678000 0.494340 0.686000 0.486792 0.688000 0.479245 0.698000 0.469811
0 0.550000 0.622642 0.552000 0.635849 0.574000 0.658491 0.582000 0.673585 0.582000 0.688679 0.572000 0.703774 0.574000 0.739623 0.586000 0.752830 0.610000 0.769811 0.632000 0.779245 0.660000 0.783019 0.682000 0.773585 0.694000 0.754717 0.698000 0.715094 0.690000 0.698113 0.678000 0.686792 0.676000 0.679245 0.668000 0.671698 0.650000 0.664151 0.634000 0.650943 0.612000 0.656604 0.602000 0.662264 0.592000 0.662264 0.568000 0.643396
0 0.538000 0.539623 0.550000 0.549057 0.562000 0.552830 0.576000 0.562264 0.648000 0.590566 0.666000 0.609434 0.676000 0.641509 0.690000 0.645283 0.702000 0.662264 0.722000 0.671698 0.740000 0.684906 0.756000 0.686792 0.770000 0.681132 0.796000 0.679245 0.812000 0.671698 0.822000 0.662264 0.830000 0.647170 0.830000 0.632075 0.822000 0.615094 0.810000 0.600000 0.780000 0.573585 0.752000 0.571698 0.742000 0.564151 0.724000 0.564151 0.714000 0.569811 0.710000 0.566038 0.698000 0.566038 0.676000 0.579245 0.646000 0.583019 0.628000 0.573585 0.588000 0.560377 0.576000 0.552830 0.570000 0.552830 0.556000 0.543396
0 0.250000 0.333962 0.240000 0.352830 0.244000 0.371698 0.248000 0.375472 0.252000 0.394340 0.274000 0.415094 0.300000 0.426415 0.334000 0.435849 0.352000 0.435849 0.368000 0.420755 0.396000 0.418868 0.420000 0.441509 0.446000 0.475472 0.446000 0.479245 0.446000 0.466038 0.434000 0.452830 0.426000 0.437736 0.386000 0.398113 0.386000 0.369811 0.376000 0.366038 0.370000 0.358491 0.370000 0.352830 0.358000 0.341509 0.344000 0.333962 0.338000 0.326415 0.328000 0.322642 0.284000 0.318868 0.266000 0.322642
0 0.602000 0.209434 0.582000 0.207547 0.568000 0.211321 0.546000 0.228302 0.546000 0.232075 0.536000 0.241509 0.530000 0.258491 0.526000 0.281132 0.520000 0.288679 0.524000 0.316981 0.528000 0.326415 0.538000 0.335849 0.540000 0.345283 0.562000 0.358491 0.562000 0.367925 0.546000 0.392453 0.546000 0.398113 0.530000 0.430189 0.510000 0.460377 0.514000 0.469811 0.528000 0.443396 0.542000 0.424528 0.554000 0.394340 0.564000 0.384906 0.568000 0.373585 0.580000 0.362264 0.604000 0.358491 0.618000 0.347170 0.620000 0.337736 0.642000 0.301887 0.642000 0.267925 0.638000 0.252830 0.628000 0.239623 0.622000 0.222642 0.612000 0.213208
0 0.480000 0.513208 0.480000 0.532075 0.490000 0.560377 0.504000 0.564151 0.516000 0.571698 0.534000 0.560377 0.536000 0.539623 0.530000 0.537736 0.516000 0.524528 0.506000 0.524528 0.496000 0.513208
0 0.724000 0.379245 0.712000 0.369811 0.690000 0.366038 0.682000 0.369811 0.668000 0.369811 0.646000 0.386792 0.626000 0.388679 0.618000 0.392453 0.604000 0.403774 0.602000 0.416981 0.596000 0.422642 0.586000 0.424528 0.586000 0.435849 0.580000 0.445283 0.578000 0.460377 0.562000 0.475472 0.558000 0.475472 0.538000 0.490566 0.534000 0.488679 0.532000 0.492453 0.544000 0.492453 0.570000 0.479245 0.582000 0.477358 0.626000 0.488679 0.646000 0.486792 0.676000 0.477358 0.698000 0.460377 0.702000 0.452830 0.704000 0.433962 0.718000 0.424528 0.724000 0.415094