0 0.552000 0.430189 0.536000 0.422642 0.518000 0.422642 0.506000 0.430189 0.500000 0.430189 0.486000 0.447170 0.482000 0.464151 0.490000 0.473585 0.522000 0.473585 0.536000 0.469811 0.542000 0.460377 0.542000 0.454717 0.552000 0.445283
0 0.470000 0.441509 0.458000 0.441509 0.446000 0.450943 0.458000 0.469811 0.462000 0.466038 0.478000 0.462264 0.474000 0.445283
0 0.240000 0.283019 0.234000 0.290566 0.230000 0.309434 0.234000 0.339623 0.238000 0.343396 0.238000 0.358491 0.246000 0.369811 0.290000 0.396226 0.310000 0.396226 0.316000 0.400000 0.324000 0.400000 0.344000 0.388679 0.354000 0.388679 0.362000 0.394340 0.372000 0.396226 0.384000 0.407547 0.396000 0.413208 0.406000 0.422642 0.406000 0.426415 0.416000 0.428302 0.454000 0.466038 0.436000 0.437736 0.420000 0.426415 0.414000 0.416981 0.392000 0.403774 0.364000 0.373585 0.364000 0.362264 0.370000 0.350943 0.370000 0.343396 0.362000 0.333962 0.362000 0.326415 0.358000 0.322642 0.358000 0.307547 0.348000 0.298113 0.328000 0.288679 0.316000 0.275472 0.306000 0.275472 0.298000 0.271698 0.262000 0.271698
0 0.434000 0.494340 0.430000 0.494340 0.420000 0.505660 0.392000 0.522642 0.368000 0.545283 0.352000 0.552830 0.330000 0.552830 0.294000 0.560377 0.280000 0.573585 0.274000 0.575472 0.254000 0.601887 0.254000 0.613208 0.258000 0.618868 0.256000 0.639623 0.260000 0.649057 0.268000 0.656604 0.284000 0.664151 0.292000 0.664151 0.324000 0.649057 0.334000 0.639623 0.338000 0.628302 0.352000 0.613208 0.356000 0.600000 0.374000 0.588679 0.376000 0.577358 0.372000 0.569811 0.372000 0.558491 0.390000 0.533962 0.436000 0.501887
0 0.420000 0.362264 0.408000 0.369811 0.404000 0.379245 0.406000 0.409434 0.416000 0.416981 0.440000 0.418868 0.448000 0.428302 0.448000 0.437736 0.456000 0.441509 0.458000 0.437736 0.454000 0.409434 0.464000 0.396226 0.464000 0.386792 0.454000 0.367925 0.434000 0.360377
0 0.778000 0.439623 0.768000 0.418868 0.750000 0.403774 0.740000 0.403774 0.736000 0.400000 0.718000 0.400000 0.702000 0.403774 0.672000 0.401887 0.666000 0.403774 0.648000 0.420755 0.632000 0.424528 0.624000 0.449057 0.610000 0.460377 0.586000 0.464151 0.564000 0.471698 0.484000 0.475472 0.482000 0.479245 0.538000 0.479245 0.590000 0.471698 0.620000 0.471698 0.626000 0.473585 0.646000 0.496226 0.654000 0.500000 0.668000 0.500000 0.674000 0.503774 0.696000 0.507547 0.744000 0.492453 0.774000 0.462264 0.774000 0.456604 0.778000 0.452830
0 0.472000 0.481132 0.460000 0.481132 0.448000 0.486792 0.446000 0.492453 0.438000 0.498113 0.444000 0.515094 0.450000 0.522642 0.470000 0.520755 0.486000 0.503774 0.482000 0.488679
0 0.344000 0.441509 0.350000 0.462264 0.370000 0.483019 0.382000 0.483019 0.396000 0.488679 0.416000 0.486792 0.438000 0.496226 0.444000 0.492453 0.448000 0.484906 0.458000 0.481132 0.458000 0.471698 0.412000 0.428302 0.392000 0.432075 0.380000 0.422642 0.374000 0.422642 0.366000 0.428302 0.358000 0.428302
0 0.374000 0.484906 0.366000 0.481132 0.336000 0.483019 0.312000 0.462264 0.290000 0.464151 0.266000 0.473585 0.250000 0.486792 0.244000 0.503774 0.246000 0.524528 0.252000 0.532075 0.266000 0.539623 0.288000 0.543396 0.310000 0.539623 0.330000 0.528302 0.334000 0.520755 0.334000 0.501887 0.344000 0.490566
0 0.484000 0.490566 0.488000 0.501887 0.494000 0.503774 0.512000 0.520755 0.514000 0.532075 0.510000 0.535849 0.510000 0.545283 0.524000 0.567925 0.524000 0.575472 0.528000 0.575472 0.536000 0.583019 0.548000 0.581132 0.564000 0.594340 0.594000 0.592453 0.606000 0.588679 0.614000 0.581132 0.616000 0.558491 0.612000 0.554717 0.610000 0.545283 0.598000 0.533962 0.588000 0.532075 0.582000 0.526415 0.582000 0.522642 0.568000 0.511321 0.546000 0.505660 0.520000 0.511321
0 0.644000 0.252830 0.634000 0.247170 0.616000 0.247170 0.584000 0.258491 0.552000 0.294340 0.548000 0.315094 0.554000 0.330189 0.566000 0.343396 0.566000 0.352830 0.544000 0.388679 0.530000 0.400000 0.514000 0.422642 0.526000 0.418868 0.530000 0.411321 0.550000 0.392453 0.552000 0.384906 0.574000 0.362264 0.616000 0.362264 0.632000 0.356604 0.640000 0.349057 0.658000 0.313208 0.656000 0.266038
0 0.488000 0.473585 0.480000 0.464151 0.474000 0.464151 0.460000 0.469811 0.460000 0.479245 0.480000 0.479245 0.484000 0.473585
0 0.466000 0.522642 0.464000 0.524528 0.472000 0.533962 0.472000 0.545283 0.462000 0.556604 0.464000 0.577358 0.476000 0.590566 0.512000 0.590566 0.516000 0.579245 0.522000 0.575472 0.522000 0.567925 0.512000 0.554717 0.508000 0.537736 0.492000 0.533962 0.484000 0.535849 0.472000 0.522642
0 0.506000 0.241509 0.490000 0.249057 0.466000 0.269811 0.448000 0.303774 0.448000 0.343396 0.478000 0.367925 0.478000 0.405660 0.474000 0.413208 0.476000 0.424528 0.470000 0.439623 0.474000 0.443396 0.480000 0.432075 0.482000 0.401887 0.486000 0.396226 0.490000 0.375472 0.496000 0.369811 0.504000 0.369811 0.524000 0.360377 0.532000 0.330189 0.530000 0.313208 0.542000 0.300000 0.542000 0.283019 0.538000 0.277358 0.534000 0.254717 0.524000 0.243396
0 0.452000 0.524528 0.450000 0.549057 0.454000 0.560377 0.454000 0.594340 0.448000 0.601887 0.432000 0.609434 0.424000 0.618868 0.416000 0.643396 0.416000 0.654717 0.420000 0.662264 0.434000 0.673585 0.438000 0.684906 0.462000 0.709434 0.486000 0.720755 0.502000 0.720755 0.518000 0.711321 0.532000 0.688679 0.530000 0.673585 0.534000 0.667925 0.534000 0.654717 0.530000 0.641509 0.534000 0.637736 0.536000 0.628302 0.532000 0.616981 0.512000 0.592453 0.476000 0.592453 0.466000 0.583019 0.460000 0.571698 0.460000 0.524528
0 0.610000 0.496226 0.594000 0.501887 0.580000 0.516981 0.574000 0.515094 0.584000 0.522642 0.588000 0.530189 0.598000 0.532075 0.612000 0.545283 0.614000 0.554717 0.618000 0.558491 0.618000 0.569811 0.628000 0.562264 0.640000 0.560377 0.654000 0.549057 0.658000 0.539623 0.658000 0.522642 0.646000 0.509434 0.628000 0.498113