0 0.552000 0.647170 0.560000 0.662264 0.556000 0.666038 0.556000 0.686792 0.568000 0.700000 0.584000 0.709434 0.588000 0.705660 0.582000 0.698113 0.582000 0.690566 0.590000 0.683019 0.590000 0.679245 0.586000 0.675472 0.578000 0.675472 0.576000 0.666038 0.580000 0.664151 0.576000 0.660377 0.568000 0.658491
0 0.502000 0.605660 0.480000 0.607547 0.472000 0.618868 0.472000 0.632075 0.476000 0.637736 0.482000 0.637736 0.486000 0.633962 0.494000 0.635849 0.506000 0.611321
0 0.468000 0.624528 0.456000 0.633962 0.452000 0.633962 0.434000 0.664151 0.422000 0.677358 0.418000 0.690566 0.408000 0.703774 0.404000 0.715094 0.394000 0.716981 0.388000 0.722642 0.378000 0.722642 0.368000 0.730189 0.360000 0.732075 0.348000 0.754717 0.342000 0.758491 0.340000 0.767925 0.344000 0.769811 0.342000 0.784906 0.346000 0.790566 0.348000 0.805660 0.362000 0.816981 0.390000 0.818868 0.416000 0.798113 0.416000 0.777358 0.426000 0.760377 0.414000 0.756604 0.402000 0.735849 0.402000 0.728302 0.434000 0.675472 0.434000 0.664151 0.446000 0.658491
0 0.466000 0.586792 0.444000 0.583019 0.428000 0.586792 0.408000 0.601887 0.410000 0.624528 0.424000 0.630189 0.432000 0.639623 0.442000 0.639623 0.448000 0.632075 0.456000 0.632075 0.458000 0.628302 0.470000 0.622642 0.480000 0.605660 0.474000 0.592453
0 0.470000 0.630189 0.468000 0.649057 0.464000 0.656604 0.456000 0.662264 0.436000 0.664151 0.436000 0.688679 0.430000 0.698113 0.430000 0.703774 0.422000 0.711321 0.412000 0.713208 0.408000 0.718868 0.404000 0.735849 0.416000 0.756604 0.428000 0.760377 0.442000 0.760377 0.452000 0.752830 0.460000 0.750943 0.472000 0.735849 0.472000 0.709434 0.480000 0.703774 0.486000 0.703774 0.486000 0.698113 0.490000 0.694340 0.490000 0.683019 0.482000 0.666038 0.472000 0.654717 0.476000 0.650943 0.478000 0.639623
0 0.602000 0.564151 0.584000 0.552830 0.560000 0.552830 0.544000 0.566038 0.526000 0.567925 0.520000 0.577358 0.512000 0.581132 0.512000 0.588679 0.504000 0.603774 0.518000 0.603774 0.532000 0.613208 0.552000 0.615094 0.568000 0.603774 0.572000 0.603774 0.574000 0.600000 0.588000 0.600000 0.602000 0.581132
0 0.536000 0.632075 0.556000 0.649057 0.576000 0.658491 0.582000 0.666038 0.592000 0.667925 0.602000 0.673585 0.608000 0.681132 0.618000 0.684906 0.624000 0.694340 0.626000 0.707547 0.644000 0.718868 0.646000 0.730189 0.652000 0.735849 0.670000 0.745283 0.682000 0.745283 0.692000 0.752830 0.708000 0.754717 0.724000 0.749057 0.732000 0.741509 0.742000 0.737736 0.756000 0.720755 0.756000 0.713208 0.744000 0.692453 0.742000 0.683019 0.712000 0.660377 0.684000 0.660377 0.670000 0.650943 0.648000 0.652830 0.628000 0.666038 0.614000 0.666038 0.586000 0.656604 0.558000 0.643396 0.550000 0.635849
0 0.504000 0.615094 0.504000 0.622642 0.496000 0.632075 0.496000 0.643396 0.500000 0.652830 0.516000 0.662264 0.534000 0.658491 0.542000 0.650943 0.544000 0.641509 0.520000 0.618868
0 0.486000 0.635849 0.478000 0.641509 0.482000 0.649057 0.484000 0.669811 0.492000 0.683019 0.492000 0.694340 0.488000 0.701887 0.492000 0.726415 0.502000 0.756604 0.502000 0.779245 0.496000 0.794340 0.484000 0.809434 0.488000 0.820755 0.484000 0.835849 0.484000 0.858491 0.492000 0.869811 0.500000 0.892453 0.524000 0.913208 0.536000 0.918868 0.564000 0.918868 0.582000 0.911321 0.596000 0.890566 0.604000 0.867925 0.602000 0.843396 0.596000 0.832075 0.592000 0.811321 0.566000 0.796226 0.558000 0.783019 0.524000 0.781132 0.510000 0.764151 0.506000 0.749057 0.508000 0.745283 0.498000 0.715094 0.498000 0.694340
0 0.410000 0.598113 0.402000 0.592453 0.380000 0.592453 0.370000 0.596226 0.364000 0.605660 0.370000 0.616981 0.366000 0.622642 0.366000 0.630189 0.390000 0.632075 0.402000 0.622642 0.408000 0.622642 0.406000 0.601887
0 0.412000 0.390566 0.402000 0.398113 0.440000 0.420755 0.464000 0.443396 0.466000 0.471698 0.476000 0.458491 0.478000 0.435849 0.474000 0.432075 0.474000 0.420755 0.458000 0.398113 0.450000 0.396226 0.444000 0.390566
0 0.568000 0.492453 0.558000 0.488679 0.546000 0.490566 0.530000 0.505660 0.526000 0.518868 0.528000 0.533962 0.534000 0.543396 0.514000 0.562264 0.508000 0.571698 0.510000 0.577358 0.542000 0.545283 0.556000 0.547170 0.564000 0.545283 0.570000 0.539623 0.572000 0.532075 0.580000 0.524528 0.582000 0.507547
0 0.762000 0.426415 0.738000 0.407547 0.714000 0.407547 0.696000 0.403774 0.676000 0.418868 0.652000 0.428302 0.642000 0.435849 0.632000 0.454717 0.618000 0.467925 0.618000 0.475472 0.630000 0.494340 0.630000 0.500000 0.616000 0.520755 0.580000 0.550943 0.590000 0.552830 0.598000 0.543396 0.612000 0.535849 0.632000 0.518868 0.642000 0.515094 0.654000 0.516981 0.670000 0.526415 0.712000 0.522642 0.730000 0.505660 0.736000 0.503774 0.762000 0.475472 0.760000 0.464151 0.768000 0.450943 0.766000 0.433962
0 0.642000 0.292453 0.610000 0.283019 0.596000 0.292453 0.580000 0.298113 0.548000 0.324528 0.542000 0.333962 0.538000 0.349057 0.528000 0.360377 0.526000 0.377358 0.528000 0.386792 0.534000 0.394340 0.528000 0.403774 0.528000 0.411321 0.532000 0.420755 0.540000 0.428302 0.542000 0.454717 0.526000 0.486792 0.520000 0.511321 0.504000 0.539623 0.500000 0.558491 0.508000 0.562264 0.508000 0.552830 0.516000 0.530189 0.526000 0.520755 0.524000 0.515094 0.534000 0.494340 0.536000 0.483019 0.552000 0.452830 0.574000 0.432075 0.604000 0.430189 0.608000 0.426415 0.610000 0.416981 0.622000 0.411321 0.634000 0.400000 0.638000 0.384906 0.654000 0.366038 0.656000 0.328302 0.648000 0.298113
0 0.424000 0.632075 0.414000 0.628302 0.360000 0.660377 0.322000 0.688679 0.280000 0.688679 0.276000 0.692453 0.274000 0.701887 0.268000 0.707547 0.250000 0.715094 0.244000 0.720755 0.244000 0.726415 0.216000 0.752830 0.212000 0.762264 0.212000 0.801887 0.220000 0.815094 0.236000 0.828302 0.258000 0.830189 0.274000 0.826415 0.284000 0.818868 0.298000 0.816981 0.304000 0.811321 0.308000 0.811321 0.320000 0.798113 0.320000 0.788679 0.334000 0.777358 0.340000 0.764151 0.340000 0.756604 0.334000 0.745283 0.344000 0.735849 0.344000 0.730189 0.330000 0.709434 0.330000 0.698113 0.336000 0.686792 0.376000 0.658491
0 0.156000 0.507547 0.160000 0.533962 0.182000 0.556604 0.196000 0.564151 0.244000 0.569811 0.270000 0.560377 0.278000 0.552830 0.292000 0.550943 0.294000 0.535849 0.300000 0.530189 0.312000 0.528302 0.332000 0.537736 0.350000 0.541509 0.366000 0.549057 0.374000 0.556604 0.428000 0.575472 0.434000 0.581132 0.462000 0.583019 0.476000 0.592453 0.472000 0.581132 0.462000 0.571698 0.454000 0.577358 0.444000 0.577358 0.424000 0.566038 0.376000 0.549057 0.364000 0.539623 0.346000 0.535849 0.322000 0.522642 0.308000 0.509434 0.304000 0.484906 0.296000 0.477358 0.282000 0.473585 0.256000 0.456604 0.210000 0.458491 0.176000 0.477358 0.162000 0.492453
0 0.506000 0.562264 0.492000 0.560377 0.480000 0.567925 0.480000 0.584906 0.476000 0.594340 0.480000 0.603774 0.504000 0.601887 0.510000 0.588679 0.510000 0.579245 0.504000 0.566038
0 0.360000 0.400000 0.348000 0.415094 0.348000 0.449057 0.366000 0.466038 0.370000 0.490566 0.382000 0.505660 0.388000 0.505660 0.396000 0.511321 0.398000 0.524528 0.426000 0.526415 0.440000 0.533962 0.448000 0.543396 0.452000 0.556604 0.476000 0.586792 0.478000 0.584906 0.470000 0.562264 0.460000 0.554717 0.450000 0.537736 0.450000 0.524528 0.460000 0.516981 0.460000 0.500000 0.466000 0.484906 0.462000 0.443396 0.440000 0.422642 0.404000 0.400000 0.386000 0.396226 0.370000 0.396226