0 0.328000 0.532075 0.318000 0.543396 0.314000 0.556604 0.314000 0.575472 0.330000 0.594340 0.342000 0.598113 0.342000 0.583019 0.346000 0.571698 0.362000 0.550943 0.372000 0.547170 0.374000 0.543396 0.364000 0.541509 0.354000 0.532075 0.346000 0.533962 0.342000 0.530189
0 0.490000 0.545283 0.496000 0.552830 0.498000 0.562264 0.504000 0.562264 0.508000 0.567925 0.500000 0.583019 0.508000 0.596226 0.526000 0.613208 0.558000 0.615094 0.568000 0.624528 0.578000 0.624528 0.584000 0.618868 0.602000 0.615094 0.612000 0.605660 0.614000 0.594340 0.606000 0.575472 0.574000 0.539623 0.568000 0.541509 0.562000 0.537736 0.550000 0.537736 0.528000 0.547170 0.516000 0.543396
0 0.484000 0.569811 0.462000 0.567925 0.456000 0.569811 0.442000 0.583019 0.442000 0.607547 0.446000 0.609434 0.446000 0.616981 0.452000 0.624528 0.474000 0.622642 0.488000 0.609434 0.490000 0.601887 0.484000 0.579245 0.488000 0.573585
0 0.496000 0.558491 0.492000 0.549057 0.478000 0.535849 0.470000 0.535849 0.456000 0.541509 0.444000 0.552830 0.446000 0.569811 0.476000 0.566038 0.488000 0.571698 0.496000 0.566038
0 0.618000 0.543396 0.596000 0.550943 0.588000 0.550943 0.592000 0.560377 0.608000 0.575472 0.610000 0.581132 0.612000 0.575472 0.622000 0.571698 0.630000 0.562264 0.630000 0.556604
0 0.526000 0.615094 0.530000 0.622642 0.552000 0.641509 0.558000 0.650943 0.578000 0.669811 0.590000 0.688679 0.604000 0.701887 0.610000 0.716981 0.610000 0.764151 0.614000 0.769811 0.630000 0.777358 0.646000 0.807547 0.646000 0.813208 0.666000 0.826415 0.680000 0.847170 0.690000 0.850943 0.702000 0.850943 0.728000 0.858491 0.742000 0.858491 0.756000 0.852830 0.770000 0.837736 0.776000 0.820755 0.774000 0.779245 0.770000 0.762264 0.744000 0.737736 0.742000 0.724528 0.738000 0.718868 0.724000 0.709434 0.700000 0.705660 0.688000 0.694340 0.654000 0.696226 0.646000 0.688679 0.618000 0.688679 0.596000 0.675472 0.562000 0.647170 0.538000 0.620755 0.538000 0.616981
0 0.446000 0.618868 0.442000 0.620755 0.428000 0.654717 0.412000 0.667925 0.382000 0.681132 0.378000 0.707547 0.364000 0.713208 0.358000 0.724528 0.356000 0.750943 0.362000 0.758491 0.362000 0.764151 0.356000 0.769811 0.356000 0.783019 0.350000 0.788679 0.350000 0.792453 0.364000 0.811321 0.370000 0.826415 0.384000 0.841509 0.390000 0.843396 0.412000 0.841509 0.424000 0.832075 0.432000 0.816981 0.446000 0.805660 0.450000 0.784906 0.448000 0.769811 0.454000 0.766038 0.462000 0.766038 0.468000 0.760377 0.470000 0.752830 0.470000 0.733962 0.466000 0.728302 0.466000 0.686792 0.460000 0.671698 0.446000 0.664151 0.442000 0.658491 0.444000 0.639623 0.450000 0.626415
0 0.476000 0.467925 0.454000 0.481132 0.446000 0.503774 0.456000 0.524528 0.466000 0.532075 0.490000 0.535849 0.510000 0.515094 0.510000 0.484906 0.506000 0.477358 0.494000 0.467925
0 0.340000 0.600000 0.328000 0.596226 0.318000 0.603774 0.292000 0.607547 0.284000 0.611321 0.266000 0.611321 0.244000 0.601887 0.226000 0.600000 0.216000 0.605660 0.198000 0.605660 0.158000 0.618868 0.140000 0.630189 0.126000 0.645283 0.110000 0.681132 0.112000 0.700000 0.128000 0.720755 0.156000 0.724528 0.162000 0.728302 0.190000 0.726415 0.210000 0.715094 0.236000 0.715094 0.246000 0.705660 0.254000 0.686792 0.272000 0.673585 0.276000 0.635849 0.290000 0.622642
0 0.506000 0.358491 0.476000 0.360377 0.464000 0.369811 0.452000 0.394340 0.454000 0.430189 0.458000 0.437736 0.470000 0.447170 0.474000 0.454717 0.474000 0.467925 0.494000 0.466038 0.504000 0.456604 0.510000 0.456604 0.522000 0.443396 0.532000 0.420755 0.532000 0.400000 0.524000 0.379245 0.524000 0.369811 0.520000 0.364151 0.510000 0.362264
0 0.776000 0.507547 0.772000 0.496226 0.760000 0.483019 0.742000 0.473585 0.734000 0.473585 0.728000 0.467925 0.672000 0.467925 0.660000 0.471698 0.638000 0.488679 0.630000 0.501887 0.632000 0.507547 0.628000 0.516981 0.618000 0.530189 0.582000 0.545283 0.586000 0.549057 0.596000 0.549057 0.618000 0.541509 0.632000 0.556604 0.634000 0.566038 0.646000 0.577358 0.656000 0.581132 0.698000 0.581132 0.712000 0.573585 0.736000 0.567925 0.758000 0.550943 0.772000 0.535849 0.776000 0.524528
0 0.440000 0.590566 0.434000 0.603774 0.428000 0.609434 0.430000 0.613208 0.426000 0.616981 0.420000 0.649057 0.398000 0.662264 0.382000 0.677358 0.412000 0.666038 0.426000 0.654717 0.430000 0.645283 0.430000 0.633962 0.434000 0.630189 0.434000 0.618868 0.442000 0.609434
0 0.722000 0.369811 0.690000 0.352830 0.656000 0.352830 0.650000 0.358491 0.630000 0.352830 0.608000 0.367925 0.594000 0.386792 0.582000 0.386792 0.574000 0.390566 0.568000 0.398113 0.564000 0.416981 0.558000 0.428302 0.556000 0.462264 0.540000 0.483019 0.516000 0.505660 0.514000 0.503774 0.510000 0.518868 0.538000 0.494340 0.568000 0.473585 0.580000 0.473585 0.590000 0.479245 0.596000 0.479245 0.600000 0.475472 0.630000 0.477358 0.640000 0.473585 0.642000 0.466038 0.648000 0.460377 0.676000 0.449057 0.684000 0.441509 0.694000 0.443396 0.708000 0.433962 0.710000 0.422642 0.730000 0.396226
0 0.418000 0.522642 0.418000 0.535849 0.432000 0.541509 0.442000 0.550943 0.456000 0.539623 0.468000 0.535849 0.458000 0.526415 0.438000 0.516981 0.430000 0.516981
0 0.194000 0.396226 0.192000 0.418868 0.198000 0.432075 0.210000 0.443396 0.210000 0.447170 0.214000 0.447170 0.240000 0.464151 0.246000 0.462264 0.274000 0.477358 0.310000 0.473585 0.326000 0.460377 0.338000 0.460377 0.374000 0.473585 0.374000 0.477358 0.380000 0.483019 0.398000 0.490566 0.432000 0.515094 0.438000 0.515094 0.454000 0.522642 0.446000 0.516981 0.440000 0.507547 0.436000 0.509434 0.412000 0.490566 0.386000 0.479245 0.346000 0.452830 0.340000 0.445283 0.344000 0.433962 0.338000 0.422642 0.338000 0.413208 0.330000 0.405660 0.320000 0.403774 0.302000 0.383019 0.292000 0.379245 0.240000 0.375472 0.226000 0.381132 0.210000 0.381132
0 0.366000 0.171698 0.342000 0.183019 0.334000 0.190566 0.326000 0.205660 0.320000 0.228302 0.320000 0.249057 0.328000 0.273585 0.328000 0.292453 0.358000 0.318868 0.358000 0.328302 0.364000 0.337736 0.360000 0.341509 0.374000 0.341509 0.390000 0.347170 0.406000 0.360377 0.414000 0.371698 0.414000 0.377358 0.426000 0.383019 0.434000 0.392453 0.434000 0.367925 0.448000 0.349057 0.448000 0.343396 0.440000 0.335849 0.440000 0.332075 0.446000 0.324528 0.456000 0.320755 0.460000 0.311321 0.460000 0.298113 0.456000 0.290566 0.460000 0.249057 0.456000 0.239623 0.444000 0.230189 0.440000 0.213208 0.410000 0.181132 0.394000 0.171698
0 0.442000 0.552830 0.424000 0.539623 0.412000 0.543396 0.376000 0.545283 0.364000 0.550943 0.348000 0.571698 0.344000 0.583019 0.344000 0.598113 0.360000 0.605660 0.380000 0.607547 0.400000 0.605660 0.408000 0.600000 0.422000 0.596226 0.430000 0.590566 0.436000 0.573585 0.444000 0.569811
0 0.348000 0.345283 0.340000 0.358491 0.342000 0.364151 0.332000 0.377358 0.332000 0.388679 0.344000 0.401887 0.340000 0.422642 0.346000 0.439623 0.360000 0.450943 0.360000 0.458491 0.386000 0.477358 0.392000 0.479245 0.394000 0.475472 0.404000 0.471698 0.414000 0.473585 0.428000 0.488679 0.438000 0.505660 0.452000 0.518868 0.440000 0.498113 0.438000 0.484906 0.434000 0.481132 0.436000 0.464151 0.446000 0.460377 0.446000 0.445283 0.438000 0.424528 0.436000 0.396226 0.426000 0.384906 0.404000 0.377358 0.404000 0.360377 0.390000 0.349057 0.374000 0.343396
0 0.064000 0.496226 0.064000 0.513208 0.074000 0.526415 0.082000 0.528302 0.100000 0.545283 0.116000 0.550943 0.122000 0.550943 0.130000 0.545283 0.138000 0.545283 0.156000 0.552830 0.178000 0.550943 0.188000 0.545283 0.198000 0.556604 0.204000 0.558491 0.214000 0.554717 0.232000 0.535849 0.248000 0.535849 0.262000 0.522642 0.282000 0.516981 0.304000 0.516981 0.314000 0.522642 0.334000 0.520755 0.340000 0.524528 0.362000 0.524528 0.372000 0.528302 0.418000 0.533962 0.416000 0.526415 0.390000 0.526415 0.380000 0.520755 0.346000 0.518868 0.338000 0.515094 0.302000 0.511321 0.296000 0.507547 0.270000 0.501887 0.252000 0.492453 0.238000 0.473585 0.238000 0.464151 0.222000 0.456604 0.214000 0.449057 0.204000 0.452830 0.194000 0.449057 0.176000 0.449057 0.158000 0.460377 0.142000 0.458491 0.110000 0.462264 0.084000 0.473585 0.072000 0.483019