0 0.480000 0.501887 0.468000 0.518868 0.468000 0.526415 0.478000 0.533962 0.492000 0.532075 0.500000 0.524528 0.500000 0.513208 0.490000 0.501887
0 0.388000 0.501887 0.374000 0.516981 0.374000 0.526415 0.360000 0.541509 0.360000 0.573585 0.368000 0.586792 0.382000 0.590566 0.386000 0.594340 0.398000 0.598113 0.426000 0.596226 0.452000 0.581132 0.466000 0.560377 0.466000 0.552830 0.474000 0.541509 0.474000 0.533962 0.466000 0.526415 0.454000 0.522642 0.450000 0.516981 0.434000 0.509434 0.426000 0.513208 0.420000 0.509434 0.426000 0.507547
0 0.328000 0.292453 0.318000 0.313208 0.312000 0.316981 0.312000 0.343396 0.322000 0.356604 0.322000 0.379245 0.344000 0.409434 0.346000 0.420755 0.364000 0.428302 0.378000 0.428302 0.388000 0.435849 0.404000 0.433962 0.410000 0.437736 0.416000 0.430189 0.422000 0.432075 0.458000 0.469811 0.492000 0.500000 0.494000 0.496226 0.464000 0.467925 0.462000 0.460377 0.436000 0.424528 0.434000 0.411321 0.442000 0.403774 0.440000 0.388679 0.448000 0.367925 0.440000 0.360377 0.428000 0.360377 0.408000 0.341509 0.408000 0.313208 0.388000 0.298113 0.374000 0.296226 0.366000 0.290566 0.336000 0.288679
0 0.478000 0.535849 0.480000 0.569811 0.484000 0.575472 0.506000 0.577358 0.512000 0.571698 0.518000 0.554717 0.518000 0.547170 0.508000 0.535849 0.510000 0.533962 0.494000 0.532075
0 0.452000 0.484906 0.442000 0.490566 0.436000 0.500000 0.436000 0.509434 0.450000 0.515094 0.454000 0.520755 0.466000 0.524528 0.472000 0.507547 0.482000 0.500000 0.468000 0.486792 0.462000 0.488679
0 0.058000 0.424528 0.058000 0.439623 0.068000 0.458491 0.084000 0.471698 0.084000 0.475472 0.098000 0.488679 0.122000 0.498113 0.148000 0.496226 0.162000 0.505660 0.172000 0.505660 0.188000 0.500000 0.194000 0.494340 0.202000 0.494340 0.208000 0.500000 0.216000 0.500000 0.240000 0.479245 0.254000 0.483019 0.266000 0.475472 0.290000 0.475472 0.318000 0.481132 0.330000 0.486792 0.342000 0.486792 0.382000 0.496226 0.386000 0.500000 0.434000 0.507547 0.434000 0.500000 0.418000 0.500000 0.404000 0.492453 0.376000 0.490566 0.370000 0.486792 0.294000 0.469811 0.290000 0.466038 0.276000 0.462264 0.264000 0.447170 0.260000 0.430189 0.244000 0.420755 0.240000 0.407547 0.230000 0.398113 0.220000 0.400000 0.212000 0.392453 0.188000 0.383019 0.116000 0.383019 0.086000 0.396226 0.062000 0.416981
0 0.220000 0.318868 0.210000 0.335849 0.210000 0.350943 0.232000 0.383019 0.246000 0.396226 0.274000 0.415094 0.306000 0.415094 0.320000 0.418868 0.338000 0.405660 0.320000 0.379245 0.320000 0.356604 0.310000 0.343396 0.310000 0.316981 0.286000 0.307547 0.240000 0.305660
0 0.512000 0.532075 0.510000 0.535849 0.540000 0.566038 0.550000 0.571698 0.560000 0.583019 0.582000 0.596226 0.598000 0.611321 0.622000 0.626415 0.638000 0.641509 0.648000 0.654717 0.650000 0.683019 0.660000 0.696226 0.662000 0.716981 0.672000 0.726415 0.690000 0.728302 0.710000 0.752830 0.720000 0.756604 0.738000 0.756604 0.746000 0.762264 0.782000 0.762264 0.788000 0.758491 0.812000 0.756604 0.830000 0.750943 0.844000 0.737736 0.846000 0.720755 0.840000 0.707547 0.830000 0.700000 0.822000 0.681132 0.804000 0.664151 0.796000 0.662264 0.778000 0.643396 0.764000 0.637736 0.752000 0.637736 0.742000 0.628302 0.734000 0.626415 0.712000 0.628302 0.706000 0.632075 0.686000 0.630189 0.680000 0.633962 0.660000 0.635849 0.634000 0.620755 0.624000 0.618868 0.590000 0.598113 0.574000 0.583019 0.536000 0.556604 0.518000 0.530189
0 0.490000 0.577358 0.486000 0.577358 0.484000 0.635849 0.480000 0.647170 0.460000 0.656604 0.450000 0.666038 0.446000 0.675472 0.448000 0.686792 0.470000 0.669811 0.478000 0.667925 0.488000 0.656604
0 0.496000 0.505660 0.502000 0.513208 0.502000 0.524528 0.496000 0.530189 0.520000 0.530189 0.522000 0.518868 0.512000 0.505660
0 0.860000 0.405660 0.842000 0.388679 0.808000 0.377358 0.782000 0.381132 0.750000 0.392453 0.720000 0.413208 0.714000 0.428302 0.712000 0.458491 0.706000 0.469811 0.666000 0.496226 0.654000 0.498113 0.634000 0.507547 0.646000 0.511321 0.658000 0.503774 0.708000 0.490566 0.726000 0.494340 0.742000 0.509434 0.786000 0.513208 0.810000 0.505660 0.846000 0.479245 0.864000 0.454717 0.868000 0.426415 0.862000 0.416981
0 0.524000 0.522642 0.524000 0.528302 0.536000 0.530189 0.542000 0.537736 0.536000 0.554717 0.584000 0.590566 0.588000 0.588679 0.594000 0.592453 0.626000 0.592453 0.634000 0.583019 0.644000 0.579245 0.654000 0.564151 0.660000 0.541509 0.656000 0.530189 0.640000 0.511321 0.632000 0.507547 0.626000 0.509434 0.616000 0.503774 0.598000 0.507547 0.588000 0.503774 0.576000 0.507547 0.560000 0.503774 0.554000 0.515094 0.538000 0.522642
0 0.540000 0.284906 0.528000 0.284906 0.510000 0.292453 0.494000 0.309434 0.486000 0.324528 0.484000 0.352830 0.494000 0.375472 0.516000 0.384906 0.524000 0.394340 0.522000 0.411321 0.530000 0.411321 0.532000 0.401887 0.540000 0.392453 0.562000 0.383019 0.578000 0.369811 0.586000 0.349057 0.584000 0.328302 0.576000 0.316981 0.574000 0.305660 0.558000 0.290566
0 0.400000 0.600000 0.388000 0.596226 0.384000 0.603774 0.342000 0.635849 0.334000 0.635849 0.322000 0.641509 0.302000 0.639623 0.292000 0.645283 0.262000 0.647170 0.258000 0.650943 0.258000 0.660377 0.238000 0.681132 0.236000 0.688679 0.214000 0.709434 0.202000 0.730189 0.202000 0.773585 0.208000 0.786792 0.216000 0.794340 0.232000 0.801887 0.264000 0.800000 0.278000 0.790566 0.290000 0.788679 0.308000 0.777358 0.316000 0.769811 0.318000 0.762264 0.340000 0.747170 0.348000 0.733962 0.348000 0.709434 0.356000 0.700000 0.348000 0.671698 0.348000 0.656604 0.366000 0.632075
0 0.532000 0.411321 0.506000 0.416981 0.500000 0.424528 0.490000 0.430189 0.486000 0.437736 0.488000 0.462264 0.482000 0.467925 0.482000 0.475472 0.488000 0.483019 0.488000 0.488679 0.496000 0.496226 0.496000 0.503774 0.512000 0.503774 0.514000 0.507547 0.550000 0.483019 0.554000 0.473585 0.556000 0.433962
0 0.760000 0.233962 0.740000 0.224528 0.710000 0.220755 0.696000 0.228302 0.680000 0.247170 0.666000 0.249057 0.654000 0.260377 0.648000 0.269811 0.646000 0.284906 0.640000 0.290566 0.632000 0.290566 0.626000 0.296226 0.626000 0.318868 0.618000 0.326415 0.614000 0.335849 0.618000 0.369811 0.622000 0.373585 0.620000 0.392453 0.598000 0.422642 0.588000 0.430189 0.586000 0.437736 0.556000 0.466038 0.552000 0.481132 0.580000 0.452830 0.588000 0.449057 0.588000 0.445283 0.620000 0.411321 0.644000 0.392453 0.662000 0.386792 0.688000 0.388679 0.698000 0.381132 0.726000 0.381132 0.732000 0.377358 0.732000 0.362264 0.746000 0.354717 0.748000 0.349057 0.770000 0.330189 0.768000 0.316981 0.778000 0.305660 0.782000 0.294340 0.782000 0.275472 0.776000 0.254717 0.764000 0.245283
0 0.418000 0.113208 0.408000 0.116981 0.390000 0.133962 0.378000 0.154717 0.372000 0.177358 0.370000 0.211321 0.376000 0.237736 0.380000 0.245283 0.400000 0.262264 0.404000 0.283019 0.426000 0.298113 0.438000 0.313208 0.454000 0.322642 0.474000 0.375472 0.476000 0.401887 0.486000 0.435849 0.492000 0.424528 0.486000 0.407547 0.476000 0.354717 0.476000 0.320755 0.482000 0.303774 0.496000 0.292453 0.496000 0.279245 0.508000 0.264151 0.510000 0.245283 0.502000 0.233962 0.510000 0.205660 0.506000 0.179245 0.500000 0.160377 0.488000 0.141509 0.460000 0.116981 0.446000 0.113208
0 0.492000 0.577358 0.490000 0.656604 0.478000 0.669811 0.470000 0.671698 0.448000 0.688679 0.440000 0.701887 0.440000 0.709434 0.446000 0.715094 0.446000 0.722642 0.440000 0.732075 0.440000 0.762264 0.444000 0.767925 0.442000 0.788679 0.448000 0.805660 0.484000 0.832075 0.500000 0.833962 0.518000 0.830189 0.550000 0.798113 0.550000 0.792453 0.558000 0.779245 0.558000 0.760377 0.564000 0.750943 0.564000 0.745283 0.558000 0.728302 0.552000 0.722642 0.552000 0.716981 0.558000 0.711321 0.556000 0.701887 0.538000 0.684906 0.534000 0.671698 0.528000 0.669811 0.504000 0.649057 0.500000 0.626415 0.500000 0.577358