0 0.558000 0.426415 0.546000 0.416981 0.518000 0.418868 0.496000 0.432075 0.494000 0.439623 0.486000 0.447170 0.486000 0.458491 0.482000 0.462264 0.496000 0.471698 0.496000 0.477358 0.528000 0.473585 0.550000 0.460377 0.552000 0.447170 0.558000 0.441509
0 0.458000 0.437736 0.448000 0.443396 0.446000 0.452830 0.452000 0.460377 0.450000 0.464151 0.462000 0.473585 0.474000 0.462264 0.474000 0.447170 0.472000 0.443396
0 0.228000 0.283019 0.220000 0.296226 0.220000 0.316981 0.228000 0.339623 0.228000 0.352830 0.234000 0.364151 0.272000 0.388679 0.298000 0.388679 0.304000 0.394340 0.312000 0.394340 0.336000 0.384906 0.352000 0.386792 0.362000 0.394340 0.374000 0.398113 0.380000 0.407547 0.388000 0.409434 0.406000 0.424528 0.418000 0.430189 0.424000 0.439623 0.450000 0.462264 0.444000 0.450943 0.416000 0.424528 0.408000 0.420755 0.362000 0.375472 0.356000 0.356604 0.364000 0.337736 0.360000 0.332075 0.354000 0.332075 0.350000 0.328302 0.350000 0.313208 0.346000 0.301887 0.336000 0.288679 0.326000 0.284906 0.304000 0.267925 0.296000 0.267925 0.290000 0.264151 0.264000 0.264151 0.248000 0.267925
0 0.436000 0.492453 0.408000 0.511321 0.400000 0.520755 0.392000 0.522642 0.380000 0.537736 0.352000 0.556604 0.338000 0.562264 0.322000 0.560377 0.310000 0.566038 0.286000 0.567925 0.268000 0.573585 0.266000 0.579245 0.240000 0.605660 0.236000 0.615094 0.236000 0.647170 0.244000 0.664151 0.260000 0.675472 0.260000 0.679245 0.280000 0.677358 0.288000 0.671698 0.298000 0.669811 0.318000 0.654717 0.338000 0.622642 0.338000 0.613208 0.342000 0.609434 0.354000 0.607547 0.356000 0.603774 0.356000 0.571698 0.362000 0.560377 0.398000 0.528302 0.406000 0.524528 0.416000 0.513208 0.436000 0.500000
0 0.418000 0.364151 0.406000 0.373585 0.406000 0.405660 0.418000 0.416981 0.440000 0.420755 0.444000 0.424528 0.448000 0.437736 0.452000 0.439623 0.456000 0.437736 0.452000 0.426415 0.454000 0.411321 0.466000 0.396226 0.464000 0.384906 0.458000 0.377358 0.458000 0.367925 0.438000 0.362264
0 0.790000 0.437736 0.774000 0.416981 0.758000 0.411321 0.752000 0.405660 0.732000 0.405660 0.708000 0.411321 0.684000 0.407547 0.678000 0.409434 0.660000 0.428302 0.650000 0.428302 0.646000 0.432075 0.642000 0.447170 0.624000 0.464151 0.606000 0.469811 0.584000 0.469811 0.558000 0.475472 0.522000 0.475472 0.496000 0.479245 0.488000 0.483019 0.532000 0.484906 0.594000 0.477358 0.614000 0.477358 0.622000 0.481132 0.630000 0.475472 0.652000 0.492453 0.658000 0.503774 0.676000 0.503774 0.684000 0.509434 0.702000 0.515094 0.714000 0.515094 0.724000 0.509434 0.756000 0.503774 0.780000 0.481132 0.790000 0.466038
0 0.462000 0.483019 0.456000 0.483019 0.440000 0.490566 0.438000 0.496226 0.442000 0.518868 0.456000 0.532075 0.476000 0.528302 0.492000 0.509434 0.472000 0.492453 0.472000 0.488679 0.468000 0.488679
0 0.336000 0.439623 0.338000 0.462264 0.352000 0.479245 0.366000 0.486792 0.380000 0.486792 0.386000 0.490566 0.436000 0.490566 0.438000 0.494340 0.440000 0.488679 0.460000 0.481132 0.460000 0.475472 0.422000 0.439623 0.418000 0.432075 0.404000 0.424528 0.394000 0.430189 0.386000 0.430189 0.376000 0.422642 0.368000 0.422642 0.364000 0.426415 0.348000 0.428302
0 0.364000 0.486792 0.354000 0.481132 0.338000 0.484906 0.330000 0.481132 0.312000 0.464151 0.292000 0.462264 0.284000 0.467925 0.266000 0.471698 0.248000 0.488679 0.242000 0.507547 0.244000 0.522642 0.248000 0.530189 0.258000 0.537736 0.296000 0.545283 0.328000 0.528302 0.332000 0.518868 0.332000 0.500000 0.338000 0.494340 0.358000 0.490566
0 0.474000 0.488679 0.476000 0.494340 0.520000 0.528302 0.526000 0.541509 0.526000 0.547170 0.522000 0.550943 0.526000 0.564151 0.550000 0.596226 0.556000 0.600000 0.574000 0.598113 0.590000 0.615094 0.596000 0.616981 0.636000 0.613208 0.646000 0.601887 0.646000 0.581132 0.634000 0.558491 0.626000 0.550943 0.604000 0.543396 0.598000 0.532075 0.580000 0.520755 0.528000 0.520755 0.498000 0.503774 0.482000 0.488679
0 0.650000 0.254717 0.636000 0.247170 0.612000 0.249057 0.592000 0.256604 0.580000 0.264151 0.556000 0.294340 0.552000 0.316981 0.560000 0.335849 0.570000 0.347170 0.570000 0.352830 0.526000 0.416981 0.538000 0.413208 0.560000 0.379245 0.576000 0.364151 0.590000 0.360377 0.616000 0.364151 0.642000 0.352830 0.648000 0.339623 0.658000 0.328302 0.664000 0.307547 0.664000 0.281132 0.660000 0.275472 0.660000 0.267925
0 0.494000 0.471698 0.476000 0.462264 0.462000 0.475472 0.462000 0.481132 0.468000 0.486792 0.480000 0.486792 0.494000 0.479245
0 0.468000 0.530189 0.472000 0.533962 0.474000 0.543396 0.464000 0.558491 0.466000 0.581132 0.486000 0.596226 0.494000 0.598113 0.500000 0.594340 0.508000 0.594340 0.520000 0.581132 0.524000 0.566038 0.522000 0.552830 0.502000 0.535849 0.486000 0.537736 0.476000 0.530189
0 0.524000 0.233962 0.500000 0.235849 0.466000 0.264151 0.464000 0.277358 0.448000 0.298113 0.452000 0.322642 0.448000 0.337736 0.464000 0.354717 0.474000 0.358491 0.480000 0.367925 0.476000 0.428302 0.472000 0.435849 0.474000 0.445283 0.480000 0.439623 0.480000 0.422642 0.486000 0.407547 0.490000 0.377358 0.498000 0.367925 0.522000 0.358491 0.528000 0.352830 0.528000 0.343396 0.534000 0.332075 0.532000 0.307547 0.544000 0.298113 0.546000 0.292453 0.542000 0.258491 0.534000 0.241509
0 0.446000 0.528302 0.446000 0.558491 0.450000 0.583019 0.448000 0.611321 0.440000 0.622642 0.416000 0.637736 0.406000 0.660377 0.406000 0.679245 0.420000 0.694340 0.428000 0.713208 0.454000 0.741509 0.474000 0.749057 0.482000 0.749057 0.488000 0.745283 0.498000 0.745283 0.512000 0.732075 0.522000 0.707547 0.522000 0.669811 0.526000 0.666038 0.528000 0.650943 0.520000 0.635849 0.502000 0.615094 0.474000 0.615094 0.464000 0.609434 0.456000 0.592453 0.452000 0.573585 0.454000 0.532075
0 0.600000 0.500000 0.590000 0.507547 0.582000 0.520755 0.598000 0.530189 0.604000 0.541509 0.626000 0.549057 0.638000 0.562264 0.648000 0.556604 0.658000 0.545283 0.658000 0.520755 0.628000 0.496226