0 0.388000 0.550943 0.406000 0.566038 0.440000 0.558491 0.460000 0.541509 0.460000 0.535849 0.466000 0.530189 0.470000 0.530189 0.468000 0.516981 0.462000 0.516981 0.442000 0.505660 0.404000 0.507547 0.390000 0.516981
0 0.622000 0.509434 0.596000 0.513208 0.580000 0.520755 0.576000 0.518868 0.580000 0.532075 0.580000 0.556604 0.594000 0.569811 0.620000 0.569811 0.636000 0.554717 0.640000 0.547170 0.638000 0.526415
0 0.366000 0.500000 0.358000 0.507547 0.356000 0.533962 0.370000 0.552830 0.382000 0.554717 0.388000 0.552830 0.388000 0.516981 0.408000 0.503774
0 0.370000 0.373585 0.348000 0.407547 0.354000 0.418868 0.352000 0.430189 0.364000 0.449057 0.372000 0.454717 0.376000 0.466038 0.404000 0.477358 0.414000 0.477358 0.420000 0.471698 0.430000 0.469811 0.456000 0.492453 0.462000 0.492453 0.458000 0.481132 0.440000 0.460377 0.448000 0.447170 0.448000 0.428302 0.444000 0.422642 0.436000 0.420755 0.428000 0.413208 0.426000 0.398113 0.420000 0.392453 0.418000 0.384906 0.386000 0.371698
0 0.480000 0.507547 0.476000 0.513208 0.470000 0.515094 0.470000 0.537736 0.480000 0.552830 0.480000 0.575472 0.488000 0.575472 0.496000 0.566038 0.498000 0.558491 0.494000 0.541509 0.498000 0.518868 0.502000 0.513208 0.490000 0.513208
0 0.442000 0.503774 0.462000 0.515094 0.468000 0.515094 0.478000 0.509434 0.476000 0.500000 0.464000 0.494340 0.456000 0.494340 0.446000 0.503774
0 0.072000 0.460377 0.074000 0.479245 0.082000 0.490566 0.098000 0.501887 0.112000 0.518868 0.140000 0.526415 0.150000 0.526415 0.160000 0.520755 0.166000 0.520755 0.176000 0.528302 0.184000 0.528302 0.204000 0.520755 0.210000 0.515094 0.226000 0.518868 0.244000 0.498113 0.258000 0.498113 0.270000 0.488679 0.300000 0.488679 0.372000 0.500000 0.440000 0.503774 0.402000 0.498113 0.390000 0.492453 0.358000 0.492453 0.278000 0.477358 0.260000 0.466038 0.254000 0.450943 0.246000 0.443396 0.238000 0.441509 0.228000 0.426415 0.210000 0.424528 0.198000 0.416981 0.188000 0.416981 0.182000 0.413208 0.128000 0.416981 0.092000 0.435849
0 0.200000 0.330189 0.196000 0.345283 0.214000 0.377358 0.230000 0.394340 0.258000 0.411321 0.290000 0.411321 0.302000 0.415094 0.324000 0.401887 0.338000 0.401887 0.348000 0.405660 0.352000 0.400000 0.352000 0.396226 0.346000 0.390566 0.350000 0.352830 0.338000 0.345283 0.312000 0.318868 0.298000 0.318868 0.270000 0.307547 0.226000 0.307547 0.216000 0.311321
0 0.536000 0.573585 0.562000 0.600000 0.582000 0.613208 0.608000 0.637736 0.612000 0.645283 0.612000 0.671698 0.618000 0.679245 0.618000 0.694340 0.628000 0.707547 0.642000 0.709434 0.666000 0.733962 0.688000 0.735849 0.702000 0.743396 0.724000 0.743396 0.732000 0.739623 0.760000 0.737736 0.778000 0.730189 0.784000 0.724528 0.786000 0.696226 0.776000 0.684906 0.776000 0.679245 0.756000 0.656604 0.744000 0.650943 0.728000 0.633962 0.706000 0.630189 0.694000 0.618868 0.678000 0.618868 0.662000 0.624528 0.644000 0.622642 0.638000 0.626415 0.624000 0.626415 0.600000 0.615094 0.552000 0.581132 0.550000 0.577358 0.554000 0.573585
0 0.814000 0.411321 0.796000 0.394340 0.758000 0.383019 0.752000 0.398113 0.740000 0.407547 0.736000 0.407547 0.728000 0.418868 0.700000 0.439623 0.672000 0.450943 0.672000 0.466038 0.650000 0.486792 0.606000 0.507547 0.598000 0.505660 0.564000 0.513208 0.580000 0.518868 0.584000 0.515094 0.622000 0.507547 0.646000 0.496226 0.672000 0.488679 0.688000 0.492453 0.704000 0.507547 0.718000 0.507547 0.728000 0.511321 0.758000 0.509434 0.794000 0.486792 0.804000 0.477358 0.804000 0.473585 0.816000 0.458491 0.820000 0.433962
0 0.504000 0.513208 0.500000 0.518868 0.498000 0.541509 0.516000 0.566038 0.524000 0.566038 0.534000 0.573585 0.556000 0.571698 0.578000 0.556604 0.578000 0.532075 0.574000 0.518868 0.566000 0.516981 0.554000 0.505660 0.538000 0.501887 0.526000 0.509434 0.514000 0.507547
0 0.544000 0.284906 0.512000 0.284906 0.498000 0.294340 0.478000 0.320755 0.478000 0.347170 0.482000 0.366038 0.488000 0.375472 0.504000 0.381132 0.514000 0.394340 0.514000 0.409434 0.506000 0.424528 0.498000 0.450943 0.508000 0.450943 0.508000 0.441509 0.522000 0.411321 0.522000 0.396226 0.564000 0.375472 0.576000 0.354717 0.576000 0.330189 0.568000 0.315094 0.566000 0.303774 0.554000 0.290566
0 0.408000 0.567925 0.400000 0.566038 0.350000 0.605660 0.326000 0.618868 0.298000 0.616981 0.266000 0.624528 0.262000 0.632075 0.238000 0.650943 0.232000 0.666038 0.216000 0.684906 0.208000 0.703774 0.208000 0.743396 0.210000 0.750943 0.224000 0.766038 0.240000 0.771698 0.256000 0.771698 0.270000 0.767925 0.284000 0.758491 0.292000 0.758491 0.312000 0.747170 0.320000 0.737736 0.322000 0.730189 0.342000 0.716981 0.348000 0.703774 0.348000 0.677358 0.354000 0.662264 0.346000 0.643396 0.346000 0.630189 0.366000 0.605660
0 0.442000 0.650943 0.430000 0.667925 0.430000 0.711321 0.456000 0.749057 0.468000 0.752830 0.488000 0.750943 0.502000 0.741509 0.510000 0.728302 0.512000 0.716981 0.494000 0.716981 0.478000 0.709434 0.448000 0.677358 0.448000 0.667925 0.442000 0.660377
0 0.474000 0.443396 0.466000 0.452830 0.466000 0.462264 0.476000 0.479245 0.476000 0.498113 0.484000 0.509434 0.506000 0.511321 0.502000 0.509434 0.506000 0.500000 0.522000 0.488679 0.524000 0.477358 0.520000 0.464151 0.506000 0.452830 0.492000 0.452830
0 0.742000 0.333962 0.708000 0.316981 0.684000 0.320755 0.672000 0.330189 0.654000 0.328302 0.640000 0.333962 0.630000 0.350943 0.614000 0.352830 0.608000 0.371698 0.596000 0.386792 0.598000 0.422642 0.582000 0.439623 0.570000 0.445283 0.542000 0.471698 0.526000 0.479245 0.524000 0.486792 0.610000 0.433962 0.622000 0.433962 0.638000 0.445283 0.658000 0.445283 0.670000 0.449057 0.706000 0.433962 0.728000 0.416981 0.736000 0.405660 0.750000 0.398113 0.754000 0.384906 0.758000 0.381132 0.752000 0.373585 0.750000 0.349057
0 0.396000 0.141509 0.386000 0.145283 0.376000 0.154717 0.362000 0.179245 0.356000 0.200000 0.356000 0.232075 0.364000 0.258491 0.370000 0.269811 0.390000 0.284906 0.392000 0.300000 0.402000 0.309434 0.412000 0.313208 0.422000 0.326415 0.434000 0.330189 0.440000 0.335849 0.454000 0.367925 0.472000 0.441509 0.476000 0.441509 0.476000 0.428302 0.472000 0.420755 0.470000 0.396226 0.460000 0.349057 0.460000 0.333962 0.466000 0.318868 0.478000 0.305660 0.478000 0.294340 0.492000 0.271698 0.492000 0.258491 0.484000 0.250943 0.484000 0.241509 0.488000 0.235849 0.488000 0.215094 0.474000 0.179245 0.448000 0.152830 0.432000 0.143396
0 0.480000 0.577358 0.480000 0.600000 0.476000 0.603774 0.472000 0.601887 0.446000 0.613208 0.444000 0.616981 0.444000 0.660377 0.450000 0.667925 0.450000 0.677358 0.472000 0.698113 0.472000 0.701887 0.478000 0.707547 0.494000 0.715094 0.512000 0.715094 0.526000 0.701887 0.544000 0.666038 0.542000 0.650943 0.546000 0.639623 0.540000 0.630189 0.538000 0.616981 0.516000 0.600000 0.496000 0.598113 0.488000 0.584906 0.488000 0.577358