0 0.400000 0.243396 0.382000 0.256604 0.372000 0.271698 0.372000 0.277358 0.380000 0.290566 0.382000 0.309434 0.378000 0.354717 0.386000 0.371698 0.404000 0.388679 0.408000 0.400000 0.406000 0.413208 0.410000 0.422642 0.408000 0.435849 0.416000 0.437736 0.418000 0.420755 0.414000 0.411321 0.414000 0.400000 0.420000 0.386792 0.426000 0.381132 0.434000 0.379245 0.440000 0.371698 0.438000 0.332075 0.446000 0.322642 0.448000 0.311321 0.422000 0.249057 0.418000 0.245283
0 0.274000 0.173585 0.250000 0.190566 0.234000 0.230189 0.234000 0.249057 0.240000 0.254717 0.246000 0.284906 0.270000 0.305660 0.300000 0.311321 0.320000 0.311321 0.344000 0.335849 0.344000 0.343396 0.368000 0.375472 0.372000 0.388679 0.384000 0.409434 0.394000 0.413208 0.380000 0.386792 0.380000 0.381132 0.360000 0.354717 0.348000 0.332075 0.342000 0.313208 0.342000 0.301887 0.362000 0.275472 0.362000 0.262264 0.370000 0.239623 0.338000 0.196226 0.300000 0.173585
0 0.640000 0.220755 0.624000 0.213208 0.580000 0.218868 0.562000 0.230189 0.546000 0.247170 0.528000 0.260377 0.522000 0.283019 0.512000 0.294340 0.512000 0.305660 0.522000 0.322642 0.524000 0.343396 0.514000 0.352830 0.500000 0.375472 0.452000 0.420755 0.462000 0.415094 0.468000 0.415094 0.508000 0.377358 0.510000 0.371698 0.532000 0.349057 0.554000 0.345283 0.560000 0.349057 0.578000 0.350943 0.588000 0.337736 0.612000 0.328302 0.618000 0.316981 0.636000 0.305660 0.646000 0.292453 0.646000 0.279245 0.652000 0.269811 0.656000 0.252830 0.656000 0.241509 0.650000 0.230189
0 0.494000 0.428302 0.484000 0.420755 0.462000 0.416981 0.446000 0.426415 0.434000 0.428302 0.416000 0.439623 0.418000 0.447170 0.414000 0.450943 0.416000 0.460377 0.426000 0.464151 0.430000 0.462264 0.450000 0.467925 0.468000 0.467925 0.494000 0.449057
0 0.412000 0.462264 0.412000 0.466038 0.422000 0.469811 0.456000 0.496226 0.496000 0.505660 0.502000 0.509434 0.506000 0.524528 0.506000 0.547170 0.512000 0.560377 0.520000 0.566038 0.530000 0.566038 0.554000 0.579245 0.564000 0.581132 0.574000 0.588679 0.614000 0.588679 0.636000 0.579245 0.648000 0.564151 0.650000 0.547170 0.638000 0.533962 0.634000 0.520755 0.616000 0.507547 0.596000 0.507547 0.586000 0.490566 0.566000 0.484906 0.544000 0.483019 0.534000 0.488679 0.518000 0.486792 0.518000 0.492453 0.514000 0.496226 0.486000 0.498113 0.476000 0.492453 0.454000 0.486792 0.424000 0.464151
0 0.522000 0.484906 0.516000 0.479245 0.506000 0.479245 0.492000 0.486792 0.486000 0.496226 0.514000 0.494340 0.516000 0.486792
0 0.168000 0.430189 0.166000 0.452830 0.178000 0.467925 0.208000 0.481132 0.258000 0.481132 0.284000 0.464151 0.292000 0.467925 0.302000 0.454717 0.288000 0.454717 0.280000 0.447170 0.274000 0.432075 0.260000 0.422642 0.238000 0.416981 0.218000 0.416981 0.212000 0.413208 0.192000 0.420755 0.170000 0.422642 0.172000 0.424528
0 0.398000 0.464151 0.390000 0.458491 0.386000 0.462264 0.372000 0.462264 0.364000 0.452830 0.342000 0.447170 0.326000 0.447170 0.304000 0.454717 0.296000 0.462264 0.286000 0.488679 0.296000 0.501887 0.318000 0.505660 0.332000 0.518868 0.336000 0.518868 0.366000 0.501887 0.386000 0.479245 0.394000 0.479245
0 0.076000 0.339623 0.072000 0.352830 0.072000 0.369811 0.076000 0.377358 0.088000 0.388679 0.096000 0.390566 0.104000 0.400000 0.138000 0.411321 0.160000 0.415094 0.168000 0.420755 0.200000 0.416981 0.204000 0.413208 0.214000 0.411321 0.224000 0.401887 0.258000 0.403774 0.320000 0.432075 0.326000 0.432075 0.340000 0.441509 0.378000 0.452830 0.362000 0.439623 0.336000 0.432075 0.322000 0.422642 0.298000 0.415094 0.270000 0.400000 0.266000 0.401887 0.250000 0.392453 0.236000 0.375472 0.236000 0.358491 0.198000 0.330189 0.184000 0.330189 0.172000 0.322642 0.144000 0.315094 0.106000 0.318868 0.090000 0.324528
0 0.456000 0.281132 0.438000 0.281132 0.450000 0.316981 0.440000 0.332075 0.442000 0.371698 0.436000 0.379245 0.434000 0.401887 0.428000 0.422642 0.420000 0.435849 0.430000 0.430189 0.436000 0.422642 0.444000 0.392453 0.446000 0.367925 0.454000 0.362264 0.476000 0.358491 0.484000 0.349057 0.490000 0.333962 0.486000 0.311321 0.474000 0.290566 0.468000 0.284906
0 0.406000 0.464151 0.414000 0.515094 0.422000 0.532075 0.422000 0.545283 0.404000 0.560377 0.406000 0.592453 0.418000 0.605660 0.438000 0.620755 0.466000 0.622642 0.480000 0.616981 0.488000 0.600000 0.486000 0.564151 0.470000 0.541509 0.462000 0.537736 0.436000 0.537736 0.430000 0.532075 0.420000 0.503774 0.418000 0.471698 0.410000 0.464151
0 0.400000 0.464151 0.396000 0.475472 0.398000 0.481132 0.392000 0.528302 0.392000 0.624528 0.386000 0.635849 0.368000 0.649057 0.364000 0.658491 0.364000 0.673585 0.356000 0.686792 0.356000 0.703774 0.372000 0.749057 0.400000 0.773585 0.418000 0.781132 0.440000 0.783019 0.472000 0.764151 0.488000 0.724528 0.488000 0.713208 0.480000 0.688679 0.480000 0.673585 0.476000 0.666038 0.448000 0.637736 0.432000 0.633962 0.422000 0.628302 0.404000 0.603774 0.406000 0.594340 0.400000 0.530189 0.406000 0.469811 0.404000 0.464151
0 0.364000 0.407547 0.358000 0.413208 0.360000 0.435849 0.382000 0.454717 0.388000 0.454717 0.398000 0.462264 0.414000 0.460377 0.414000 0.439623 0.402000 0.433962 0.396000 0.415094 0.390000 0.415094 0.374000 0.405660
0 0.696000 0.375472 0.688000 0.366038 0.660000 0.352830 0.630000 0.350943 0.604000 0.356604 0.580000 0.371698 0.576000 0.384906 0.570000 0.392453 0.572000 0.409434 0.556000 0.426415 0.518000 0.441509 0.498000 0.443396 0.492000 0.452830 0.520000 0.449057 0.530000 0.443396 0.546000 0.439623 0.554000 0.433962 0.570000 0.430189 0.584000 0.430189 0.602000 0.445283 0.638000 0.447170 0.676000 0.422642 0.696000 0.394340
0 0.304000 0.426415 0.304000 0.452830 0.326000 0.445283 0.338000 0.445283 0.330000 0.435849