0 0.630000 0.471698 0.616000 0.477358 0.602000 0.492453 0.590000 0.488679 0.580000 0.492453 0.602000 0.503774 0.606000 0.520755 0.614000 0.528302 0.644000 0.526415 0.654000 0.516981 0.658000 0.498113 0.662000 0.494340 0.654000 0.484906
0 0.466000 0.237736 0.452000 0.250943 0.446000 0.279245 0.446000 0.292453 0.456000 0.311321 0.456000 0.330189 0.470000 0.341509 0.472000 0.352830 0.480000 0.356604 0.488000 0.366038 0.502000 0.364151 0.510000 0.369811 0.516000 0.379245 0.526000 0.409434 0.530000 0.413208 0.544000 0.413208 0.540000 0.413208 0.534000 0.407547 0.528000 0.396226 0.526000 0.367925 0.528000 0.356604 0.536000 0.349057 0.542000 0.349057 0.554000 0.337736 0.556000 0.318868 0.546000 0.303774 0.540000 0.286792 0.506000 0.249057 0.486000 0.237736
0 0.464000 0.415094 0.462000 0.433962 0.470000 0.443396 0.468000 0.447170 0.478000 0.454717 0.492000 0.454717 0.500000 0.460377 0.516000 0.464151 0.526000 0.460377 0.536000 0.445283 0.536000 0.433962 0.530000 0.426415 0.530000 0.418868 0.522000 0.413208 0.516000 0.413208 0.500000 0.401887 0.488000 0.401887 0.482000 0.407547 0.476000 0.407547
0 0.426000 0.426415 0.396000 0.441509 0.396000 0.445283 0.378000 0.462264 0.372000 0.481132 0.376000 0.494340 0.384000 0.501887 0.400000 0.505660 0.410000 0.515094 0.420000 0.518868 0.448000 0.520755 0.470000 0.513208 0.486000 0.488679 0.486000 0.477358 0.492000 0.471698 0.512000 0.464151 0.498000 0.460377 0.490000 0.466038 0.480000 0.466038 0.474000 0.460377 0.478000 0.456604 0.440000 0.430189
0 0.542000 0.452830 0.536000 0.458491 0.536000 0.467925 0.550000 0.488679 0.560000 0.492453 0.578000 0.492453 0.588000 0.486792 0.590000 0.467925 0.594000 0.464151 0.586000 0.458491 0.584000 0.452830 0.578000 0.449057 0.566000 0.450943 0.562000 0.447170
0 0.546000 0.415094 0.528000 0.415094 0.538000 0.433962 0.538000 0.445283 0.528000 0.458491 0.534000 0.460377 0.542000 0.450943 0.560000 0.445283 0.554000 0.441509 0.556000 0.426415 0.550000 0.424528 0.550000 0.418868
0 0.570000 0.507547 0.570000 0.518868 0.580000 0.526415 0.606000 0.558491 0.604000 0.588679 0.614000 0.598113 0.618000 0.609434 0.628000 0.620755 0.644000 0.622642 0.658000 0.637736 0.680000 0.641509 0.686000 0.647170 0.706000 0.645283 0.724000 0.633962 0.728000 0.626415 0.728000 0.603774 0.724000 0.588679 0.716000 0.575472 0.684000 0.545283 0.672000 0.539623 0.658000 0.539623 0.646000 0.532075 0.638000 0.533962 0.626000 0.543396 0.612000 0.543396 0.594000 0.533962
0 0.532000 0.460377 0.528000 0.460377 0.524000 0.473585 0.500000 0.475472 0.486000 0.490566 0.486000 0.509434 0.496000 0.528302 0.496000 0.533962 0.508000 0.541509 0.534000 0.541509 0.556000 0.522642 0.568000 0.518868 0.566000 0.501887 0.558000 0.492453 0.550000 0.490566 0.542000 0.483019
0 0.658000 0.367925 0.646000 0.360377 0.610000 0.364151 0.604000 0.369811 0.602000 0.377358 0.584000 0.386792 0.570000 0.405660 0.570000 0.413208 0.556000 0.428302 0.556000 0.441509 0.566000 0.437736 0.596000 0.441509 0.622000 0.435849 0.638000 0.428302 0.644000 0.422642 0.644000 0.416981 0.654000 0.407547 0.662000 0.388679 0.662000 0.375472
0 0.496000 0.535849 0.486000 0.543396 0.474000 0.543396 0.464000 0.549057 0.452000 0.560377 0.444000 0.577358 0.444000 0.586792 0.454000 0.616981 0.470000 0.632075 0.480000 0.635849 0.506000 0.632075 0.520000 0.620755 0.526000 0.605660 0.532000 0.600000 0.532000 0.583019 0.524000 0.558491 0.520000 0.554717 0.514000 0.554717 0.506000 0.547170 0.510000 0.543396
0 0.800000 0.394340 0.792000 0.381132 0.782000 0.375472 0.752000 0.369811 0.708000 0.367925 0.678000 0.381132 0.672000 0.386792 0.672000 0.420755 0.668000 0.426415 0.648000 0.435849 0.626000 0.441509 0.622000 0.437736 0.614000 0.437736 0.596000 0.443396 0.584000 0.443396 0.582000 0.450943 0.622000 0.447170 0.660000 0.439623 0.680000 0.430189 0.700000 0.426415 0.744000 0.426415 0.768000 0.433962 0.770000 0.430189 0.794000 0.420755 0.800000 0.411321
0 0.322000 0.371698 0.318000 0.384906 0.318000 0.401887 0.332000 0.420755 0.352000 0.432075 0.370000 0.437736 0.396000 0.439623 0.424000 0.426415 0.424000 0.418868 0.432000 0.411321 0.448000 0.418868 0.454000 0.418868 0.460000 0.426415 0.462000 0.415094 0.434000 0.401887 0.432000 0.377358 0.426000 0.362264 0.404000 0.349057 0.368000 0.347170 0.334000 0.360377
0 0.776000 0.464151 0.776000 0.450943 0.766000 0.435849 0.744000 0.428302 0.700000 0.428302 0.680000 0.432075 0.660000 0.441509 0.586000 0.452830 0.588000 0.458491 0.596000 0.464151 0.624000 0.462264 0.630000 0.467925 0.628000 0.469811 0.646000 0.477358 0.664000 0.492453 0.688000 0.498113 0.712000 0.498113 0.732000 0.494340 0.756000 0.483019
0 0.626000 0.198113 0.608000 0.198113 0.588000 0.207547 0.570000 0.224528 0.552000 0.260377 0.550000 0.294340 0.546000 0.296226 0.554000 0.315094 0.564000 0.320755 0.582000 0.341509 0.580000 0.367925 0.570000 0.386792 0.570000 0.392453 0.560000 0.405660 0.560000 0.411321 0.552000 0.416981 0.552000 0.424528 0.560000 0.422642 0.568000 0.413208 0.568000 0.405660 0.582000 0.388679 0.582000 0.379245 0.594000 0.354717 0.622000 0.333962 0.636000 0.330189 0.640000 0.326415 0.644000 0.311321 0.658000 0.298113 0.662000 0.288679 0.662000 0.256604 0.658000 0.241509 0.642000 0.209434