0 0.528000 0.560377 0.526000 0.598113 0.512000 0.609434 0.512000 0.615094 0.518000 0.620755 0.528000 0.620755 0.532000 0.637736 0.538000 0.641509 0.546000 0.632075 0.550000 0.632075 0.552000 0.620755 0.550000 0.609434 0.544000 0.609434 0.536000 0.596226 0.536000 0.564151
0 0.394000 0.441509 0.394000 0.462264 0.408000 0.475472 0.428000 0.471698 0.436000 0.479245 0.442000 0.479245 0.456000 0.469811 0.496000 0.496226 0.502000 0.503774 0.510000 0.503774 0.518000 0.509434 0.520000 0.507547 0.476000 0.471698 0.424000 0.456604
0 0.492000 0.418868 0.492000 0.426415 0.482000 0.443396 0.486000 0.454717 0.500000 0.462264 0.514000 0.452830 0.528000 0.473585 0.530000 0.488679 0.532000 0.466038 0.518000 0.447170 0.512000 0.428302 0.504000 0.420755
0 0.498000 0.500000 0.494000 0.500000 0.478000 0.515094 0.474000 0.532075 0.456000 0.556604 0.456000 0.569811 0.466000 0.586792 0.472000 0.588679 0.508000 0.575472 0.522000 0.560377 0.526000 0.562264 0.528000 0.558491 0.528000 0.541509 0.534000 0.535849 0.530000 0.535849 0.516000 0.520755 0.516000 0.509434 0.510000 0.505660 0.502000 0.505660
0 0.470000 0.588679 0.454000 0.609434 0.422000 0.615094 0.414000 0.626415 0.412000 0.635849 0.406000 0.641509 0.402000 0.662264 0.404000 0.677358 0.420000 0.696226 0.432000 0.701887 0.452000 0.700000 0.464000 0.684906 0.480000 0.675472 0.484000 0.664151 0.486000 0.630189 0.468000 0.609434 0.474000 0.590566
0 0.578000 0.428302 0.560000 0.433962 0.556000 0.432075 0.546000 0.439623 0.542000 0.462264 0.532000 0.473585 0.532000 0.503774 0.552000 0.516981 0.560000 0.515094 0.578000 0.498113 0.582000 0.481132 0.596000 0.464151 0.594000 0.445283 0.590000 0.437736
0 0.518000 0.511321 0.518000 0.520755 0.530000 0.533962 0.542000 0.535849 0.552000 0.530189 0.554000 0.520755 0.538000 0.507547 0.526000 0.505660
0 0.760000 0.275472 0.746000 0.269811 0.734000 0.269811 0.716000 0.279245 0.708000 0.286792 0.692000 0.290566 0.682000 0.300000 0.678000 0.315094 0.658000 0.332075 0.654000 0.339623 0.650000 0.377358 0.656000 0.396226 0.652000 0.411321 0.624000 0.447170 0.586000 0.477358 0.582000 0.488679 0.622000 0.460377 0.632000 0.447170 0.662000 0.422642 0.692000 0.413208 0.714000 0.413208 0.766000 0.379245 0.778000 0.343396 0.778000 0.318868 0.774000 0.313208 0.772000 0.288679
0 0.558000 0.313208 0.540000 0.315094 0.528000 0.330189 0.520000 0.356604 0.524000 0.379245 0.532000 0.394340 0.540000 0.398113 0.546000 0.405660 0.546000 0.437736 0.554000 0.432075 0.554000 0.424528 0.560000 0.411321 0.570000 0.401887 0.582000 0.400000 0.588000 0.394340 0.594000 0.377358 0.590000 0.333962 0.578000 0.320755
0 0.578000 0.558491 0.578000 0.564151 0.574000 0.567925 0.584000 0.567925 0.598000 0.577358 0.600000 0.596226 0.606000 0.611321 0.618000 0.626415 0.642000 0.626415 0.660000 0.615094 0.666000 0.603774 0.666000 0.586792 0.670000 0.581132 0.656000 0.581132 0.644000 0.577358 0.622000 0.562264 0.614000 0.567925 0.606000 0.567925
0 0.734000 0.547170 0.734000 0.532075 0.718000 0.515094 0.690000 0.501887 0.682000 0.494340 0.672000 0.494340 0.662000 0.488679 0.650000 0.490566 0.640000 0.503774 0.626000 0.507547 0.610000 0.524528 0.572000 0.520755 0.562000 0.524528 0.556000 0.522642 0.554000 0.530189 0.566000 0.530189 0.572000 0.535849 0.594000 0.533962 0.606000 0.537736 0.630000 0.567925 0.656000 0.579245 0.700000 0.577358 0.714000 0.569811
0 0.536000 0.535849 0.530000 0.541509 0.530000 0.558491 0.546000 0.569811 0.554000 0.571698 0.556000 0.575472 0.568000 0.573585 0.576000 0.564151 0.572000 0.537736 0.566000 0.532075 0.552000 0.532075 0.542000 0.537736
0 0.284000 0.545283 0.300000 0.560377 0.302000 0.558491 0.312000 0.564151 0.324000 0.575472 0.340000 0.584906 0.358000 0.584906 0.362000 0.581132 0.366000 0.584906 0.380000 0.583019 0.390000 0.571698 0.406000 0.566038 0.418000 0.539623 0.424000 0.533962 0.452000 0.524528 0.466000 0.524528 0.470000 0.520755 0.474000 0.522642 0.476000 0.516981 0.448000 0.516981 0.444000 0.520755 0.432000 0.522642 0.420000 0.518868 0.414000 0.520755 0.392000 0.509434 0.380000 0.498113 0.356000 0.500000 0.350000 0.496226 0.340000 0.496226 0.322000 0.501887 0.308000 0.518868 0.296000 0.520755 0.286000 0.533962 0.288000 0.535849
0 0.368000 0.358491 0.362000 0.367925 0.358000 0.398113 0.364000 0.413208 0.372000 0.420755 0.376000 0.420755 0.392000 0.439623 0.424000 0.454717 0.460000 0.466038 0.468000 0.466038 0.504000 0.490566 0.522000 0.507547 0.530000 0.503774 0.502000 0.477358 0.494000 0.462264 0.484000 0.454717 0.480000 0.443396 0.490000 0.426415 0.486000 0.405660 0.480000 0.398113 0.472000 0.396226 0.450000 0.373585 0.450000 0.358491 0.444000 0.352830 0.442000 0.354717 0.428000 0.347170 0.396000 0.343396 0.382000 0.347170
0 0.538000 0.566038 0.548000 0.590566 0.554000 0.620755 0.552000 0.632075 0.558000 0.643396 0.552000 0.658491 0.540000 0.675472 0.540000 0.681132 0.546000 0.686792 0.546000 0.698113 0.550000 0.703774 0.552000 0.716981 0.572000 0.745283 0.582000 0.749057 0.598000 0.749057 0.610000 0.754717 0.624000 0.752830 0.630000 0.749057 0.644000 0.724528 0.640000 0.686792 0.634000 0.675472 0.620000 0.662264 0.620000 0.649057 0.614000 0.643396 0.590000 0.639623 0.578000 0.633962 0.566000 0.622642 0.550000 0.577358 0.554000 0.573585