0 0.634000 0.133962 0.616000 0.133962 0.592000 0.145283 0.580000 0.156604 0.570000 0.177358 0.570000 0.186792 0.558000 0.203774 0.558000 0.224528 0.562000 0.228302 0.566000 0.241509 0.564000 0.262264 0.574000 0.271698 0.584000 0.298113 0.584000 0.316981 0.572000 0.356604 0.560000 0.379245 0.560000 0.388679 0.556000 0.392453 0.558000 0.398113 0.580000 0.364151 0.582000 0.347170 0.602000 0.307547 0.616000 0.294340 0.640000 0.286792 0.650000 0.279245 0.656000 0.266038 0.672000 0.250943 0.676000 0.243396 0.676000 0.186792 0.658000 0.147170
0 0.364000 0.171698 0.352000 0.183019 0.346000 0.198113 0.346000 0.233962 0.350000 0.241509 0.364000 0.252830 0.368000 0.269811 0.382000 0.281132 0.382000 0.284906 0.396000 0.298113 0.398000 0.303774 0.406000 0.309434 0.442000 0.320755 0.456000 0.332075 0.466000 0.354717 0.478000 0.371698 0.480000 0.381132 0.492000 0.401887 0.494000 0.413208 0.500000 0.418868 0.506000 0.433962 0.506000 0.413208 0.488000 0.381132 0.468000 0.332075 0.468000 0.311321 0.480000 0.300000 0.480000 0.267925 0.470000 0.254717 0.468000 0.230189 0.464000 0.218868 0.452000 0.209434 0.448000 0.196226 0.428000 0.179245 0.414000 0.177358 0.402000 0.169811 0.374000 0.167925
0 0.308000 0.247170 0.290000 0.273585 0.292000 0.301887 0.302000 0.320755 0.320000 0.335849 0.326000 0.345283 0.342000 0.358491 0.354000 0.360377 0.364000 0.366038 0.378000 0.362264 0.390000 0.350943 0.398000 0.350943 0.418000 0.362264 0.440000 0.384906 0.446000 0.383019 0.408000 0.339623 0.408000 0.328302 0.412000 0.320755 0.420000 0.315094 0.406000 0.311321 0.396000 0.303774 0.394000 0.298113 0.384000 0.290566 0.380000 0.281132 0.366000 0.269811 0.362000 0.252830 0.348000 0.239623 0.344000 0.243396 0.326000 0.241509
0 0.704000 0.326415 0.690000 0.316981 0.662000 0.315094 0.652000 0.311321 0.630000 0.335849 0.608000 0.339623 0.600000 0.347170 0.600000 0.358491 0.604000 0.364151 0.590000 0.377358 0.582000 0.379245 0.580000 0.383019 0.584000 0.405660 0.560000 0.433962 0.554000 0.433962 0.554000 0.447170 0.594000 0.416981 0.604000 0.416981 0.618000 0.422642 0.638000 0.420755 0.646000 0.411321 0.658000 0.403774 0.684000 0.392453 0.700000 0.373585 0.698000 0.360377 0.706000 0.352830
0 0.562000 0.313208 0.540000 0.315094 0.528000 0.328302 0.520000 0.349057 0.522000 0.364151 0.532000 0.375472 0.544000 0.379245 0.548000 0.384906 0.560000 0.377358 0.578000 0.330189 0.578000 0.324528
0 0.746000 0.400000 0.726000 0.379245 0.702000 0.371698 0.696000 0.383019 0.684000 0.394340 0.658000 0.405660 0.640000 0.418868 0.644000 0.430189 0.638000 0.437736 0.600000 0.452830 0.568000 0.456604 0.558000 0.460377 0.582000 0.469811 0.594000 0.466038 0.598000 0.460377 0.636000 0.449057 0.648000 0.449057 0.654000 0.454717 0.652000 0.458491 0.678000 0.450943 0.700000 0.435849 0.718000 0.407547 0.730000 0.407547
0 0.534000 0.377358 0.520000 0.383019 0.508000 0.396226 0.508000 0.439623 0.512000 0.450943 0.524000 0.462264 0.528000 0.471698 0.548000 0.458491 0.552000 0.458491 0.550000 0.430189 0.558000 0.415094 0.556000 0.396226 0.544000 0.381132 0.538000 0.381132
0 0.440000 0.386792 0.424000 0.403774 0.420000 0.432075 0.438000 0.449057 0.446000 0.450943 0.456000 0.460377 0.488000 0.462264 0.502000 0.450943 0.506000 0.450943 0.500000 0.437736 0.502000 0.430189 0.498000 0.418868 0.492000 0.411321 0.486000 0.409434 0.482000 0.401887 0.472000 0.396226 0.470000 0.388679 0.464000 0.383019
0 0.862000 0.443396 0.854000 0.426415 0.826000 0.405660 0.806000 0.400000 0.784000 0.401887 0.770000 0.398113 0.758000 0.401887 0.742000 0.401887 0.730000 0.409434 0.718000 0.409434 0.702000 0.435849 0.678000 0.452830 0.660000 0.456604 0.646000 0.464151 0.588000 0.467925 0.582000 0.471698 0.582000 0.475472 0.612000 0.477358 0.632000 0.471698 0.682000 0.467925 0.692000 0.471698 0.710000 0.488679 0.720000 0.488679 0.736000 0.498113 0.754000 0.496226 0.764000 0.501887 0.778000 0.503774 0.786000 0.498113 0.804000 0.498113 0.822000 0.492453 0.842000 0.481132 0.858000 0.462264
0 0.160000 0.496226 0.164000 0.509434 0.176000 0.520755 0.206000 0.535849 0.244000 0.537736 0.252000 0.543396 0.262000 0.543396 0.294000 0.528302 0.316000 0.526415 0.338000 0.498113 0.348000 0.496226 0.354000 0.488679 0.368000 0.483019 0.426000 0.481132 0.452000 0.477358 0.464000 0.481132 0.478000 0.479245 0.464000 0.467925 0.464000 0.462264 0.458000 0.462264 0.458000 0.467925 0.452000 0.473585 0.376000 0.473585 0.344000 0.464151 0.312000 0.432075 0.300000 0.430189 0.294000 0.433962 0.286000 0.433962 0.274000 0.426415 0.246000 0.424528 0.238000 0.428302 0.208000 0.432075 0.196000 0.437736 0.164000 0.469811 0.160000 0.479245
0 0.526000 0.473585 0.526000 0.467925 0.512000 0.452830 0.502000 0.452830 0.488000 0.464151 0.466000 0.462264 0.468000 0.469811 0.478000 0.477358 0.492000 0.481132 0.498000 0.486792 0.516000 0.486792
0 0.548000 0.460377 0.520000 0.481132 0.518000 0.490566 0.524000 0.507547 0.530000 0.513208 0.548000 0.522642 0.560000 0.524528 0.578000 0.518868 0.586000 0.511321 0.592000 0.488679 0.580000 0.475472 0.580000 0.471698 0.572000 0.466038
0 0.496000 0.486792 0.492000 0.483019 0.486000 0.483019 0.462000 0.496226 0.430000 0.524528 0.418000 0.524528 0.408000 0.532075 0.402000 0.532075 0.388000 0.524528 0.372000 0.524528 0.364000 0.528302 0.344000 0.545283 0.334000 0.564151 0.332000 0.586792 0.336000 0.598113 0.352000 0.611321 0.352000 0.583019 0.358000 0.566038 0.366000 0.558491 0.386000 0.554717 0.384000 0.547170 0.394000 0.537736 0.440000 0.528302 0.466000 0.501887
0 0.508000 0.488679 0.498000 0.488679 0.454000 0.530189 0.436000 0.530189 0.412000 0.537736 0.394000 0.539623 0.386000 0.547170 0.386000 0.556604 0.366000 0.560377 0.360000 0.566038 0.354000 0.583019 0.354000 0.611321 0.382000 0.632075 0.394000 0.635849 0.422000 0.633962 0.442000 0.622642 0.454000 0.609434 0.456000 0.592453 0.472000 0.586792 0.474000 0.583019 0.476000 0.552830 0.466000 0.541509 0.468000 0.530189
0 0.514000 0.488679 0.514000 0.530189 0.524000 0.562264 0.506000 0.586792 0.504000 0.607547 0.510000 0.618868 0.530000 0.632075 0.552000 0.633962 0.564000 0.624528 0.568000 0.616981 0.568000 0.609434 0.574000 0.601887 0.572000 0.584906 0.564000 0.573585 0.550000 0.567925 0.540000 0.567925 0.532000 0.558491 0.522000 0.528302 0.522000 0.501887
0 0.538000 0.520755 0.548000 0.543396 0.612000 0.603774 0.610000 0.618868 0.604000 0.628302 0.604000 0.645283 0.614000 0.664151 0.626000 0.677358 0.650000 0.686792 0.662000 0.696226 0.682000 0.701887 0.722000 0.701887 0.740000 0.688679 0.750000 0.669811 0.744000 0.632075 0.730000 0.616981 0.730000 0.613208 0.718000 0.603774 0.716000 0.594340 0.706000 0.584906 0.692000 0.579245 0.674000 0.577358 0.662000 0.567925 0.650000 0.567925 0.630000 0.583019 0.614000 0.584906 0.584000 0.569811 0.566000 0.549057 0.550000 0.535849 0.550000 0.524528