0 0.454000 0.247170 0.438000 0.256604 0.428000 0.273585 0.432000 0.309434 0.440000 0.320755 0.442000 0.347170 0.456000 0.358491 0.460000 0.366038 0.482000 0.371698 0.486000 0.377358 0.484000 0.381132 0.502000 0.369811 0.500000 0.366038 0.518000 0.354717 0.520000 0.328302 0.524000 0.324528 0.524000 0.305660 0.510000 0.283019 0.492000 0.267925 0.490000 0.262264 0.478000 0.250943
0 0.672000 0.266038 0.662000 0.262264 0.644000 0.262264 0.634000 0.267925 0.622000 0.269811 0.610000 0.275472 0.580000 0.298113 0.576000 0.313208 0.568000 0.324528 0.568000 0.333962 0.572000 0.341509 0.572000 0.362264 0.576000 0.367925 0.574000 0.383019 0.550000 0.407547 0.546000 0.407547 0.544000 0.415094 0.536000 0.422642 0.494000 0.450943 0.526000 0.437736 0.542000 0.422642 0.590000 0.388679 0.602000 0.388679 0.608000 0.392453 0.620000 0.388679 0.624000 0.394340 0.646000 0.390566 0.656000 0.381132 0.668000 0.377358 0.680000 0.366038 0.682000 0.352830 0.692000 0.335849 0.692000 0.298113 0.686000 0.279245
0 0.346000 0.305660 0.332000 0.318868 0.330000 0.324528 0.328000 0.358491 0.332000 0.367925 0.342000 0.379245 0.360000 0.388679 0.390000 0.400000 0.406000 0.409434 0.420000 0.411321 0.450000 0.439623 0.456000 0.439623 0.428000 0.407547 0.422000 0.396226 0.422000 0.386792 0.432000 0.369811 0.430000 0.345283 0.418000 0.332075 0.414000 0.320755 0.388000 0.301887 0.356000 0.301887
0 0.532000 0.375472 0.524000 0.371698 0.500000 0.371698 0.484000 0.383019 0.482000 0.392453 0.472000 0.401887 0.470000 0.424528 0.476000 0.437736 0.484000 0.443396 0.482000 0.456604 0.520000 0.432075 0.524000 0.424528 0.536000 0.420755 0.542000 0.415094 0.544000 0.398113 0.540000 0.392453 0.540000 0.384906
0 0.722000 0.411321 0.708000 0.394340 0.694000 0.390566 0.680000 0.381132 0.666000 0.379245 0.656000 0.383019 0.646000 0.392453 0.626000 0.394340 0.606000 0.401887 0.596000 0.413208 0.592000 0.426415 0.582000 0.441509 0.552000 0.454717 0.518000 0.462264 0.518000 0.466038 0.526000 0.469811 0.542000 0.464151 0.580000 0.460377 0.614000 0.486792 0.650000 0.481132 0.664000 0.473585 0.700000 0.464151 0.720000 0.445283 0.724000 0.435849
0 0.342000 0.381132 0.342000 0.405660 0.368000 0.430189 0.390000 0.432075 0.396000 0.430189 0.408000 0.418868 0.418000 0.418868 0.446000 0.443396 0.448000 0.441509 0.442000 0.432075 0.420000 0.413208 0.406000 0.411321
0 0.226000 0.449057 0.226000 0.458491 0.234000 0.473585 0.256000 0.488679 0.306000 0.498113 0.348000 0.496226 0.360000 0.484906 0.360000 0.466038 0.366000 0.460377 0.444000 0.467925 0.442000 0.464151 0.428000 0.462264 0.422000 0.458491 0.392000 0.458491 0.388000 0.454717 0.364000 0.450943 0.352000 0.441509 0.346000 0.424528 0.332000 0.409434 0.324000 0.405660 0.294000 0.405660 0.270000 0.413208 0.256000 0.413208 0.234000 0.430189
0 0.478000 0.439623 0.450000 0.441509 0.446000 0.445283 0.444000 0.466038 0.454000 0.477358 0.478000 0.473585 0.478000 0.462264 0.482000 0.460377 0.482000 0.443396
0 0.504000 0.449057 0.490000 0.452830 0.480000 0.462264 0.480000 0.473585 0.494000 0.483019 0.498000 0.479245 0.508000 0.479245 0.520000 0.471698 0.516000 0.462264
0 0.460000 0.479245 0.448000 0.475472 0.436000 0.484906 0.426000 0.486792 0.418000 0.484906 0.412000 0.479245 0.394000 0.477358 0.388000 0.473585 0.372000 0.477358 0.364000 0.488679 0.360000 0.486792 0.348000 0.498113 0.350000 0.505660 0.346000 0.511321 0.346000 0.524528 0.350000 0.535849 0.368000 0.552830 0.380000 0.558491 0.412000 0.560377 0.428000 0.552830 0.440000 0.535849 0.440000 0.501887 0.454000 0.486792 0.460000 0.486792
0 0.488000 0.481132 0.482000 0.475472 0.474000 0.475472 0.462000 0.479245 0.462000 0.486792 0.468000 0.490566 0.474000 0.486792 0.488000 0.484906
0 0.490000 0.483019 0.488000 0.486792 0.470000 0.490566 0.466000 0.496226 0.470000 0.513208 0.470000 0.535849 0.474000 0.545283 0.486000 0.556604 0.502000 0.558491 0.514000 0.552830 0.518000 0.543396 0.526000 0.535849 0.524000 0.513208 0.504000 0.490566
0 0.466000 0.500000 0.466000 0.547170 0.470000 0.573585 0.476000 0.588679 0.476000 0.622642 0.462000 0.643396 0.466000 0.671698 0.482000 0.700000 0.504000 0.718868 0.528000 0.730189 0.546000 0.732075 0.560000 0.726415 0.570000 0.711321 0.568000 0.673585 0.560000 0.658491 0.534000 0.630189 0.534000 0.620755 0.530000 0.615094 0.522000 0.611321 0.500000 0.611321 0.492000 0.605660 0.482000 0.586792 0.476000 0.549057 0.468000 0.535849
0 0.518000 0.501887 0.526000 0.516981 0.530000 0.516981 0.584000 0.566038 0.586000 0.579245 0.580000 0.584906 0.576000 0.601887 0.592000 0.616981 0.598000 0.630189 0.628000 0.652830 0.644000 0.660377 0.682000 0.664151 0.696000 0.654717 0.708000 0.633962 0.706000 0.620755 0.698000 0.600000 0.664000 0.560377 0.648000 0.556604 0.638000 0.547170 0.628000 0.547170 0.610000 0.558491 0.594000 0.556604 0.558000 0.533962 0.532000 0.509434 0.524000 0.507547
0 0.346000 0.532075 0.312000 0.560377 0.296000 0.590566 0.296000 0.609434 0.308000 0.628302 0.320000 0.635849 0.340000 0.639623 0.384000 0.628302 0.412000 0.596226 0.416000 0.586792 0.410000 0.567925 0.414000 0.560377 0.390000 0.562264 0.374000 0.558491
0 0.468000 0.571698 0.452000 0.581132 0.440000 0.594340 0.442000 0.620755 0.460000 0.643396 0.460000 0.647170 0.466000 0.632075 0.474000 0.622642 0.474000 0.588679