0 0.486000 0.311321 0.486000 0.343396 0.492000 0.352830 0.506000 0.364151 0.518000 0.369811 0.554000 0.367925 0.574000 0.377358 0.578000 0.328302 0.562000 0.309434 0.558000 0.300000 0.544000 0.292453 0.534000 0.296226 0.516000 0.294340
0 0.726000 0.109434 0.702000 0.105660 0.690000 0.118868 0.668000 0.133962 0.654000 0.156604 0.650000 0.203774 0.638000 0.239623 0.646000 0.250943 0.658000 0.260377 0.700000 0.247170 0.730000 0.247170 0.744000 0.252830 0.762000 0.230189 0.768000 0.171698 0.762000 0.156604 0.752000 0.147170 0.754000 0.145283 0.740000 0.118868
0 0.636000 0.569811 0.644000 0.590566 0.628000 0.600000 0.620000 0.613208 0.624000 0.637736 0.632000 0.650943 0.666000 0.681132 0.674000 0.684906 0.686000 0.684906 0.696000 0.681132 0.720000 0.660377 0.724000 0.645283 0.722000 0.622642 0.702000 0.592453 0.678000 0.584906 0.664000 0.584906 0.646000 0.567925
0 0.602000 0.454717 0.588000 0.454717 0.582000 0.458491 0.560000 0.458491 0.556000 0.467925 0.546000 0.477358 0.542000 0.477358 0.546000 0.483019 0.546000 0.492453 0.554000 0.496226 0.558000 0.501887 0.572000 0.505660 0.578000 0.515094 0.592000 0.501887 0.598000 0.501887 0.616000 0.492453 0.618000 0.467925
0 0.596000 0.503774 0.592000 0.503774 0.580000 0.513208 0.556000 0.556604 0.536000 0.575472 0.526000 0.594340 0.504000 0.615094 0.484000 0.616981 0.466000 0.613208 0.454000 0.616981 0.432000 0.639623 0.422000 0.643396 0.414000 0.654717 0.408000 0.673585 0.404000 0.711321 0.408000 0.715094 0.412000 0.735849 0.444000 0.758491 0.464000 0.754717 0.490000 0.737736 0.508000 0.718868 0.528000 0.667925 0.528000 0.654717 0.524000 0.647170 0.526000 0.643396 0.516000 0.633962 0.520000 0.615094 0.536000 0.596226 0.538000 0.586792 0.544000 0.583019 0.570000 0.549057 0.584000 0.522642 0.588000 0.520755 0.590000 0.524528 0.590000 0.516981
0 0.596000 0.505660 0.592000 0.526415 0.586000 0.533962 0.590000 0.545283 0.588000 0.549057 0.596000 0.556604 0.604000 0.558491 0.610000 0.567925 0.638000 0.567925 0.664000 0.558491 0.666000 0.535849 0.672000 0.524528 0.668000 0.513208 0.648000 0.492453 0.618000 0.492453
0 0.290000 0.481132 0.290000 0.500000 0.304000 0.524528 0.318000 0.530189 0.324000 0.543396 0.364000 0.549057 0.378000 0.558491 0.386000 0.558491 0.406000 0.550943 0.424000 0.535849 0.464000 0.528302 0.470000 0.505660 0.492000 0.492453 0.544000 0.492453 0.544000 0.483019 0.540000 0.479245 0.486000 0.479245 0.474000 0.469811 0.468000 0.458491 0.460000 0.458491 0.450000 0.447170 0.424000 0.449057 0.410000 0.456604 0.396000 0.443396 0.384000 0.443396 0.368000 0.454717 0.360000 0.454717 0.356000 0.450943 0.320000 0.452830 0.302000 0.469811 0.296000 0.471698
0 0.894000 0.484906 0.888000 0.464151 0.876000 0.452830 0.840000 0.443396 0.810000 0.443396 0.784000 0.450943 0.770000 0.447170 0.762000 0.450943 0.744000 0.452830 0.742000 0.473585 0.732000 0.484906 0.720000 0.484906 0.698000 0.479245 0.676000 0.488679 0.712000 0.494340 0.728000 0.500000 0.738000 0.509434 0.742000 0.526415 0.756000 0.537736 0.768000 0.535849 0.774000 0.539623 0.818000 0.545283 0.830000 0.543396 0.842000 0.533962 0.858000 0.530189 0.878000 0.520755 0.880000 0.511321 0.890000 0.500000
0 0.600000 0.426415 0.602000 0.443396 0.606000 0.445283 0.606000 0.450943 0.602000 0.452830 0.620000 0.467925 0.618000 0.490566 0.648000 0.490566 0.648000 0.484906 0.668000 0.484906 0.674000 0.488679 0.690000 0.479245 0.690000 0.473585 0.698000 0.464151 0.696000 0.441509 0.692000 0.432075 0.668000 0.428302 0.648000 0.433962 0.632000 0.424528 0.612000 0.428302 0.608000 0.426415 0.606000 0.430189 0.602000 0.430189
0 0.658000 0.486792 0.658000 0.494340 0.654000 0.498113 0.670000 0.513208 0.674000 0.526415 0.692000 0.545283 0.724000 0.566038 0.742000 0.584906 0.748000 0.596226 0.754000 0.624528 0.770000 0.639623 0.770000 0.645283 0.794000 0.667925 0.814000 0.669811 0.830000 0.681132 0.860000 0.679245 0.888000 0.684906 0.896000 0.677358 0.916000 0.667925 0.928000 0.649057 0.926000 0.628302 0.908000 0.590566 0.884000 0.567925 0.868000 0.564151 0.852000 0.550943 0.834000 0.549057 0.830000 0.545283 0.806000 0.547170 0.802000 0.552830 0.796000 0.552830 0.790000 0.547170 0.786000 0.547170 0.760000 0.562264 0.738000 0.562264 0.698000 0.541509 0.680000 0.520755 0.682000 0.507547 0.668000 0.494340 0.666000 0.486792
0 0.926000 0.226415 0.914000 0.215094 0.896000 0.207547 0.832000 0.213208 0.818000 0.218868 0.804000 0.233962 0.804000 0.243396 0.800000 0.247170 0.798000 0.275472 0.778000 0.288679 0.770000 0.313208 0.752000 0.322642 0.752000 0.326415 0.758000 0.332075 0.758000 0.350943 0.752000 0.356604 0.752000 0.360377 0.738000 0.373585 0.732000 0.373585 0.726000 0.379245 0.724000 0.390566 0.700000 0.407547 0.682000 0.428302 0.690000 0.430189 0.702000 0.415094 0.714000 0.411321 0.736000 0.390566 0.772000 0.369811 0.788000 0.367925 0.800000 0.371698 0.812000 0.367925 0.818000 0.362264 0.844000 0.364151 0.854000 0.360377 0.856000 0.352830 0.866000 0.343396 0.874000 0.341509 0.890000 0.326415 0.896000 0.301887 0.924000 0.275472 0.930000 0.252830 0.930000 0.233962
0 0.818000 0.435849 0.814000 0.441509 0.840000 0.441509 0.872000 0.449057 0.890000 0.464151 0.896000 0.488679 0.890000 0.503774 0.882000 0.511321 0.882000 0.516981 0.890000 0.516981 0.914000 0.501887 0.940000 0.477358 0.942000 0.460377 0.938000 0.456604 0.936000 0.445283 0.918000 0.430189 0.888000 0.420755 0.880000 0.415094 0.866000 0.418868 0.856000 0.426415 0.838000 0.428302
0 0.518000 0.371698 0.520000 0.373585 0.510000 0.392453 0.510000 0.409434 0.514000 0.424528 0.526000 0.441509 0.534000 0.441509 0.552000 0.449057 0.560000 0.456604 0.582000 0.456604 0.588000 0.452830 0.604000 0.450943 0.592000 0.407547 0.586000 0.394340 0.576000 0.386792 0.574000 0.379245 0.554000 0.369811
0 0.744000 0.254717 0.730000 0.249057 0.700000 0.249057 0.676000 0.254717 0.660000 0.262264 0.660000 0.277358 0.648000 0.313208 0.634000 0.326415 0.636000 0.349057 0.632000 0.352830 0.632000 0.358491 0.642000 0.369811 0.642000 0.375472 0.634000 0.388679 0.636000 0.405660 0.632000 0.420755 0.636000 0.426415 0.644000 0.428302 0.650000 0.415094 0.670000 0.390566 0.702000 0.386792 0.706000 0.375472 0.720000 0.364151 0.720000 0.349057 0.738000 0.337736 0.740000 0.318868 0.752000 0.294340 0.752000 0.271698
0 0.546000 0.494340 0.518000 0.496226 0.512000 0.520755 0.524000 0.535849 0.530000 0.535849 0.542000 0.526415 0.556000 0.501887
0 0.242000 0.313208 0.244000 0.345283 0.256000 0.371698 0.266000 0.381132 0.278000 0.386792 0.294000 0.403774 0.308000 0.411321 0.332000 0.409434 0.340000 0.416981 0.352000 0.418868 0.380000 0.401887 0.404000 0.407547 0.422000 0.405660 0.434000 0.400000 0.442000 0.405660 0.450000 0.405660 0.466000 0.415094 0.474000 0.415094 0.480000 0.420755 0.514000 0.432075 0.518000 0.435849 0.512000 0.422642 0.482000 0.413208 0.456000 0.394340 0.442000 0.390566 0.426000 0.373585 0.426000 0.349057 0.418000 0.333962 0.392000 0.311321 0.378000 0.292453 0.368000 0.284906 0.318000 0.267925 0.280000 0.271698 0.254000 0.292453
0 0.782000 0.396226 0.762000 0.381132 0.752000 0.383019 0.736000 0.392453 0.716000 0.411321 0.718000 0.413208 0.712000 0.418868 0.708000 0.430189 0.698000 0.439623 0.698000 0.458491 0.710000 0.443396 0.720000 0.443396 0.740000 0.454717 0.748000 0.449057 0.776000 0.445283 0.776000 0.441509 0.788000 0.430189 0.790000 0.422642 0.788000 0.405660
0 0.588000 0.550943 0.586000 0.562264 0.580000 0.571698 0.580000 0.586792 0.576000 0.590566 0.570000 0.615094 0.548000 0.637736 0.528000 0.643396 0.526000 0.647170 0.530000 0.654717 0.530000 0.667925 0.526000 0.683019 0.510000 0.718868 0.492000 0.735849 0.496000 0.741509 0.496000 0.754717 0.492000 0.758491 0.492000 0.777358 0.498000 0.790566 0.520000 0.809434 0.526000 0.809434 0.536000 0.800000 0.540000 0.790566 0.556000 0.777358 0.560000 0.769811 0.576000 0.764151 0.586000 0.754717 0.600000 0.756604 0.616000 0.737736 0.614000 0.709434 0.622000 0.703774 0.624000 0.696226 0.610000 0.671698 0.612000 0.654717 0.586000 0.628302 0.584000 0.601887 0.588000 0.573585 0.594000 0.562264 0.594000 0.554717
0 0.568000 0.064151 0.544000 0.077358 0.530000 0.092453 0.528000 0.100000 0.520000 0.109434 0.516000 0.128302 0.502000 0.141509 0.500000 0.181132 0.506000 0.190566 0.496000 0.201887 0.496000 0.211321 0.502000 0.220755 0.514000 0.230189 0.516000 0.249057 0.534000 0.269811 0.536000 0.284906 0.560000 0.300000 0.564000 0.309434 0.586000 0.333962 0.602000 0.401887 0.606000 0.405660 0.606000 0.415094 0.612000 0.426415 0.618000 0.424528 0.612000 0.420755 0.608000 0.388679 0.598000 0.354717 0.594000 0.316981 0.596000 0.296226 0.602000 0.281132 0.628000 0.264151 0.634000 0.252830 0.630000 0.241509 0.638000 0.237736 0.638000 0.228302 0.642000 0.224528 0.648000 0.203774 0.648000 0.184906 0.652000 0.171698 0.650000 0.162264 0.654000 0.152830 0.646000 0.147170 0.646000 0.141509 0.640000 0.133962 0.638000 0.105660 0.618000 0.079245 0.596000 0.064151