0 0.496000 0.230189 0.466000 0.233962 0.452000 0.239623 0.430000 0.258491 0.426000 0.273585 0.424000 0.305660 0.432000 0.324528 0.452000 0.347170 0.464000 0.350943 0.472000 0.358491 0.476000 0.369811 0.472000 0.420755 0.458000 0.469811 0.464000 0.467925 0.476000 0.428302 0.484000 0.377358 0.490000 0.364151 0.498000 0.358491 0.516000 0.356604 0.528000 0.350943 0.532000 0.333962 0.544000 0.320755 0.550000 0.303774 0.546000 0.269811 0.538000 0.250943 0.520000 0.235849
0 0.368000 0.281132 0.354000 0.286792 0.346000 0.294340 0.336000 0.313208 0.334000 0.349057 0.354000 0.386792 0.376000 0.409434 0.400000 0.422642 0.416000 0.450943 0.416000 0.456604 0.426000 0.477358 0.426000 0.486792 0.442000 0.511321 0.442000 0.516981 0.448000 0.516981 0.442000 0.511321 0.442000 0.496226 0.432000 0.486792 0.430000 0.469811 0.420000 0.447170 0.412000 0.416981 0.412000 0.407547 0.428000 0.392453 0.426000 0.383019 0.434000 0.373585 0.434000 0.364151 0.430000 0.360377 0.432000 0.335849 0.404000 0.290566 0.380000 0.281132
0 0.318000 0.358491 0.300000 0.386792 0.300000 0.398113 0.312000 0.426415 0.318000 0.432075 0.336000 0.439623 0.376000 0.437736 0.402000 0.464151 0.414000 0.486792 0.432000 0.509434 0.434000 0.516981 0.440000 0.515094 0.414000 0.469811 0.386000 0.435849 0.384000 0.424528 0.388000 0.418868 0.376000 0.411321 0.352000 0.386792 0.334000 0.350943
0 0.738000 0.369811 0.716000 0.356604 0.676000 0.354717 0.644000 0.367925 0.634000 0.375472 0.618000 0.379245 0.608000 0.398113 0.596000 0.409434 0.594000 0.428302 0.588000 0.443396 0.556000 0.467925 0.506000 0.494340 0.506000 0.501887 0.580000 0.462264 0.592000 0.462264 0.606000 0.471698 0.616000 0.471698 0.628000 0.477358 0.640000 0.477358 0.646000 0.471698 0.670000 0.471698 0.682000 0.467925 0.696000 0.454717 0.704000 0.452830 0.730000 0.432075 0.734000 0.413208 0.742000 0.403774 0.742000 0.381132
0 0.124000 0.422642 0.124000 0.441509 0.136000 0.460377 0.152000 0.475472 0.176000 0.484906 0.192000 0.486792 0.204000 0.492453 0.224000 0.492453 0.244000 0.481132 0.262000 0.484906 0.284000 0.466038 0.300000 0.466038 0.328000 0.479245 0.344000 0.483019 0.354000 0.490566 0.366000 0.490566 0.370000 0.496226 0.382000 0.494340 0.350000 0.477358 0.344000 0.477358 0.334000 0.469811 0.322000 0.467925 0.304000 0.458491 0.288000 0.445283 0.284000 0.433962 0.274000 0.428302 0.258000 0.403774 0.242000 0.400000 0.220000 0.386792 0.174000 0.386792 0.160000 0.390566 0.138000 0.403774 0.128000 0.413208
0 0.524000 0.409434 0.506000 0.409434 0.496000 0.413208 0.482000 0.424528 0.478000 0.432075 0.480000 0.447170 0.486000 0.450943 0.488000 0.456604 0.486000 0.467925 0.494000 0.473585 0.496000 0.466038 0.518000 0.466038 0.534000 0.450943 0.536000 0.432075 0.532000 0.426415 0.532000 0.416981
0 0.460000 0.469811 0.452000 0.479245 0.452000 0.492453 0.446000 0.498113 0.444000 0.496226 0.444000 0.511321 0.462000 0.522642 0.484000 0.522642 0.492000 0.516981 0.492000 0.511321 0.504000 0.501887 0.504000 0.492453 0.488000 0.469811
0 0.412000 0.486792 0.396000 0.500000 0.388000 0.494340 0.370000 0.498113 0.350000 0.516981 0.348000 0.532075 0.358000 0.541509 0.360000 0.552830 0.364000 0.550943 0.372000 0.556604 0.384000 0.556604 0.414000 0.545283 0.414000 0.541509 0.432000 0.518868 0.432000 0.513208
0 0.436000 0.516981 0.416000 0.541509 0.418000 0.554717 0.430000 0.569811 0.448000 0.567925 0.458000 0.558491 0.456000 0.532075 0.448000 0.520755
0 0.448000 0.518868 0.460000 0.537736 0.476000 0.545283 0.484000 0.545283 0.500000 0.554717 0.502000 0.562264 0.498000 0.564151 0.510000 0.583019 0.510000 0.590566 0.524000 0.600000 0.568000 0.603774 0.584000 0.594340 0.594000 0.579245 0.594000 0.569811 0.586000 0.552830 0.576000 0.549057 0.564000 0.535849 0.528000 0.533962 0.510000 0.543396 0.486000 0.539623 0.480000 0.533962 0.468000 0.533962 0.460000 0.522642
0 0.632000 0.635849 0.628000 0.605660 0.596000 0.575472 0.588000 0.592453 0.568000 0.605660 0.524000 0.601887 0.512000 0.592453 0.528000 0.607547 0.530000 0.620755 0.576000 0.618868 0.588000 0.626415 0.606000 0.628302 0.614000 0.632075 0.626000 0.647170
0 0.414000 0.547170 0.396000 0.562264 0.386000 0.577358 0.346000 0.618868 0.336000 0.622642 0.324000 0.622642 0.286000 0.649057 0.274000 0.662264 0.272000 0.681132 0.264000 0.694340 0.262000 0.709434 0.270000 0.730189 0.282000 0.741509 0.298000 0.743396 0.314000 0.733962 0.334000 0.728302 0.344000 0.716981 0.346000 0.707547 0.358000 0.694340 0.360000 0.681132 0.374000 0.667925 0.370000 0.635849 0.362000 0.628302 0.360000 0.618868 0.376000 0.594340 0.388000 0.584906 0.398000 0.569811 0.416000 0.552830
0 0.356000 0.549057 0.314000 0.564151 0.302000 0.571698 0.284000 0.571698 0.268000 0.560377 0.254000 0.560377 0.244000 0.567925 0.222000 0.573585 0.202000 0.598113 0.190000 0.620755 0.186000 0.647170 0.194000 0.662264 0.208000 0.671698 0.244000 0.667925 0.266000 0.650943 0.276000 0.647170 0.298000 0.615094 0.298000 0.586792 0.334000 0.560377 0.342000 0.560377 0.356000 0.554717
0 0.460000 0.556604 0.454000 0.567925 0.464000 0.584906 0.488000 0.615094 0.512000 0.637736 0.512000 0.650943 0.516000 0.656604 0.512000 0.677358 0.524000 0.696226 0.526000 0.709434 0.560000 0.733962 0.596000 0.749057 0.628000 0.747170 0.640000 0.741509 0.658000 0.720755 0.654000 0.688679 0.644000 0.666038 0.626000 0.652830 0.616000 0.635849 0.606000 0.630189 0.588000 0.628302 0.576000 0.620755 0.538000 0.620755 0.526000 0.626415 0.514000 0.624528 0.478000 0.594340 0.460000 0.567925
0 0.436000 0.571698 0.426000 0.573585 0.426000 0.579245 0.420000 0.588679 0.410000 0.594340 0.398000 0.596226 0.392000 0.601887 0.388000 0.618868 0.390000 0.630189 0.398000 0.637736 0.414000 0.639623 0.424000 0.632075 0.440000 0.632075 0.448000 0.624528 0.448000 0.609434 0.428000 0.586792