0 0.442000 0.350943 0.424000 0.360377 0.408000 0.377358 0.404000 0.392453 0.396000 0.403774 0.396000 0.416981 0.406000 0.433962 0.408000 0.449057 0.416000 0.452830 0.432000 0.469811 0.440000 0.471698 0.450000 0.484906 0.460000 0.543396 0.456000 0.550943 0.466000 0.573585 0.460000 0.477358 0.466000 0.464151 0.478000 0.452830 0.482000 0.435849 0.482000 0.403774 0.474000 0.369811 0.468000 0.356604 0.460000 0.350943
0 0.304000 0.439623 0.290000 0.460377 0.326000 0.479245 0.358000 0.516981 0.372000 0.513208 0.384000 0.513208 0.390000 0.516981 0.400000 0.532075 0.418000 0.549057 0.420000 0.556604 0.424000 0.549057 0.420000 0.541509 0.414000 0.537736 0.396000 0.513208 0.396000 0.481132 0.388000 0.466038 0.376000 0.452830 0.356000 0.437736 0.340000 0.432075 0.322000 0.432075
0 0.228000 0.471698 0.224000 0.483019 0.224000 0.496226 0.232000 0.515094 0.240000 0.526415 0.260000 0.535849 0.270000 0.547170 0.280000 0.550943 0.298000 0.550943 0.306000 0.556604 0.314000 0.556604 0.320000 0.552830 0.332000 0.554717 0.340000 0.550943 0.370000 0.552830 0.408000 0.577358 0.422000 0.581132 0.434000 0.588679 0.422000 0.575472 0.422000 0.571698 0.416000 0.573585 0.360000 0.535849 0.356000 0.530189 0.356000 0.516981 0.326000 0.481132 0.292000 0.462264 0.270000 0.454717 0.244000 0.456604
0 0.564000 0.481132 0.532000 0.488679 0.524000 0.498113 0.516000 0.500000 0.512000 0.507547 0.496000 0.520755 0.492000 0.533962 0.492000 0.549057 0.468000 0.586792 0.476000 0.588679 0.476000 0.584906 0.496000 0.562264 0.524000 0.562264 0.534000 0.558491 0.546000 0.558491 0.578000 0.532075 0.584000 0.507547 0.578000 0.496226
0 0.566000 0.481132 0.580000 0.496226 0.586000 0.507547 0.580000 0.530189 0.604000 0.528302 0.606000 0.511321 0.600000 0.492453 0.590000 0.484906
0 0.642000 0.558491 0.624000 0.539623 0.606000 0.530189 0.580000 0.532075 0.546000 0.560377 0.550000 0.562264 0.552000 0.571698 0.540000 0.584906 0.528000 0.588679 0.522000 0.594340 0.482000 0.600000 0.478000 0.598113 0.476000 0.601887 0.510000 0.601887 0.522000 0.596226 0.534000 0.600000 0.552000 0.600000 0.576000 0.609434 0.584000 0.598113 0.592000 0.598113 0.600000 0.592453 0.622000 0.588679 0.634000 0.583019 0.642000 0.569811
0 0.422000 0.552830 0.424000 0.575472 0.438000 0.592453 0.466000 0.586792 0.468000 0.577358 0.458000 0.564151 0.456000 0.552830 0.452000 0.549057 0.432000 0.545283
0 0.306000 0.583019 0.310000 0.605660 0.344000 0.603774 0.360000 0.611321 0.362000 0.605660 0.358000 0.598113 0.362000 0.592453 0.366000 0.592453 0.372000 0.598113 0.384000 0.594340 0.404000 0.596226 0.410000 0.592453 0.392000 0.592453 0.376000 0.588679 0.370000 0.581132 0.370000 0.569811 0.362000 0.556604 0.346000 0.552830 0.326000 0.556604 0.322000 0.562264 0.318000 0.562264
0 0.440000 0.594340 0.442000 0.603774 0.450000 0.609434 0.474000 0.611321 0.480000 0.605660 0.474000 0.601887 0.474000 0.588679 0.458000 0.588679
0 0.412000 0.592453 0.400000 0.598113 0.384000 0.615094 0.384000 0.639623 0.394000 0.654717 0.426000 0.656604 0.434000 0.652830 0.438000 0.639623 0.452000 0.622642 0.454000 0.611321 0.446000 0.609434 0.440000 0.601887 0.434000 0.603774 0.418000 0.592453
0 0.504000 0.618868 0.516000 0.626415 0.538000 0.650943 0.560000 0.652830 0.572000 0.639623 0.570000 0.618868 0.574000 0.611321 0.566000 0.605660 0.528000 0.600000 0.530000 0.603774 0.520000 0.615094
0 0.380000 0.618868 0.364000 0.620755 0.358000 0.611321 0.344000 0.605660 0.316000 0.605660 0.300000 0.613208 0.286000 0.613208 0.276000 0.618868 0.264000 0.633962 0.262000 0.652830 0.270000 0.662264 0.318000 0.664151 0.334000 0.660377 0.348000 0.650943 0.368000 0.624528 0.380000 0.622642
0 0.482000 0.605660 0.478000 0.609434 0.486000 0.620755 0.482000 0.628302 0.490000 0.632075 0.514000 0.656604 0.522000 0.673585 0.522000 0.688679 0.534000 0.667925 0.534000 0.649057 0.516000 0.628302 0.486000 0.605660
0 0.460000 0.613208 0.464000 0.618868 0.466000 0.639623 0.446000 0.658491 0.442000 0.658491 0.442000 0.671698 0.456000 0.690566 0.454000 0.692453 0.472000 0.707547 0.486000 0.713208 0.504000 0.713208 0.518000 0.701887 0.518000 0.667925 0.508000 0.650943 0.490000 0.633962 0.478000 0.630189 0.472000 0.624528 0.472000 0.613208
0 0.436000 0.654717 0.426000 0.658491 0.394000 0.656604 0.370000 0.673585 0.362000 0.700000 0.368000 0.722642 0.380000 0.737736 0.388000 0.741509 0.408000 0.741509 0.422000 0.737736 0.432000 0.728302 0.442000 0.705660 0.454000 0.690566 0.440000 0.671698 0.440000 0.658491