0 0.254000 0.118868 0.244000 0.128302 0.236000 0.145283 0.234000 0.190566 0.250000 0.209434 0.256000 0.232075 0.286000 0.256604 0.288000 0.269811 0.292000 0.275472 0.332000 0.288679 0.336000 0.292453 0.336000 0.301887 0.364000 0.307547 0.382000 0.318868 0.394000 0.330189 0.394000 0.333962 0.418000 0.362264 0.418000 0.371698 0.430000 0.381132 0.436000 0.381132 0.428000 0.369811 0.426000 0.358491 0.404000 0.316981 0.400000 0.301887 0.400000 0.269811 0.404000 0.250943 0.396000 0.241509 0.396000 0.215094 0.388000 0.201887 0.374000 0.190566 0.374000 0.166038 0.360000 0.156604 0.348000 0.143396 0.344000 0.133962 0.332000 0.122642 0.314000 0.113208 0.296000 0.109434 0.274000 0.109434
0 0.698000 0.405660 0.686000 0.394340 0.666000 0.390566 0.640000 0.394340 0.612000 0.392453 0.606000 0.396226 0.582000 0.396226 0.572000 0.403774 0.564000 0.405660 0.558000 0.413208 0.544000 0.416981 0.526000 0.433962 0.528000 0.445283 0.524000 0.452830 0.528000 0.458491 0.540000 0.462264 0.542000 0.467925 0.566000 0.486792 0.608000 0.488679 0.612000 0.483019 0.664000 0.469811 0.666000 0.462264 0.664000 0.456604 0.656000 0.450943 0.656000 0.447170 0.678000 0.426415 0.676000 0.405660 0.684000 0.403774 0.694000 0.411321
0 0.492000 0.545283 0.486000 0.552830 0.486000 0.569811 0.464000 0.579245 0.460000 0.592453 0.464000 0.635849 0.470000 0.641509 0.470000 0.633962 0.474000 0.632075 0.474000 0.622642 0.482000 0.603774 0.508000 0.583019 0.508000 0.579245 0.494000 0.571698
0 0.396000 0.528302 0.388000 0.530189 0.378000 0.522642 0.364000 0.522642 0.356000 0.518868 0.324000 0.539623 0.290000 0.579245 0.294000 0.579245 0.294000 0.586792 0.290000 0.590566 0.284000 0.588679 0.282000 0.592453 0.282000 0.603774 0.290000 0.616981 0.304000 0.626415 0.332000 0.628302 0.346000 0.624528 0.358000 0.626415 0.382000 0.613208 0.400000 0.596226 0.406000 0.584906 0.406000 0.575472 0.400000 0.566038 0.404000 0.558491 0.394000 0.545283
0 0.520000 0.388679 0.492000 0.390566 0.488000 0.398113 0.478000 0.405660 0.476000 0.424528 0.468000 0.432075 0.474000 0.441509 0.474000 0.449057 0.478000 0.449057 0.494000 0.460377 0.510000 0.460377 0.518000 0.456604 0.526000 0.445283 0.524000 0.433962 0.532000 0.422642 0.528000 0.418868 0.528000 0.394340
0 0.492000 0.479245 0.486000 0.479245 0.484000 0.484906 0.466000 0.486792 0.462000 0.483019 0.446000 0.483019 0.428000 0.492453 0.398000 0.528302 0.396000 0.545283 0.406000 0.558491 0.406000 0.564151 0.410000 0.564151 0.422000 0.577358 0.458000 0.581132 0.466000 0.577358 0.466000 0.569811 0.480000 0.560377 0.480000 0.556604 0.492000 0.541509 0.494000 0.522642 0.498000 0.516981 0.498000 0.501887 0.494000 0.496226
0 0.446000 0.228302 0.436000 0.232075 0.428000 0.239623 0.422000 0.252830 0.420000 0.275472 0.424000 0.283019 0.424000 0.292453 0.436000 0.305660 0.436000 0.332075 0.452000 0.347170 0.454000 0.354717 0.462000 0.358491 0.472000 0.358491 0.484000 0.366038 0.490000 0.381132 0.490000 0.392453 0.492000 0.388679 0.498000 0.388679 0.496000 0.364151 0.522000 0.341509 0.520000 0.324528 0.524000 0.320755 0.524000 0.315094 0.518000 0.298113 0.518000 0.288679 0.512000 0.277358 0.510000 0.264151 0.496000 0.254717 0.486000 0.241509 0.466000 0.230189
0 0.090000 0.405660 0.088000 0.426415 0.094000 0.437736 0.116000 0.460377 0.140000 0.471698 0.182000 0.484906 0.204000 0.481132 0.210000 0.484906 0.210000 0.490566 0.228000 0.490566 0.254000 0.479245 0.276000 0.454717 0.290000 0.449057 0.318000 0.449057 0.346000 0.454717 0.362000 0.450943 0.354000 0.445283 0.338000 0.447170 0.288000 0.430189 0.272000 0.415094 0.262000 0.394340 0.250000 0.381132 0.240000 0.375472 0.218000 0.377358 0.190000 0.360377 0.146000 0.358491 0.124000 0.366038 0.104000 0.381132
0 0.332000 0.373585 0.328000 0.381132 0.328000 0.403774 0.332000 0.416981 0.338000 0.422642 0.338000 0.430189 0.376000 0.462264 0.404000 0.462264 0.416000 0.467925 0.430000 0.467925 0.444000 0.456604 0.456000 0.456604 0.464000 0.450943 0.454000 0.437736 0.454000 0.416981 0.446000 0.405660 0.444000 0.394340 0.436000 0.383019 0.424000 0.379245 0.416000 0.369811 0.406000 0.369811 0.388000 0.358491 0.356000 0.356604
0 0.442000 0.484906 0.412000 0.486792 0.388000 0.496226 0.368000 0.498113 0.340000 0.505660 0.302000 0.505660 0.282000 0.496226 0.268000 0.498113 0.264000 0.501887 0.250000 0.501887 0.244000 0.498113 0.230000 0.496226 0.228000 0.492453 0.208000 0.492453 0.198000 0.498113 0.186000 0.492453 0.178000 0.492453 0.148000 0.503774 0.140000 0.515094 0.106000 0.522642 0.094000 0.533962 0.094000 0.541509 0.080000 0.558491 0.080000 0.566038 0.072000 0.577358 0.072000 0.596226 0.080000 0.603774 0.082000 0.613208 0.096000 0.628302 0.112000 0.637736 0.126000 0.637736 0.138000 0.649057 0.164000 0.649057 0.180000 0.643396 0.186000 0.637736 0.212000 0.637736 0.244000 0.615094 0.246000 0.603774 0.252000 0.598113 0.266000 0.601887 0.280000 0.594340 0.300000 0.562264 0.336000 0.528302 0.344000 0.526415 0.356000 0.516981 0.376000 0.507547 0.392000 0.503774 0.406000 0.496226 0.426000 0.494340 0.428000 0.490566
0 0.622000 0.162264 0.610000 0.158491 0.586000 0.162264 0.572000 0.173585 0.556000 0.181132 0.542000 0.215094 0.536000 0.220755 0.524000 0.224528 0.520000 0.241509 0.516000 0.247170 0.518000 0.258491 0.512000 0.266038 0.520000 0.288679 0.526000 0.320755 0.530000 0.320755 0.536000 0.326415 0.534000 0.358491 0.528000 0.381132 0.522000 0.388679 0.526000 0.388679 0.528000 0.392453 0.540000 0.379245 0.550000 0.356604 0.564000 0.343396 0.592000 0.335849 0.602000 0.324528 0.610000 0.322642 0.630000 0.300000 0.630000 0.296226 0.616000 0.286792 0.614000 0.279245 0.618000 0.273585 0.632000 0.269811 0.644000 0.254717 0.644000 0.249057 0.652000 0.237736 0.654000 0.203774 0.646000 0.194340 0.646000 0.186792 0.640000 0.177358
0 0.804000 0.215094 0.792000 0.205660 0.758000 0.203774 0.754000 0.207547 0.736000 0.207547 0.720000 0.213208 0.702000 0.226415 0.694000 0.228302 0.680000 0.247170 0.680000 0.252830 0.672000 0.264151 0.656000 0.279245 0.656000 0.286792 0.652000 0.292453 0.652000 0.307547 0.646000 0.313208 0.644000 0.337736 0.640000 0.347170 0.612000 0.369811 0.594000 0.388679 0.584000 0.394340 0.600000 0.392453 0.610000 0.383019 0.644000 0.367925 0.660000 0.366038 0.688000 0.369811 0.694000 0.366038 0.704000 0.366038 0.712000 0.371698 0.732000 0.371698 0.740000 0.362264 0.768000 0.354717 0.778000 0.349057 0.792000 0.333962 0.792000 0.326415 0.802000 0.315094 0.814000 0.292453 0.818000 0.262264 0.816000 0.232075
0 0.470000 0.450943 0.456000 0.458491 0.456000 0.469811 0.464000 0.477358 0.466000 0.484906 0.482000 0.483019 0.486000 0.477358 0.492000 0.477358 0.492000 0.460377 0.480000 0.454717 0.478000 0.450943
0 0.924000 0.501887 0.922000 0.477358 0.904000 0.452830 0.890000 0.447170 0.866000 0.426415 0.856000 0.422642 0.826000 0.420755 0.818000 0.426415 0.782000 0.424528 0.760000 0.437736 0.744000 0.433962 0.732000 0.445283 0.720000 0.449057 0.690000 0.475472 0.686000 0.475472 0.680000 0.469811 0.666000 0.469811 0.610000 0.486792 0.678000 0.498113 0.700000 0.518868 0.724000 0.520755 0.742000 0.541509 0.750000 0.545283 0.766000 0.543396 0.776000 0.552830 0.792000 0.556604 0.844000 0.556604 0.874000 0.552830 0.910000 0.528302
0 0.462000 0.581132 0.456000 0.583019 0.452000 0.592453 0.452000 0.609434 0.438000 0.647170 0.422000 0.662264 0.420000 0.669811 0.412000 0.679245 0.388000 0.690566 0.380000 0.715094 0.358000 0.739623 0.360000 0.762264 0.356000 0.769811 0.356000 0.794340 0.366000 0.824528 0.394000 0.858491 0.418000 0.867925 0.442000 0.867925 0.458000 0.858491 0.486000 0.828302 0.490000 0.809434 0.494000 0.803774 0.492000 0.773585 0.478000 0.749057 0.490000 0.724528 0.482000 0.701887 0.474000 0.698113 0.474000 0.692453 0.470000 0.688679 0.470000 0.671698 0.462000 0.660377 0.458000 0.645283 0.462000 0.633962 0.458000 0.611321 0.458000 0.592453
0 0.500000 0.513208 0.514000 0.573585 0.510000 0.583019 0.484000 0.603774 0.476000 0.622642 0.476000 0.632075 0.472000 0.633962 0.472000 0.645283 0.480000 0.650943 0.486000 0.667925 0.492000 0.671698 0.492000 0.679245 0.484000 0.694340 0.484000 0.707547 0.490000 0.722642 0.524000 0.754717 0.542000 0.760377 0.566000 0.758491 0.592000 0.739623 0.594000 0.732075 0.608000 0.716981 0.610000 0.688679 0.614000 0.677358 0.610000 0.666038 0.600000 0.654717 0.600000 0.643396 0.592000 0.630189 0.592000 0.624528 0.600000 0.616981 0.600000 0.613208 0.566000 0.583019 0.544000 0.577358 0.528000 0.566038 0.520000 0.554717 0.522000 0.552830 0.516000 0.539623 0.514000 0.522642 0.510000 0.516981 0.514000 0.513208
0 0.494000 0.462264 0.494000 0.488679 0.500000 0.501887 0.500000 0.511321 0.514000 0.511321 0.538000 0.526415 0.550000 0.526415 0.562000 0.518868 0.564000 0.486792 0.542000 0.469811 0.540000 0.464151 0.528000 0.460377 0.524000 0.454717 0.510000 0.462264
0 0.552000 0.526415 0.568000 0.543396 0.616000 0.577358 0.626000 0.598113 0.620000 0.633962 0.622000 0.637736 0.634000 0.641509 0.664000 0.671698 0.692000 0.684906 0.722000 0.688679 0.744000 0.696226 0.752000 0.696226 0.768000 0.684906 0.778000 0.660377 0.778000 0.650943 0.754000 0.609434 0.742000 0.600000 0.738000 0.588679 0.732000 0.583019 0.710000 0.571698 0.704000 0.571698 0.690000 0.560377 0.676000 0.560377 0.652000 0.573585 0.630000 0.573585 0.582000 0.545283 0.560000 0.524528