0 0.406000 0.379245 0.386000 0.366038 0.360000 0.369811 0.342000 0.383019 0.338000 0.390566 0.338000 0.405660 0.354000 0.422642 0.360000 0.424528 0.364000 0.409434 0.378000 0.392453 0.386000 0.388679 0.412000 0.388679
0 0.272000 0.158491 0.254000 0.175472 0.248000 0.192453 0.250000 0.205660 0.246000 0.211321 0.248000 0.230189 0.266000 0.252830 0.268000 0.264151 0.282000 0.279245 0.300000 0.292453 0.300000 0.301887 0.306000 0.307547 0.336000 0.315094 0.346000 0.326415 0.364000 0.328302 0.380000 0.335849 0.416000 0.377358 0.422000 0.390566 0.434000 0.398113 0.404000 0.341509 0.398000 0.324528 0.398000 0.309434 0.406000 0.300000 0.402000 0.243396 0.382000 0.224528 0.382000 0.216981 0.370000 0.192453 0.350000 0.175472 0.344000 0.164151 0.336000 0.162264 0.330000 0.156604 0.320000 0.156604 0.312000 0.152830 0.292000 0.152830
0 0.608000 0.443396 0.590000 0.426415 0.584000 0.426415 0.574000 0.418868 0.560000 0.418868 0.552000 0.422642 0.542000 0.422642 0.514000 0.439623 0.514000 0.449057 0.508000 0.460377 0.530000 0.481132 0.530000 0.484906 0.554000 0.486792 0.562000 0.481132 0.586000 0.479245 0.604000 0.460377 0.608000 0.452830
0 0.458000 0.569811 0.458000 0.600000 0.462000 0.628302 0.462000 0.620755 0.468000 0.609434 0.462000 0.605660
0 0.416000 0.511321 0.388000 0.530189 0.366000 0.526415 0.366000 0.530189 0.356000 0.541509 0.352000 0.556604 0.338000 0.564151 0.336000 0.581132 0.332000 0.588679 0.296000 0.628302 0.324000 0.632075 0.334000 0.630189 0.338000 0.626415 0.360000 0.626415 0.388000 0.607547 0.402000 0.586792 0.402000 0.573585 0.398000 0.569811 0.402000 0.554717 0.394000 0.543396 0.394000 0.537736 0.412000 0.520755 0.416000 0.520755
0 0.468000 0.433962 0.468000 0.450943 0.476000 0.458491 0.502000 0.460377 0.510000 0.454717 0.512000 0.437736 0.498000 0.424528 0.482000 0.422642
0 0.462000 0.479245 0.450000 0.481132 0.438000 0.488679 0.418000 0.511321 0.418000 0.520755 0.424000 0.526415 0.424000 0.537736 0.430000 0.545283 0.440000 0.547170 0.448000 0.552830 0.456000 0.552830 0.462000 0.547170 0.474000 0.543396 0.476000 0.533962 0.484000 0.526415 0.488000 0.494340
0 0.414000 0.232075 0.402000 0.239623 0.404000 0.269811 0.408000 0.279245 0.406000 0.303774 0.414000 0.311321 0.414000 0.332075 0.418000 0.339623 0.438000 0.356604 0.460000 0.358491 0.474000 0.371698 0.478000 0.386792 0.478000 0.424528 0.486000 0.420755 0.486000 0.396226 0.482000 0.390566 0.480000 0.358491 0.494000 0.347170 0.494000 0.335849 0.488000 0.318868 0.496000 0.313208 0.496000 0.284906 0.482000 0.273585 0.474000 0.260377 0.458000 0.250943 0.450000 0.241509 0.436000 0.233962
0 0.122000 0.435849 0.122000 0.445283 0.130000 0.462264 0.158000 0.483019 0.210000 0.498113 0.240000 0.494340 0.254000 0.501887 0.262000 0.501887 0.260000 0.500000 0.272000 0.488679 0.288000 0.479245 0.294000 0.460377 0.302000 0.454717 0.344000 0.452830 0.364000 0.454717 0.368000 0.458491 0.382000 0.456604 0.368000 0.449057 0.348000 0.449057 0.308000 0.439623 0.290000 0.426415 0.276000 0.403774 0.260000 0.388679 0.246000 0.386792 0.236000 0.390566 0.218000 0.381132 0.182000 0.381132 0.160000 0.388679 0.136000 0.405660
0 0.378000 0.394340 0.366000 0.409434 0.362000 0.426415 0.376000 0.439623 0.376000 0.450943 0.384000 0.458491 0.392000 0.458491 0.408000 0.471698 0.444000 0.471698 0.460000 0.458491 0.466000 0.443396 0.452000 0.418868 0.434000 0.400000 0.420000 0.390566 0.386000 0.390566
0 0.456000 0.477358 0.444000 0.475472 0.426000 0.483019 0.414000 0.483019 0.408000 0.488679 0.352000 0.505660 0.328000 0.505660 0.320000 0.501887 0.308000 0.501887 0.302000 0.507547 0.254000 0.503774 0.248000 0.509434 0.236000 0.505660 0.216000 0.515094 0.204000 0.530189 0.174000 0.541509 0.170000 0.547170 0.172000 0.558491 0.160000 0.571698 0.160000 0.605660 0.184000 0.633962 0.200000 0.641509 0.218000 0.641509 0.228000 0.649057 0.246000 0.649057 0.262000 0.643396 0.272000 0.633962 0.290000 0.632075 0.330000 0.588679 0.334000 0.581132 0.336000 0.564151 0.350000 0.556604 0.354000 0.541509 0.364000 0.530189 0.366000 0.518868 0.416000 0.490566 0.440000 0.486792
0 0.588000 0.233962 0.562000 0.233962 0.546000 0.243396 0.536000 0.245283 0.526000 0.254717 0.520000 0.273585 0.504000 0.279245 0.498000 0.284906 0.498000 0.313208 0.490000 0.318868 0.496000 0.335849 0.496000 0.347170 0.492000 0.350943 0.510000 0.362264 0.512000 0.379245 0.496000 0.409434 0.496000 0.416981 0.490000 0.420755 0.502000 0.426415 0.504000 0.411321 0.516000 0.394340 0.534000 0.377358 0.550000 0.377358 0.562000 0.367925 0.572000 0.366038 0.586000 0.350943 0.586000 0.343396 0.576000 0.337736 0.576000 0.332075 0.580000 0.328302 0.594000 0.328302 0.610000 0.313208 0.618000 0.286792 0.618000 0.266038 0.606000 0.247170
0 0.738000 0.201887 0.730000 0.198113 0.712000 0.198113 0.696000 0.205660 0.686000 0.205660 0.672000 0.211321 0.638000 0.235849 0.630000 0.260377 0.620000 0.266038 0.618000 0.296226 0.608000 0.318868 0.612000 0.320755 0.610000 0.337736 0.596000 0.358491 0.570000 0.379245 0.524000 0.424528 0.508000 0.430189 0.514000 0.437736 0.540000 0.422642 0.540000 0.415094 0.596000 0.367925 0.616000 0.358491 0.630000 0.356604 0.642000 0.360377 0.654000 0.360377 0.662000 0.354717 0.694000 0.358491 0.706000 0.347170 0.730000 0.339623 0.742000 0.328302 0.748000 0.318868 0.752000 0.303774 0.764000 0.290566 0.766000 0.243396 0.762000 0.226415
0 0.466000 0.449057 0.456000 0.464151 0.460000 0.477358 0.484000 0.488679 0.486000 0.473585 0.498000 0.462264 0.476000 0.460377
0 0.864000 0.507547 0.862000 0.483019 0.852000 0.466038 0.834000 0.452830 0.820000 0.437736 0.796000 0.430189 0.782000 0.430189 0.776000 0.433962 0.768000 0.433962 0.764000 0.430189 0.746000 0.430189 0.728000 0.439623 0.706000 0.435849 0.694000 0.445283 0.686000 0.447170 0.672000 0.462264 0.656000 0.467925 0.650000 0.473585 0.600000 0.473585 0.584000 0.481132 0.618000 0.483019 0.640000 0.488679 0.650000 0.494340 0.668000 0.515094 0.684000 0.515094 0.702000 0.539623 0.718000 0.539623 0.728000 0.547170 0.754000 0.554717 0.816000 0.554717 0.846000 0.537736 0.858000 0.526415
0 0.450000 0.554717 0.452000 0.560377 0.448000 0.571698 0.448000 0.588679 0.436000 0.628302 0.424000 0.645283 0.422000 0.654717 0.400000 0.669811 0.396000 0.677358 0.396000 0.686792 0.382000 0.703774 0.378000 0.720755 0.382000 0.730189 0.380000 0.750943 0.396000 0.783019 0.422000 0.805660 0.434000 0.811321 0.460000 0.815094 0.482000 0.803774 0.504000 0.775472 0.510000 0.760377 0.510000 0.737736 0.500000 0.716981 0.490000 0.705660 0.490000 0.696226 0.496000 0.688679 0.496000 0.683019 0.468000 0.649057 0.458000 0.624528 0.454000 0.567925 0.456000 0.554717
0 0.488000 0.511321 0.486000 0.526415 0.482000 0.530189 0.490000 0.539623 0.484000 0.545283 0.474000 0.545283 0.468000 0.550943 0.462000 0.566038 0.464000 0.605660 0.470000 0.609434 0.464000 0.620755 0.464000 0.635849 0.470000 0.649057 0.482000 0.662264 0.490000 0.662264 0.512000 0.677358 0.536000 0.673585 0.558000 0.660377 0.562000 0.649057 0.572000 0.635849 0.572000 0.600000 0.562000 0.590566 0.560000 0.577358 0.554000 0.569811 0.556000 0.554717 0.524000 0.537736 0.512000 0.537736 0.504000 0.533962
0 0.504000 0.460377 0.488000 0.473585 0.486000 0.490566 0.496000 0.501887 0.512000 0.505660 0.518000 0.501887 0.528000 0.486792 0.528000 0.481132
0 0.514000 0.505660 0.534000 0.526415 0.596000 0.575472 0.604000 0.588679 0.604000 0.600000 0.596000 0.628302 0.612000 0.639623 0.632000 0.666038 0.656000 0.677358 0.674000 0.683019 0.688000 0.683019 0.706000 0.690566 0.724000 0.688679 0.734000 0.681132 0.744000 0.664151 0.744000 0.647170 0.734000 0.626415 0.718000 0.609434 0.706000 0.586792 0.692000 0.577358 0.676000 0.573585 0.664000 0.560377 0.656000 0.560377 0.634000 0.571698 0.608000 0.571698 0.588000 0.556604 0.578000 0.552830 0.550000 0.528302 0.530000 0.515094 0.520000 0.503774
0 0.670000 0.390566 0.630000 0.388679 0.598000 0.411321 0.592000 0.426415 0.610000 0.443396 0.610000 0.452830 0.592000 0.475472 0.600000 0.471698 0.626000 0.473585 0.654000 0.469811 0.652000 0.462264 0.642000 0.449057 0.642000 0.439623 0.648000 0.433962 0.658000 0.432075 0.662000 0.424528 0.662000 0.411321 0.658000 0.401887 0.668000 0.398113 0.676000 0.403774 0.680000 0.400000