0 0.228000 0.128302 0.220000 0.147170 0.220000 0.192453 0.236000 0.209434 0.238000 0.220755 0.248000 0.239623 0.254000 0.245283 0.262000 0.247170 0.276000 0.260377 0.278000 0.269811 0.288000 0.279245 0.320000 0.286792 0.326000 0.301887 0.330000 0.303774 0.344000 0.301887 0.372000 0.315094 0.392000 0.333962 0.418000 0.369811 0.416000 0.373585 0.424000 0.379245 0.426000 0.386792 0.446000 0.409434 0.462000 0.443396 0.466000 0.445283 0.470000 0.441509 0.460000 0.422642 0.458000 0.411321 0.444000 0.396226 0.438000 0.383019 0.424000 0.366038 0.424000 0.360377 0.416000 0.350943 0.408000 0.335849 0.408000 0.330189 0.402000 0.324528 0.390000 0.300000 0.392000 0.245283 0.384000 0.235849 0.384000 0.213208 0.376000 0.198113 0.362000 0.188679 0.354000 0.166038 0.350000 0.164151 0.344000 0.149057 0.314000 0.118868 0.300000 0.111321 0.268000 0.107547 0.254000 0.109434
0 0.700000 0.405660 0.694000 0.396226 0.680000 0.386792 0.652000 0.383019 0.648000 0.379245 0.606000 0.383019 0.590000 0.390566 0.578000 0.401887 0.566000 0.405660 0.560000 0.411321 0.556000 0.420755 0.546000 0.430189 0.544000 0.445283 0.534000 0.454717 0.534000 0.460377 0.538000 0.466038 0.544000 0.464151 0.552000 0.471698 0.562000 0.475472 0.582000 0.475472 0.590000 0.481132 0.604000 0.484906 0.648000 0.486792 0.668000 0.477358 0.674000 0.477358 0.684000 0.467925 0.680000 0.464151 0.674000 0.467925 0.670000 0.466038 0.670000 0.456604 0.682000 0.447170 0.698000 0.424528
0 0.490000 0.524528 0.486000 0.545283 0.490000 0.552830 0.490000 0.566038 0.482000 0.573585 0.476000 0.571698 0.458000 0.592453 0.460000 0.626415 0.468000 0.639623 0.472000 0.639623 0.478000 0.645283 0.482000 0.641509 0.480000 0.624528 0.502000 0.607547 0.510000 0.592453 0.512000 0.575472 0.510000 0.577358 0.498000 0.569811 0.498000 0.552830
0 0.388000 0.524528 0.364000 0.516981 0.334000 0.532075 0.310000 0.550943 0.306000 0.550943 0.296000 0.569811 0.292000 0.573585 0.284000 0.573585 0.280000 0.584906 0.276000 0.586792 0.280000 0.590566 0.280000 0.600000 0.290000 0.613208 0.312000 0.624528 0.344000 0.620755 0.358000 0.622642 0.374000 0.609434 0.384000 0.607547 0.374000 0.600000 0.366000 0.588679 0.366000 0.567925 0.378000 0.543396 0.378000 0.537736
0 0.528000 0.373585 0.522000 0.377358 0.498000 0.379245 0.488000 0.383019 0.480000 0.392453 0.474000 0.416981 0.468000 0.422642 0.472000 0.433962 0.470000 0.443396 0.486000 0.445283 0.498000 0.450943 0.502000 0.456604 0.512000 0.454717 0.524000 0.460377 0.532000 0.460377 0.532000 0.454717 0.520000 0.449057 0.526000 0.439623 0.526000 0.430189 0.540000 0.415094 0.540000 0.409434 0.534000 0.403774 0.534000 0.381132 0.528000 0.377358
0 0.480000 0.488679 0.468000 0.488679 0.472000 0.498113 0.470000 0.501887 0.454000 0.492453 0.422000 0.500000 0.408000 0.507547 0.384000 0.530189 0.368000 0.567925 0.368000 0.588679 0.378000 0.601887 0.392000 0.609434 0.430000 0.609434 0.446000 0.592453 0.454000 0.596226 0.470000 0.579245 0.474000 0.564151 0.482000 0.554717 0.490000 0.522642 0.480000 0.503774
0 0.440000 0.232075 0.426000 0.243396 0.418000 0.264151 0.418000 0.277358 0.424000 0.286792 0.424000 0.298113 0.434000 0.309434 0.432000 0.330189 0.454000 0.356604 0.474000 0.358491 0.484000 0.367925 0.488000 0.381132 0.500000 0.377358 0.496000 0.375472 0.498000 0.360377 0.512000 0.352830 0.520000 0.343396 0.524000 0.305660 0.520000 0.286792 0.508000 0.269811 0.506000 0.262264 0.496000 0.258491 0.476000 0.237736 0.466000 0.233962
0 0.084000 0.413208 0.084000 0.432075 0.088000 0.443396 0.110000 0.464151 0.130000 0.473585 0.146000 0.477358 0.158000 0.483019 0.162000 0.488679 0.180000 0.486792 0.230000 0.490566 0.256000 0.477358 0.278000 0.452830 0.290000 0.449057 0.336000 0.450943 0.320000 0.439623 0.312000 0.441509 0.304000 0.435849 0.284000 0.430189 0.268000 0.416981 0.242000 0.379245 0.214000 0.379245 0.200000 0.369811 0.188000 0.366038 0.138000 0.364151 0.132000 0.367925 0.124000 0.367925 0.098000 0.384906
0 0.284000 0.341509 0.274000 0.364151 0.276000 0.392453 0.280000 0.400000 0.286000 0.403774 0.288000 0.415094 0.300000 0.424528 0.314000 0.426415 0.322000 0.433962 0.322000 0.439623 0.342000 0.452830 0.378000 0.454717 0.382000 0.458491 0.410000 0.460377 0.422000 0.450943 0.432000 0.449057 0.452000 0.452830 0.456000 0.458491 0.460000 0.445283 0.440000 0.424528 0.434000 0.398113 0.424000 0.386792 0.422000 0.379245 0.406000 0.367925 0.398000 0.367925 0.388000 0.358491 0.376000 0.352830 0.364000 0.352830 0.346000 0.341509 0.308000 0.339623 0.300000 0.347170 0.292000 0.343396 0.292000 0.337736
0 0.460000 0.479245 0.454000 0.475472 0.442000 0.477358 0.386000 0.494340 0.324000 0.505660 0.288000 0.503774 0.274000 0.496226 0.264000 0.496226 0.254000 0.501887 0.240000 0.501887 0.230000 0.498113 0.228000 0.492453 0.188000 0.490566 0.186000 0.494340 0.180000 0.488679 0.166000 0.488679 0.140000 0.498113 0.128000 0.509434 0.110000 0.513208 0.106000 0.516981 0.096000 0.516981 0.082000 0.530189 0.080000 0.545283 0.066000 0.556604 0.062000 0.564151 0.056000 0.590566 0.068000 0.613208 0.082000 0.626415 0.094000 0.633962 0.116000 0.639623 0.128000 0.649057 0.150000 0.650943 0.166000 0.645283 0.172000 0.639623 0.200000 0.639623 0.210000 0.633962 0.218000 0.633962 0.220000 0.628302 0.232000 0.616981 0.238000 0.603774 0.262000 0.601887 0.268000 0.592453 0.278000 0.584906 0.282000 0.573585 0.294000 0.569811 0.302000 0.552830 0.334000 0.530189 0.360000 0.518868 0.366000 0.511321 0.386000 0.501887 0.400000 0.500000 0.414000 0.492453 0.460000 0.483019
0 0.616000 0.128302 0.592000 0.128302 0.576000 0.133962 0.564000 0.147170 0.560000 0.147170 0.552000 0.154717 0.540000 0.192453 0.526000 0.198113 0.520000 0.205660 0.520000 0.216981 0.516000 0.224528 0.518000 0.237736 0.508000 0.249057 0.508000 0.266038 0.522000 0.286792 0.526000 0.303774 0.534000 0.303774 0.542000 0.316981 0.542000 0.330189 0.538000 0.335849 0.538000 0.345283 0.530000 0.367925 0.530000 0.377358 0.534000 0.379245 0.544000 0.367925 0.544000 0.358491 0.554000 0.339623 0.576000 0.322642 0.596000 0.316981 0.610000 0.301887 0.624000 0.292453 0.624000 0.288679 0.636000 0.277358 0.636000 0.271698 0.618000 0.260377 0.618000 0.252830 0.622000 0.247170 0.638000 0.239623 0.646000 0.216981 0.652000 0.209434 0.652000 0.167925 0.646000 0.160377 0.642000 0.147170 0.628000 0.133962
0 0.820000 0.230189 0.802000 0.216981 0.770000 0.215094 0.740000 0.218868 0.720000 0.232075 0.704000 0.237736 0.696000 0.247170 0.686000 0.267925 0.674000 0.275472 0.664000 0.288679 0.660000 0.309434 0.650000 0.320755 0.650000 0.341509 0.646000 0.350943 0.628000 0.367925 0.608000 0.381132 0.624000 0.381132 0.646000 0.377358 0.656000 0.371698 0.672000 0.371698 0.684000 0.379245 0.694000 0.379245 0.702000 0.373585 0.722000 0.383019 0.738000 0.383019 0.752000 0.369811 0.762000 0.373585 0.768000 0.367925 0.786000 0.362264 0.794000 0.354717 0.802000 0.335849 0.814000 0.322642 0.826000 0.300000 0.830000 0.249057
0 0.468000 0.445283 0.462000 0.449057 0.456000 0.460377 0.456000 0.475472 0.468000 0.486792 0.490000 0.484906 0.500000 0.471698 0.502000 0.458491 0.498000 0.452830 0.486000 0.447170
0 0.938000 0.522642 0.936000 0.501887 0.926000 0.486792 0.906000 0.473585 0.884000 0.452830 0.856000 0.443396 0.840000 0.447170 0.802000 0.443396 0.792000 0.445283 0.778000 0.454717 0.770000 0.454717 0.766000 0.450943 0.752000 0.450943 0.740000 0.460377 0.732000 0.462264 0.718000 0.477358 0.694000 0.486792 0.668000 0.490566 0.620000 0.488679 0.588000 0.481132 0.544000 0.477358 0.544000 0.481132 0.550000 0.486792 0.602000 0.490566 0.678000 0.505660 0.690000 0.513208 0.714000 0.539623 0.718000 0.539623 0.726000 0.532075 0.730000 0.533962 0.756000 0.566038 0.774000 0.564151 0.784000 0.571698 0.810000 0.579245 0.884000 0.579245 0.922000 0.558491 0.934000 0.541509 0.934000 0.530189
0 0.456000 0.596226 0.454000 0.607547 0.450000 0.611321 0.448000 0.633962 0.438000 0.654717 0.424000 0.667925 0.420000 0.679245 0.396000 0.696226 0.388000 0.718868 0.370000 0.739623 0.368000 0.769811 0.364000 0.779245 0.372000 0.805660 0.372000 0.815094 0.380000 0.832075 0.394000 0.850943 0.416000 0.867925 0.440000 0.873585 0.464000 0.866038 0.488000 0.843396 0.498000 0.830189 0.502000 0.807547 0.508000 0.798113 0.504000 0.779245 0.498000 0.771698 0.498000 0.762264 0.488000 0.749057 0.492000 0.741509 0.492000 0.724528 0.496000 0.718868 0.496000 0.711321 0.488000 0.705660 0.486000 0.698113 0.476000 0.688679 0.476000 0.669811 0.468000 0.664151 0.464000 0.654717 0.466000 0.635849 0.458000 0.626415
0 0.498000 0.518868 0.510000 0.550943 0.514000 0.581132 0.512000 0.592453 0.504000 0.607547 0.482000 0.624528 0.484000 0.641509 0.478000 0.647170 0.480000 0.650943 0.476000 0.660377 0.478000 0.673585 0.482000 0.673585 0.488000 0.679245 0.488000 0.690566 0.500000 0.701887 0.498000 0.718868 0.494000 0.724528 0.494000 0.739623 0.500000 0.743396 0.502000 0.752830 0.514000 0.771698 0.536000 0.783019 0.546000 0.792453 0.582000 0.794340 0.606000 0.773585 0.612000 0.760377 0.624000 0.749057 0.626000 0.707547 0.620000 0.692453 0.610000 0.684906 0.610000 0.664151 0.602000 0.652830 0.602000 0.647170 0.610000 0.637736 0.610000 0.630189 0.592000 0.618868 0.584000 0.616981 0.576000 0.609434 0.572000 0.600000 0.544000 0.592453 0.528000 0.577358 0.520000 0.566038 0.516000 0.541509 0.510000 0.528302
0 0.504000 0.458491 0.502000 0.471698 0.488000 0.486792 0.496000 0.516981 0.504000 0.520755 0.512000 0.528302 0.512000 0.532075 0.514000 0.528302 0.542000 0.549057 0.574000 0.547170 0.578000 0.543396 0.580000 0.533962 0.576000 0.507547 0.556000 0.498113 0.544000 0.488679 0.546000 0.484906 0.534000 0.462264 0.524000 0.462264 0.512000 0.456604
0 0.574000 0.549057 0.596000 0.562264 0.616000 0.579245 0.624000 0.598113 0.624000 0.605660 0.612000 0.633962 0.630000 0.641509 0.658000 0.673585 0.664000 0.673585 0.670000 0.679245 0.694000 0.688679 0.718000 0.690566 0.732000 0.696226 0.754000 0.696226 0.764000 0.690566 0.774000 0.675472 0.776000 0.652830 0.766000 0.639623 0.764000 0.630189 0.740000 0.601887 0.738000 0.592453 0.730000 0.584906 0.716000 0.577358 0.702000 0.575472 0.696000 0.566038 0.684000 0.562264 0.672000 0.564151 0.652000 0.575472 0.634000 0.575472 0.610000 0.564151 0.582000 0.545283