0 0.498000 0.311321 0.456000 0.315094 0.450000 0.326415 0.434000 0.339623 0.432000 0.352830 0.418000 0.367925 0.418000 0.377358 0.424000 0.388679 0.426000 0.415094 0.440000 0.426415 0.444000 0.439623 0.460000 0.452830 0.464000 0.460377 0.466000 0.541509 0.470000 0.541509 0.474000 0.511321 0.476000 0.460377 0.486000 0.443396 0.502000 0.428302 0.506000 0.411321 0.514000 0.398113 0.514000 0.381132 0.518000 0.375472 0.518000 0.349057 0.514000 0.343396 0.512000 0.328302 0.508000 0.318868
0 0.642000 0.398113 0.624000 0.394340 0.600000 0.394340 0.572000 0.407547 0.552000 0.426415 0.546000 0.443396 0.534000 0.454717 0.536000 0.479245 0.532000 0.486792 0.536000 0.494340 0.536000 0.511321 0.508000 0.541509 0.482000 0.575472 0.490000 0.575472 0.510000 0.556604 0.534000 0.526415 0.550000 0.513208 0.606000 0.505660 0.630000 0.483019 0.646000 0.473585 0.652000 0.464151 0.652000 0.449057 0.658000 0.437736 0.658000 0.430189 0.652000 0.407547
0 0.186000 0.426415 0.178000 0.445283 0.178000 0.458491 0.184000 0.471698 0.184000 0.479245 0.190000 0.488679 0.218000 0.509434 0.226000 0.518868 0.248000 0.526415 0.258000 0.524528 0.268000 0.533962 0.286000 0.532075 0.296000 0.526415 0.302000 0.530189 0.310000 0.530189 0.318000 0.522642 0.328000 0.522642 0.352000 0.533962 0.378000 0.554717 0.404000 0.567925 0.416000 0.579245 0.416000 0.583019 0.430000 0.581132 0.408000 0.562264 0.358000 0.530189 0.350000 0.522642 0.350000 0.518868 0.338000 0.511321 0.334000 0.505660 0.334000 0.496226 0.322000 0.481132 0.320000 0.467925 0.308000 0.458491 0.306000 0.447170 0.298000 0.437736 0.278000 0.432075 0.262000 0.418868 0.250000 0.413208 0.212000 0.409434 0.202000 0.413208
0 0.306000 0.443396 0.310000 0.458491 0.322000 0.467925 0.324000 0.481132 0.336000 0.496226 0.336000 0.505660 0.344000 0.515094 0.362000 0.515094 0.370000 0.509434 0.384000 0.511321 0.386000 0.501887 0.398000 0.484906 0.382000 0.456604 0.358000 0.437736 0.344000 0.433962 0.322000 0.433962 0.310000 0.443396
0 0.398000 0.486792 0.386000 0.509434 0.390000 0.524528 0.396000 0.530189 0.402000 0.530189 0.412000 0.539623 0.412000 0.547170 0.446000 0.575472 0.446000 0.558491 0.456000 0.541509 0.456000 0.533962 0.450000 0.526415 0.448000 0.500000 0.424000 0.484906 0.408000 0.483019
0 0.604000 0.507547 0.550000 0.515094 0.536000 0.526415 0.520000 0.545283 0.522000 0.549057 0.508000 0.558491 0.492000 0.577358 0.504000 0.573585 0.530000 0.552830 0.538000 0.552830 0.546000 0.558491 0.568000 0.558491 0.574000 0.541509 0.582000 0.533962 0.606000 0.526415 0.602000 0.522642
0 0.680000 0.567925 0.670000 0.549057 0.650000 0.530189 0.608000 0.526415 0.588000 0.532075 0.576000 0.541509 0.570000 0.558491 0.572000 0.562264 0.562000 0.573585 0.548000 0.583019 0.536000 0.584906 0.532000 0.588679 0.500000 0.588679 0.500000 0.600000 0.518000 0.600000 0.522000 0.596226 0.532000 0.596226 0.540000 0.592453 0.560000 0.592453 0.570000 0.596226 0.578000 0.607547 0.594000 0.605660 0.598000 0.601887 0.666000 0.592453 0.676000 0.584906
0 0.464000 0.543396 0.456000 0.554717 0.456000 0.560377 0.460000 0.564151 0.460000 0.571698 0.470000 0.573585 0.468000 0.569811 0.482000 0.558491 0.482000 0.550943 0.476000 0.545283
0 0.340000 0.550943 0.322000 0.556604 0.312000 0.566038 0.310000 0.573585 0.304000 0.579245 0.306000 0.600000 0.316000 0.611321 0.332000 0.613208 0.336000 0.616981 0.346000 0.618868 0.338000 0.609434 0.336000 0.594340 0.354000 0.573585 0.364000 0.571698 0.366000 0.567925 0.358000 0.554717
0 0.338000 0.594340 0.340000 0.609434 0.350000 0.622642 0.368000 0.628302 0.392000 0.630189 0.402000 0.635849 0.422000 0.637736 0.436000 0.630189 0.436000 0.611321 0.442000 0.605660 0.436000 0.601887 0.432000 0.581132 0.402000 0.586792 0.388000 0.583019 0.376000 0.569811 0.368000 0.569811 0.364000 0.573585 0.354000 0.575472
0 0.472000 0.577358 0.454000 0.571698 0.448000 0.575472 0.446000 0.583019 0.434000 0.583019 0.438000 0.601887 0.452000 0.603774 0.470000 0.584906
0 0.494000 0.579245 0.472000 0.575472 0.472000 0.584906 0.452000 0.605660 0.460000 0.615094 0.470000 0.616981 0.492000 0.609434 0.498000 0.601887 0.498000 0.588679
0 0.486000 0.613208 0.494000 0.620755 0.518000 0.618868 0.518000 0.628302 0.532000 0.628302 0.564000 0.647170 0.572000 0.633962 0.572000 0.616981 0.578000 0.609434 0.566000 0.596226 0.540000 0.594340 0.528000 0.598113 0.528000 0.603774 0.520000 0.611321 0.496000 0.613208 0.494000 0.609434
0 0.460000 0.616981 0.476000 0.639623 0.476000 0.650943 0.470000 0.656604 0.462000 0.677358 0.462000 0.686792 0.476000 0.713208 0.512000 0.739623 0.546000 0.743396 0.564000 0.730189 0.564000 0.720755 0.578000 0.692453 0.578000 0.679245 0.568000 0.664151 0.564000 0.649057 0.532000 0.630189 0.502000 0.630189 0.488000 0.637736 0.472000 0.622642 0.472000 0.616981
0 0.366000 0.628302 0.354000 0.624528 0.346000 0.628302 0.338000 0.624528 0.310000 0.620755 0.296000 0.624528 0.280000 0.624528 0.242000 0.639623 0.228000 0.658491 0.226000 0.671698 0.230000 0.681132 0.244000 0.690566 0.288000 0.690566 0.310000 0.679245 0.322000 0.667925 0.346000 0.633962
0 0.436000 0.632075 0.422000 0.639623 0.416000 0.639623 0.418000 0.649057 0.406000 0.660377 0.386000 0.662264 0.372000 0.677358 0.366000 0.705660 0.376000 0.732075 0.394000 0.747170 0.428000 0.745283 0.440000 0.735849 0.454000 0.701887 0.454000 0.683019 0.450000 0.675472 0.450000 0.666038 0.446000 0.660377 0.430000 0.656604 0.426000 0.652830 0.426000 0.649057 0.436000 0.639623