0 0.558491 0.456637 0.552830 0.461947 0.554717 0.477876 0.560377 0.481416 0.567925 0.481416 0.575472 0.467257 0.566038 0.456637
0 0.513208 0.520354 0.501887 0.530973 0.501887 0.539823 0.513208 0.539823 0.516981 0.536283 0.516981 0.525664
0 0.539623 0.502655 0.539623 0.507965 0.550943 0.516814 0.558491 0.516814 0.567925 0.509735 0.579245 0.509735 0.583019 0.513274 0.583019 0.525664 0.588679 0.515044 0.586792 0.507965 0.583019 0.506195 0.549057 0.509735 0.543396 0.502655
0 0.484906 0.499115 0.488679 0.506195 0.496226 0.507965 0.503774 0.499115 0.526415 0.493805 0.507547 0.493805 0.498113 0.488496 0.490566 0.488496 0.484906 0.493805
0 0.550943 0.470796 0.543396 0.483186 0.543396 0.490265 0.554717 0.490265 0.564151 0.486726 0.552830 0.477876
0 0.545283 0.492035 0.541509 0.490265 0.541509 0.486726 0.533962 0.486726 0.532075 0.492035 0.524528 0.497345 0.513208 0.497345 0.516981 0.502655 0.524528 0.506195 0.537736 0.504425 0.539623 0.500885 0.543396 0.500885
0 0.533962 0.506195 0.547170 0.522124 0.581132 0.527434 0.579245 0.511504 0.567925 0.511504 0.558491 0.518584 0.550943 0.518584 0.537736 0.506195
0 0.520755 0.504425 0.496226 0.529204 0.488679 0.529204 0.473585 0.539823 0.471698 0.548673 0.479245 0.555752 0.486792 0.555752 0.500000 0.543363 0.500000 0.530973 0.515094 0.516814 0.522642 0.506195
0 0.598113 0.469027 0.592453 0.465487 0.577358 0.467257 0.569811 0.483186 0.560377 0.490265 0.547170 0.492035 0.547170 0.495575 0.590566 0.484956 0.600000 0.474336
0 0.505660 0.477876 0.513208 0.492035 0.524528 0.492035 0.511321 0.477876
0 0.473585 0.458407 0.471698 0.469027 0.479245 0.477876 0.494340 0.481416 0.503774 0.476106 0.511321 0.476106 0.526415 0.492035 0.530189 0.492035 0.513208 0.470796 0.496226 0.458407 0.486792 0.454867 0.479245 0.454867
0 0.543396 0.438938 0.532075 0.440708 0.528302 0.446018 0.528302 0.456637 0.537736 0.465487 0.533962 0.484956 0.541509 0.484956 0.543396 0.481416 0.541509 0.469027 0.549057 0.451327 0.549057 0.446018