0 0.256604 0.334513 0.245283 0.355752 0.245283 0.371681 0.249057 0.382301 0.264151 0.405310 0.294340 0.433628 0.313208 0.440708 0.335849 0.456637 0.354717 0.463717 0.375472 0.463717 0.381132 0.469027 0.394340 0.472566 0.413208 0.470796 0.428302 0.481416 0.477358 0.479646 0.541509 0.515044 0.524528 0.492035 0.483019 0.469027 0.471698 0.458407 0.464151 0.447788 0.460377 0.430088 0.450943 0.410619 0.433962 0.398230 0.415094 0.375221 0.401887 0.368142 0.373585 0.343363 0.356604 0.339823 0.349057 0.332743 0.339623 0.332743 0.311321 0.322124 0.284906 0.322124 0.271698 0.325664
0 0.564151 0.536283 0.549057 0.529204 0.537736 0.530973 0.511321 0.523894 0.501887 0.527434 0.447170 0.527434 0.415094 0.543363 0.405660 0.553982 0.398113 0.573451 0.411321 0.585841 0.432075 0.591150 0.450943 0.591150 0.486792 0.584071 0.492453 0.580531 0.498113 0.582301 0.528302 0.566372 0.550943 0.543363 0.558491 0.541593
0 0.243396 0.523894 0.245283 0.536283 0.256604 0.553982 0.288679 0.573451 0.324528 0.584071 0.366038 0.584071 0.390566 0.573451 0.396226 0.573451 0.400000 0.561062 0.411321 0.545133 0.445283 0.527434 0.420755 0.529204 0.411321 0.522124 0.403774 0.507965 0.386792 0.492035 0.362264 0.486726 0.343396 0.477876 0.326415 0.476106 0.283019 0.481416 0.262264 0.490265 0.247170 0.504425
0 0.575472 0.483186 0.571698 0.484956 0.571698 0.488496 0.584906 0.506195 0.586792 0.513274 0.584906 0.530973 0.594340 0.520354 0.596226 0.495575 0.583019 0.484956
0 0.579245 0.566372 0.573585 0.576991 0.579245 0.630088 0.577358 0.635398 0.566038 0.646018 0.558491 0.667257 0.558491 0.684956 0.554717 0.692035 0.554717 0.709735 0.558491 0.713274 0.558491 0.720354 0.554717 0.725664 0.554717 0.752212 0.558491 0.759292 0.558491 0.773451 0.562264 0.789381 0.569811 0.803540 0.594340 0.831858 0.609434 0.837168 0.628302 0.835398 0.637736 0.830088 0.649057 0.817699 0.662264 0.775221 0.660377 0.757522 0.654717 0.741593 0.656604 0.727434 0.643396 0.697345 0.645283 0.684956 0.630189 0.665487 0.630189 0.653097 0.620755 0.642478 0.605660 0.635398 0.594340 0.623009 0.584906 0.585841 0.584906 0.575221
0 0.475472 0.237168 0.449057 0.249558 0.432075 0.269027 0.426415 0.292035 0.430189 0.311504 0.449057 0.357522 0.471698 0.382301 0.473585 0.389381 0.494340 0.408850 0.524528 0.423009 0.539623 0.447788 0.545283 0.465487 0.558491 0.470796 0.547170 0.433628 0.547170 0.423009 0.550943 0.412389 0.566038 0.391150 0.571698 0.373451 0.571698 0.366372 0.564151 0.353982 0.566038 0.315044 0.562264 0.311504 0.562264 0.304425 0.549057 0.277876 0.520755 0.247788 0.507547 0.240708
0 0.549057 0.582301 0.537736 0.594690 0.532075 0.607080 0.522642 0.615929 0.496226 0.614159 0.484906 0.621239 0.483019 0.628319 0.475472 0.635398 0.477358 0.644248 0.471698 0.656637 0.477358 0.660177 0.481132 0.670796 0.498113 0.686726 0.518868 0.686726 0.537736 0.676106 0.550943 0.661947 0.552830 0.637168 0.535849 0.615929 0.547170 0.589381 0.552830 0.585841
0 0.558491 0.543363 0.550943 0.545133 0.535849 0.562832 0.500000 0.582301 0.494340 0.591150 0.473585 0.605310 0.458491 0.612389 0.430189 0.612389 0.409434 0.619469 0.398113 0.619469 0.384906 0.630088 0.358491 0.630088 0.339623 0.647788 0.324528 0.656637 0.311321 0.672566 0.290566 0.716814 0.290566 0.738053 0.298113 0.757522 0.305660 0.764602 0.318868 0.769912 0.364151 0.768142 0.369811 0.764602 0.384906 0.764602 0.396226 0.759292 0.420755 0.734513 0.432075 0.729204 0.441509 0.720354 0.449057 0.697345 0.456604 0.688496 0.464151 0.665487 0.473585 0.651327 0.475472 0.623009 0.524528 0.576991 0.554717 0.555752 0.558491 0.550442
0 0.533962 0.470796 0.528302 0.479646 0.528302 0.493805 0.541509 0.511504 0.541509 0.516814 0.549057 0.527434 0.560377 0.534513 0.571698 0.534513 0.581132 0.530973 0.584906 0.513274 0.569811 0.484956 0.562264 0.479646 0.558491 0.472566 0.543396 0.465487
0 0.716981 0.346903 0.705660 0.341593 0.688679 0.343363 0.658491 0.362832 0.645283 0.378761 0.645283 0.384071 0.622642 0.417699 0.618868 0.430088 0.609434 0.444248 0.603774 0.465487 0.605660 0.481416 0.596226 0.499115 0.596226 0.511504 0.600000 0.511504 0.620755 0.492035 0.628302 0.492035 0.637736 0.484956 0.656604 0.477876 0.673585 0.460177 0.684906 0.454867 0.705660 0.431858 0.726415 0.392920 0.728302 0.366372 0.722642 0.352212
0 0.592453 0.566372 0.596226 0.576991 0.645283 0.642478 0.649057 0.651327 0.649057 0.686726 0.677358 0.723894 0.690566 0.736283 0.720755 0.750442 0.762264 0.759292 0.805660 0.755752 0.824528 0.746903 0.835849 0.736283 0.839623 0.727434 0.837736 0.700885 0.826415 0.679646 0.796226 0.647788 0.775472 0.637168 0.767925 0.637168 0.749057 0.628319 0.715094 0.624779 0.684906 0.626549 0.669811 0.637168 0.662264 0.638938 0.637736 0.619469 0.622642 0.601770 0.607547 0.576991
0 0.584906 0.532743 0.583019 0.557522 0.590566 0.564602 0.598113 0.566372 0.609434 0.576991 0.613208 0.575221 0.624528 0.584071 0.641509 0.603540 0.656604 0.607080 0.684906 0.605310 0.703774 0.591150 0.701887 0.571681 0.681132 0.552212 0.641509 0.538053 0.628302 0.529204 0.605660 0.520354 0.596226 0.520354
0 0.583019 0.532743 0.560377 0.539823 0.560377 0.550442 0.547170 0.564602 0.547170 0.580531 0.562264 0.584071 0.567925 0.578761 0.571698 0.578761 0.575472 0.568142 0.579245 0.564602 0.581132 0.566372
0 0.703774 0.339823 0.690566 0.332743 0.679245 0.332743 0.662264 0.341593 0.652830 0.343363 0.635849 0.359292 0.626415 0.376991 0.616981 0.405310 0.618868 0.424779 0.620755 0.417699 0.652830 0.366372 0.677358 0.346903 0.688679 0.341593
0 0.433962 0.481416 0.454717 0.502655 0.469811 0.509735 0.488679 0.506195 0.494340 0.497345 0.501887 0.493805 0.477358 0.481416
0 0.920755 0.438938 0.901887 0.415929 0.884906 0.407080 0.854717 0.405310 0.824528 0.410619 0.801887 0.421239 0.777358 0.428319 0.764151 0.437168 0.750943 0.453097 0.735849 0.454867 0.711321 0.481416 0.707547 0.493805 0.694340 0.506195 0.658491 0.520354 0.618868 0.525664 0.624528 0.525664 0.639623 0.532743 0.690566 0.520354 0.709434 0.520354 0.724528 0.530973 0.777358 0.536283 0.783019 0.530973 0.833962 0.530973 0.884906 0.509735 0.913208 0.483186 0.920755 0.469027