0 0.484906 0.511504 0.473585 0.511504 0.464151 0.516814 0.447170 0.530973 0.433962 0.548673 0.407547 0.573451 0.400000 0.576991 0.384906 0.571681 0.356604 0.573451 0.350943 0.580531 0.324528 0.592920 0.313208 0.603540 0.298113 0.628319 0.296226 0.647788 0.298113 0.676106 0.301887 0.688496 0.316981 0.702655 0.332075 0.711504 0.360377 0.711504 0.375472 0.707965 0.390566 0.700885 0.416981 0.674336 0.424528 0.670796 0.430189 0.656637 0.430189 0.635398 0.437736 0.628319 0.437736 0.614159 0.433962 0.610619 0.430189 0.596460 0.424528 0.591150 0.424528 0.580531 0.452830 0.539823 0.467925 0.527434 0.475472 0.516814 0.483019 0.515044
0 0.486792 0.513274 0.475472 0.518584 0.466038 0.530973 0.464151 0.557522 0.479245 0.580531 0.486792 0.584071 0.501887 0.584071 0.507547 0.582301 0.520755 0.569912 0.524528 0.562832 0.524528 0.548673 0.509434 0.516814
0 0.518868 0.463717 0.501887 0.477876 0.501887 0.492035 0.509434 0.499115 0.518868 0.516814 0.535849 0.516814 0.537736 0.513274 0.543396 0.513274 0.556604 0.492035 0.554717 0.484956 0.545283 0.474336
0 0.207547 0.378761 0.200000 0.405310 0.203774 0.433628 0.207547 0.440708 0.232075 0.463717 0.245283 0.470796 0.290566 0.481416 0.301887 0.481416 0.316981 0.476106 0.332075 0.463717 0.339623 0.447788 0.364151 0.446018 0.420755 0.463717 0.462264 0.483186 0.473585 0.477876 0.466038 0.477876 0.424528 0.456637 0.405660 0.453097 0.390566 0.444248 0.379245 0.442478 0.352830 0.430088 0.345283 0.423009 0.345283 0.417699 0.352830 0.405310 0.350943 0.382301 0.343396 0.373451 0.328302 0.368142 0.315094 0.355752 0.298113 0.346903 0.252830 0.346903 0.232075 0.353982 0.213208 0.368142
0 0.709434 0.454867 0.698113 0.433628 0.681132 0.421239 0.656604 0.414159 0.622642 0.415929 0.603774 0.426549 0.592453 0.444248 0.594340 0.456637 0.601887 0.474336 0.592453 0.481416 0.556604 0.484956 0.556604 0.490265 0.558491 0.492035 0.575472 0.488496 0.615094 0.488496 0.635849 0.506195 0.650943 0.513274 0.673585 0.513274 0.701887 0.492035 0.711321 0.469027
0 0.537736 0.515044 0.543396 0.522124 0.581132 0.543363 0.583019 0.530973 0.573585 0.516814 0.567925 0.513274
0 0.381132 0.346903 0.366038 0.364602 0.364151 0.405310 0.373585 0.423009 0.384906 0.433628 0.383019 0.440708 0.405660 0.451327 0.424528 0.454867 0.437736 0.461947 0.456604 0.456637 0.471698 0.469027 0.475472 0.477876 0.496226 0.492035 0.500000 0.490265 0.500000 0.479646 0.496226 0.479646 0.490566 0.474336 0.481132 0.454867 0.481132 0.444248 0.490566 0.431858 0.486792 0.401770 0.481132 0.396460 0.477358 0.378761 0.469811 0.373451 0.464151 0.361062 0.450943 0.350442 0.443396 0.350442 0.432075 0.343363 0.416981 0.339823 0.398113 0.339823
0 0.284906 0.582301 0.290566 0.591150 0.311321 0.603540 0.324528 0.591150 0.350943 0.578761 0.356604 0.571681 0.384906 0.569912 0.390566 0.573451 0.390566 0.553982 0.398113 0.545133 0.430189 0.534513 0.433962 0.530973 0.449057 0.529204 0.473585 0.507965 0.466038 0.506195 0.458491 0.515044 0.430189 0.527434 0.405660 0.534513 0.384906 0.532743 0.375472 0.523894 0.371698 0.515044 0.358491 0.506195 0.333962 0.504425 0.318868 0.509735 0.300000 0.520354 0.284906 0.536283 0.279245 0.546903 0.279245 0.566372
0 0.520755 0.518584 0.528302 0.520354 0.543396 0.534513 0.558491 0.541593 0.584906 0.568142 0.584906 0.591150 0.588679 0.596460 0.588679 0.607080 0.592453 0.614159 0.603774 0.624779 0.607547 0.637168 0.632075 0.653097 0.641509 0.663717 0.666038 0.676106 0.703774 0.676106 0.716981 0.672566 0.733962 0.661947 0.741509 0.647788 0.741509 0.624779 0.728302 0.592920 0.711321 0.576991 0.705660 0.575221 0.690566 0.557522 0.681132 0.552212 0.658491 0.550442 0.645283 0.539823 0.632075 0.541593 0.628302 0.545133 0.613208 0.543363 0.594340 0.555752 0.586792 0.552212 0.579245 0.543363 0.537736 0.518584
0 0.462264 0.484956 0.464151 0.500885 0.475472 0.509735 0.498113 0.511504 0.505660 0.515044 0.511321 0.509735 0.507547 0.499115 0.500000 0.492035 0.496226 0.493805 0.477358 0.479646
0 0.613208 0.182301 0.583019 0.180531 0.569811 0.185841 0.554717 0.196460 0.524528 0.224779 0.513208 0.256637 0.513208 0.270796 0.505660 0.284956 0.505660 0.293805 0.513208 0.309735 0.520755 0.316814 0.520755 0.332743 0.543396 0.352212 0.543396 0.368142 0.533962 0.401770 0.528302 0.412389 0.528302 0.419469 0.505660 0.470796 0.518868 0.461947 0.558491 0.368142 0.569811 0.357522 0.575472 0.355752 0.600000 0.357522 0.616981 0.341593 0.633962 0.332743 0.643396 0.323894 0.649057 0.300885 0.660377 0.284956 0.664151 0.260177 0.658491 0.244248 0.656604 0.224779 0.649057 0.207080 0.637736 0.194690
0 0.526415 0.561062 0.522642 0.571681 0.530189 0.587611 0.537736 0.617699 0.537736 0.637168 0.518868 0.656637 0.509434 0.674336 0.513208 0.713274 0.520755 0.736283 0.550943 0.768142 0.564151 0.775221 0.600000 0.776991 0.618868 0.771681 0.637736 0.757522 0.649057 0.734513 0.650943 0.693805 0.635849 0.667257 0.637736 0.661947 0.632075 0.654867 0.605660 0.637168 0.600000 0.638938 0.586792 0.630088 0.562264 0.630088 0.547170 0.612389 0.547170 0.607080