0 0.337868 0.485261 0.342404 0.514739 0.374150 0.535147 0.380952 0.528345 0.408163 0.523810 0.412698 0.510204 0.426304 0.498866 0.448980 0.498866 0.439909 0.492063 0.426304 0.494331 0.408163 0.473923 0.394558 0.467120 0.360544 0.467120
0 0.526077 0.494331 0.557823 0.492063 0.585034 0.496599 0.594104 0.505669 0.594104 0.512472 0.609977 0.535147 0.619048 0.537415 0.643991 0.537415 0.655329 0.532880 0.671202 0.519274 0.675737 0.510204 0.673469 0.489796 0.625850 0.492063 0.616780 0.485261 0.614512 0.478458 0.600907 0.469388 0.598639 0.480726 0.585034 0.492063 0.535147 0.487528 0.530612 0.482993 0.530612 0.489796
0 0.496599 0.512472 0.485261 0.519274 0.485261 0.530612 0.476190 0.546485 0.478458 0.562358 0.471655 0.582766 0.430839 0.614512 0.421769 0.634921 0.437642 0.714286 0.444444 0.723356 0.464853 0.732426 0.496599 0.721088 0.519274 0.700680 0.532880 0.659864 0.532880 0.637188 0.521542 0.609977 0.503401 0.600907 0.489796 0.587302 0.485261 0.575964 0.485261 0.564626 0.492063 0.551020
0 0.510204 0.297052 0.498866 0.301587 0.487528 0.317460 0.487528 0.362812 0.496599 0.371882 0.496599 0.378685 0.512472 0.385488 0.530612 0.405896 0.535147 0.399093 0.546485 0.396825 0.562358 0.385488 0.566893 0.369615 0.566893 0.337868 0.562358 0.326531 0.544218 0.303855
0 0.326531 0.344671 0.321995 0.356009 0.321995 0.371882 0.328798 0.396825 0.340136 0.414966 0.365079 0.430839 0.412698 0.430839 0.464853 0.462585 0.467120 0.469388 0.476190 0.469388 0.464853 0.453515 0.460317 0.453515 0.424036 0.412698 0.424036 0.383220 0.417234 0.367347 0.408163 0.358277 0.369615 0.346939 0.346939 0.335601 0.335601 0.337868
0 0.496599 0.528345 0.494331 0.548753 0.505669 0.548753 0.505669 0.530612
0 0.746032 0.403628 0.727891 0.385488 0.714286 0.378685 0.657596 0.380952 0.650794 0.387755 0.612245 0.403628 0.594104 0.421769 0.589569 0.437642 0.569161 0.458050 0.532880 0.473923 0.532880 0.482993 0.557823 0.473923 0.566893 0.473923 0.571429 0.469388 0.596372 0.464853 0.614512 0.476190 0.619048 0.485261 0.625850 0.489796 0.671202 0.487528 0.678005 0.478458 0.705215 0.469388 0.741497 0.437642 0.748299 0.419501
0 0.473923 0.514739 0.462585 0.512472 0.421769 0.519274 0.417234 0.523810 0.412698 0.521542 0.408163 0.526077 0.380952 0.530612 0.374150 0.537415 0.367347 0.537415 0.351474 0.546485 0.342404 0.557823 0.340136 0.566893 0.331066 0.575964 0.321995 0.603175 0.326531 0.614512 0.342404 0.625850 0.362812 0.628118 0.405896 0.614512 0.421769 0.605442 0.448980 0.562358 0.446712 0.539683 0.464853 0.519274
0 0.505669 0.505669 0.514739 0.517007 0.514739 0.521542 0.505669 0.528345 0.510204 0.544218 0.514739 0.548753 0.519274 0.564626 0.535147 0.580499 0.569161 0.596372 0.589569 0.596372 0.605442 0.587302 0.609977 0.575964 0.605442 0.546485 0.596372 0.532880 0.566893 0.505669 0.519274 0.505669 0.517007 0.501134
0 0.476190 0.374150 0.460317 0.383220 0.453515 0.417234 0.469388 0.460317 0.487528 0.478458 0.492063 0.478458 0.510204 0.462585 0.512472 0.448980 0.530612 0.414966 0.530612 0.408163 0.512472 0.387755
0 0.460317 0.469388 0.446712 0.476190 0.439909 0.482993 0.439909 0.489796 0.451247 0.501134 0.467120 0.505669 0.485261 0.496599 0.487528 0.480726 0.480726 0.471655
0 0.503401 0.507937 0.498866 0.507937 0.487528 0.496599 0.464853 0.510204 0.473923 0.512472 0.476190 0.519274 0.482993 0.519274 0.494331 0.510204 0.501134 0.512472
0 0.526077 0.462585 0.512472 0.462585 0.489796 0.480726 0.487528 0.494331 0.498866 0.505669 0.523810 0.496599 0.528345 0.489796 0.532880 0.469388