0 0.340136 0.492063 0.326531 0.487528 0.317460 0.494331 0.290249 0.494331 0.274376 0.498866 0.247166 0.517007 0.224490 0.519274 0.238095 0.523810 0.247166 0.532880 0.269841 0.535147 0.299320 0.517007 0.312925 0.503401 0.315193 0.510204 0.321995 0.498866
0 0.553288 0.648526 0.551020 0.659864 0.541950 0.673469 0.541950 0.682540 0.566893 0.709751 0.582766 0.712018 0.598639 0.723356 0.616780 0.727891 0.625850 0.734694 0.623583 0.727891 0.607710 0.718821 0.607710 0.714286 0.580499 0.682540 0.575964 0.671202 0.553288 0.653061
0 0.276644 0.147392 0.290249 0.158730 0.324263 0.174603 0.358277 0.206349 0.367347 0.226757 0.374150 0.233560 0.374150 0.215420 0.369615 0.204082 0.369615 0.176871 0.374150 0.165533 0.369615 0.172336 0.365079 0.172336 0.356009 0.156463 0.312925 0.133787 0.301587 0.133787
0 0.283447 0.619048 0.265306 0.616780 0.260771 0.612245 0.231293 0.614512 0.231293 0.621315 0.247166 0.657596 0.247166 0.671202 0.242630 0.680272 0.251701 0.662132
0 0.893424 0.283447 0.861678 0.312925 0.861678 0.317460 0.809524 0.362812 0.775510 0.380952 0.757370 0.385488 0.755102 0.390023 0.748299 0.390023 0.734694 0.399093 0.721088 0.401361 0.732426 0.417234 0.732426 0.460317 0.707483 0.487528 0.696145 0.492063 0.680272 0.505669 0.732426 0.494331 0.748299 0.494331 0.802721 0.480726 0.839002 0.448980 0.841270 0.439909 0.866213 0.417234 0.879819 0.380952 0.897959 0.349206 0.900227 0.324263 0.895692 0.315193
0 0.081633 0.231293 0.077098 0.294785 0.083900 0.308390 0.099773 0.324263 0.122449 0.328798 0.145125 0.346939 0.167800 0.353741 0.188209 0.353741 0.226757 0.376417 0.258503 0.374150 0.263039 0.380952 0.274376 0.378685 0.287982 0.360544 0.310658 0.360544 0.312925 0.349206 0.328798 0.337868 0.328798 0.328798 0.319728 0.315193 0.319728 0.287982 0.292517 0.274376 0.283447 0.260771 0.267574 0.260771 0.263039 0.256236 0.253968 0.256236 0.242630 0.247166 0.235828 0.247166 0.224490 0.238095 0.219955 0.219955 0.195011 0.213152 0.167800 0.183673 0.167800 0.188209 0.147392 0.185941 0.120181 0.195011
0 0.467120 0.709751 0.480726 0.734694 0.482993 0.777778 0.469388 0.814059 0.471655 0.839002 0.480726 0.852608 0.482993 0.891156 0.489796 0.909297 0.507937 0.920635 0.510204 0.938776 0.521542 0.961451 0.530612 0.970522 0.530612 0.979592 0.551020 0.981859 0.575964 0.997732 0.736961 0.997732 0.746032 0.986395 0.746032 0.977324 0.757370 0.950113 0.752834 0.925170 0.725624 0.868481 0.700680 0.850340 0.673469 0.823129 0.664399 0.802721 0.664399 0.789116 0.621315 0.746032 0.605442 0.736961 0.562358 0.732426 0.546485 0.723356 0.539683 0.725624 0.521542 0.712018 0.523810 0.705215 0.514739 0.718821 0.485261 0.718821 0.473923 0.709751
0 0.827664 0.000000 0.727891 0.000000 0.714286 0.004535 0.675737 0.047619 0.668934 0.065760 0.637188 0.115646 0.634921 0.129252 0.623583 0.154195 0.600907 0.181406 0.594104 0.197279 0.589569 0.217687 0.589569 0.256236 0.605442 0.281179 0.605442 0.294785 0.596372 0.324263 0.566893 0.365079 0.564626 0.360544 0.566893 0.394558 0.637188 0.324263 0.646259 0.319728 0.650794 0.326531 0.662132 0.306122 0.675737 0.292517 0.696145 0.283447 0.709751 0.269841 0.714286 0.269841 0.716553 0.263039 0.741497 0.238095 0.741497 0.233560 0.764172 0.206349 0.782313 0.197279 0.814059 0.172336 0.816327 0.165533 0.809524 0.167800 0.807256 0.156463 0.829932 0.099773 0.834467 0.074830 0.834467 0.020408
0 0.306122 0.519274 0.285714 0.539683 0.258503 0.541950 0.226757 0.564626 0.195011 0.596372 0.145125 0.628118 0.129252 0.641723 0.117914 0.657596 0.106576 0.684807 0.099773 0.727891 0.099773 0.759637 0.104308 0.816327 0.111111 0.836735 0.111111 0.859410 0.117914 0.870748 0.129252 0.918367 0.145125 0.954649 0.165533 0.975057 0.170068 0.975057 0.185941 0.956916 0.179138 0.936508 0.210884 0.884354 0.217687 0.852608 0.224490 0.845805 0.222222 0.841270 0.229025 0.823129 0.229025 0.798186 0.233560 0.793651 0.233560 0.782313 0.242630 0.764172 0.240363 0.678005 0.244898 0.671202 0.244898 0.657596 0.229025 0.621315 0.229025 0.614512 0.222222 0.609977 0.222222 0.596372 0.229025 0.594104 0.229025 0.589569 0.265306 0.557823 0.283447 0.548753 0.297052 0.546485 0.306122 0.537415
0 0.573696 0.564626 0.573696 0.569161 0.591837 0.582766 0.653061 0.587302 0.662132 0.596372 0.687075 0.600907 0.709751 0.623583 0.721088 0.628118 0.746032 0.650794 0.766440 0.659864 0.800454 0.693878 0.818594 0.727891 0.820862 0.789116 0.809524 0.809524 0.793651 0.818594 0.770975 0.818594 0.818594 0.863946 0.839002 0.870748 0.888889 0.904762 0.943311 0.918367 0.981859 0.916100 0.997732 0.904762 0.997732 0.802721 0.990930 0.786848 0.956916 0.736961 0.936508 0.718821 0.916100 0.707483 0.902494 0.691610 0.900227 0.680272 0.879819 0.659864 0.852608 0.646259 0.839002 0.646259 0.827664 0.632653 0.814059 0.623583 0.804989 0.623583 0.782313 0.614512 0.739229 0.616780 0.723356 0.609977 0.712018 0.612245 0.693878 0.600907 0.680272 0.600907 0.664399 0.587302 0.614512 0.562358 0.598639 0.557823 0.587302 0.548753 0.582766 0.560091
0 0.058957 0.106576 0.058957 0.126984 0.083900 0.149660 0.117914 0.163265 0.163265 0.174603 0.195011 0.210884 0.219955 0.217687 0.226757 0.238095 0.235828 0.244898 0.242630 0.244898 0.253968 0.253968 0.263039 0.253968 0.267574 0.258503 0.283447 0.258503 0.292517 0.272109 0.319728 0.285714 0.319728 0.292517 0.353741 0.292517 0.371882 0.319728 0.410431 0.335601 0.410431 0.324263 0.392290 0.306122 0.376417 0.240363 0.365079 0.226757 0.356009 0.206349 0.317460 0.172336 0.290249 0.160998 0.269841 0.145125 0.258503 0.147392 0.244898 0.133787 0.229025 0.131519 0.206349 0.115646 0.197279 0.115646 0.188209 0.108844 0.142857 0.097506 0.133787 0.090703 0.090703 0.086168 0.065760 0.097506
0 0.421769 0.671202 0.405896 0.696145 0.401361 0.718821 0.385488 0.736961 0.378685 0.736961 0.367347 0.746032 0.353741 0.748299 0.326531 0.766440 0.297052 0.800454 0.276644 0.814059 0.272109 0.832200 0.251701 0.859410 0.242630 0.877551 0.242630 0.886621 0.226757 0.913832 0.219955 0.936508 0.197279 0.977324 0.199546 0.997732 0.380952 0.997732 0.417234 0.981859 0.419501 0.959184 0.435374 0.934240 0.439909 0.902494 0.435374 0.882086 0.444444 0.866213 0.446712 0.845805 0.439909 0.825397 0.439909 0.809524 0.417234 0.764172 0.414966 0.734694
0 0.927438 0.163265 0.918367 0.154195 0.897959 0.147392 0.873016 0.147392 0.857143 0.154195 0.834467 0.156463 0.820862 0.163265 0.809524 0.179138 0.768707 0.208617 0.764172 0.208617 0.714286 0.272109 0.709751 0.272109 0.696145 0.285714 0.675737 0.294785 0.664399 0.306122 0.657596 0.319728 0.653061 0.321995 0.646259 0.349206 0.625850 0.374150 0.600907 0.394558 0.569161 0.412698 0.564626 0.394558 0.564626 0.433107 0.571429 0.435374 0.589569 0.424036 0.600907 0.424036 0.623583 0.405896 0.637188 0.401361 0.718821 0.401361 0.725624 0.396825 0.734694 0.396825 0.748299 0.387755 0.755102 0.387755 0.757370 0.383220 0.775510 0.378685 0.809524 0.360544 0.854875 0.321995 0.859410 0.312925 0.893424 0.281179 0.897959 0.281179 0.893424 0.276644 0.925170 0.244898 0.936508 0.204082 0.936508 0.179138
0 0.022676 0.385488 0.022676 0.408163 0.036281 0.458050 0.081633 0.501134 0.099773 0.510204 0.115646 0.510204 0.136054 0.519274 0.151927 0.521542 0.190476 0.519274 0.201814 0.523810 0.247166 0.514739 0.274376 0.496599 0.290249 0.492063 0.317460 0.492063 0.326531 0.485261 0.335601 0.487528 0.337868 0.482993 0.346939 0.480726 0.351474 0.471655 0.356009 0.471655 0.356009 0.455782 0.344671 0.446712 0.344671 0.455782 0.337868 0.458050 0.310658 0.439909 0.303855 0.424036 0.281179 0.392290 0.276644 0.392290 0.276644 0.399093 0.269841 0.401361 0.247166 0.378685 0.226757 0.378685 0.188209 0.356009 0.167800 0.356009 0.145125 0.349206 0.138322 0.342404 0.129252 0.344671 0.104308 0.337868 0.070295 0.344671 0.052154 0.353741 0.045351 0.353741 0.029478 0.369615
0 0.530612 0.578231 0.539683 0.594104 0.541950 0.612245 0.548753 0.621315 0.548753 0.634921 0.555556 0.653061 0.578231 0.671202 0.582766 0.682540 0.605442 0.707483 0.609977 0.718821 0.623583 0.725624 0.630385 0.736961 0.650794 0.752834 0.675737 0.764172 0.702948 0.791383 0.730159 0.798186 0.757370 0.809524 0.768707 0.818594 0.793651 0.816327 0.809524 0.807256 0.818594 0.789116 0.816327 0.727891 0.798186 0.693878 0.766440 0.662132 0.746032 0.653061 0.721088 0.630385 0.709751 0.625850 0.687075 0.603175 0.662132 0.598639 0.653061 0.589569 0.591837 0.585034 0.569161 0.580499 0.564626 0.573696 0.553288 0.578231
0 0.405896 0.122449 0.390023 0.138322 0.374150 0.163265 0.374150 0.235828 0.383220 0.253968 0.385488 0.276644 0.394558 0.306122 0.412698 0.324263 0.410431 0.333333 0.435374 0.353741 0.446712 0.387755 0.446712 0.410431 0.451247 0.410431 0.455782 0.392290 0.464853 0.378685 0.498866 0.356009 0.496599 0.351474 0.510204 0.326531 0.512472 0.290249 0.505669 0.267574 0.507937 0.251701 0.503401 0.240363 0.505669 0.224490 0.501134 0.222222 0.501134 0.206349 0.476190 0.154195 0.455782 0.133787 0.442177 0.129252 0.428571 0.117914
0 0.403628 0.555556 0.378685 0.573696 0.353741 0.573696 0.333333 0.564626 0.324263 0.571429 0.319728 0.580499 0.303855 0.591837 0.294785 0.594104 0.283447 0.616780 0.285714 0.621315 0.267574 0.641723 0.244898 0.682540 0.244898 0.755102 0.253968 0.770975 0.263039 0.777778 0.263039 0.782313 0.285714 0.784580 0.299320 0.777778 0.303855 0.780045 0.353741 0.746032 0.367347 0.743764 0.378685 0.734694 0.385488 0.734694 0.399093 0.718821 0.403628 0.696145 0.419501 0.668934 0.424036 0.650794 0.424036 0.632653 0.419501 0.625850 0.419501 0.585034 0.408163 0.573696
0 0.721088 0.403628 0.637188 0.403628 0.623583 0.408163 0.600907 0.426304 0.589569 0.426304 0.578231 0.435374 0.562358 0.437642 0.539683 0.464853 0.517007 0.480726 0.537415 0.482993 0.544218 0.487528 0.573696 0.521542 0.580499 0.537415 0.591837 0.526077 0.616780 0.526077 0.648526 0.512472 0.673469 0.507937 0.682540 0.498866 0.707483 0.485261 0.730159 0.460317 0.730159 0.417234
0 0.408163 0.505669 0.412698 0.507937 0.408163 0.512472 0.408163 0.521542 0.399093 0.530612 0.399093 0.544218 0.403628 0.548753 0.405896 0.564626 0.421769 0.587302 0.444444 0.585034 0.460317 0.571429 0.464853 0.553288 0.473923 0.544218 0.473923 0.526077 0.453515 0.523810 0.419501 0.505669
0 0.376417 0.321995 0.374150 0.326531 0.353741 0.324263 0.331066 0.331066 0.331066 0.337868 0.315193 0.349206 0.310658 0.369615 0.306122 0.374150 0.306122 0.401361 0.312925 0.417234 0.333333 0.442177 0.340136 0.446712 0.344671 0.444444 0.358277 0.455782 0.358277 0.471655 0.351474 0.473923 0.403628 0.469388 0.408163 0.464853 0.410431 0.442177 0.419501 0.426304 0.430839 0.417234 0.448980 0.412698 0.444444 0.410431 0.444444 0.387755 0.433107 0.353741 0.414966 0.337868 0.405896 0.337868 0.399093 0.331066 0.378685 0.326531
0 0.482993 0.455782 0.476190 0.448980 0.471655 0.430839 0.451247 0.414966 0.444444 0.414966 0.421769 0.426304 0.412698 0.442177 0.410431 0.464853 0.405896 0.471655 0.446712 0.464853 0.448980 0.460317 0.462585 0.455782
0 0.471655 0.546485 0.462585 0.571429 0.444444 0.587302 0.421769 0.589569 0.421769 0.625850 0.426304 0.632653 0.428571 0.655329 0.455782 0.700680 0.467120 0.707483 0.473923 0.707483 0.485261 0.716553 0.514739 0.716553 0.519274 0.712018 0.519274 0.705215 0.530612 0.696145 0.539683 0.682540 0.539683 0.673469 0.548753 0.659864 0.551020 0.646259 0.546485 0.634921 0.546485 0.621315 0.539683 0.612245 0.539683 0.600907 0.528345 0.575964 0.503401 0.569161 0.489796 0.560091 0.480726 0.546485
0 0.473923 0.455782 0.485261 0.471655 0.485261 0.482993 0.478458 0.492063 0.478458 0.505669 0.496599 0.510204 0.510204 0.498866 0.517007 0.487528 0.512472 0.467120 0.505669 0.455782
0 0.539683 0.340136 0.514739 0.344671 0.494331 0.362812 0.485261 0.365079 0.467120 0.378685 0.458050 0.392290 0.451247 0.412698 0.473923 0.430839 0.480726 0.453515 0.505669 0.453515 0.514739 0.467120 0.514739 0.476190 0.539683 0.462585 0.564626 0.435374 0.562358 0.358277
0 0.492063 0.512472 0.476190 0.505669 0.476190 0.492063 0.482993 0.482993 0.482993 0.471655 0.471655 0.458050 0.453515 0.460317 0.446712 0.467120 0.408163 0.473923 0.412698 0.487528 0.412698 0.503401 0.419501 0.503401 0.453515 0.521542 0.473923 0.523810 0.478458 0.517007
0 0.405896 0.469388 0.353741 0.476190 0.346939 0.482993 0.337868 0.485261 0.342404 0.494331 0.321995 0.501134 0.317460 0.510204 0.310658 0.514739 0.306122 0.539683 0.328798 0.560091 0.353741 0.571429 0.378685 0.571429 0.390023 0.564626 0.401361 0.553288 0.396825 0.544218 0.396825 0.530612 0.405896 0.521542 0.405896 0.512472 0.410431 0.507937 0.405896 0.505669 0.410431 0.503401 0.410431 0.487528 0.403628 0.471655
0 0.476190 0.521542 0.476190 0.546485 0.480726 0.544218 0.489796 0.557823 0.503401 0.566893 0.526077 0.571429 0.530612 0.575964 0.553288 0.575964 0.560091 0.571429 0.569161 0.571429 0.571429 0.564626 0.580499 0.560091 0.585034 0.551020 0.585034 0.539683 0.578231 0.537415 0.571429 0.521542 0.537415 0.485261 0.519274 0.482993 0.512472 0.498866 0.503401 0.507937