0 0.473923 0.256236 0.453515 0.263039 0.426304 0.292517 0.428571 0.342404 0.439909 0.353741 0.460317 0.362812 0.462585 0.378685 0.458050 0.383220 0.480726 0.380952 0.471655 0.374150 0.471655 0.369615 0.478458 0.360544 0.496599 0.353741 0.501134 0.344671 0.482993 0.308390 0.482993 0.258503
0 0.294785 0.424036 0.256236 0.458050 0.251701 0.469388 0.253968 0.489796 0.276644 0.510204 0.317460 0.519274 0.333333 0.519274 0.337868 0.514739 0.351474 0.512472 0.369615 0.494331 0.374150 0.476190 0.378685 0.471655 0.390023 0.469388 0.399093 0.460317 0.399093 0.455782 0.390023 0.455782 0.378685 0.446712 0.358277 0.442177 0.328798 0.419501
0 0.426304 0.367347 0.430839 0.380952 0.444444 0.396825 0.444444 0.405896 0.444444 0.399093 0.455782 0.387755 0.453515 0.376417 0.444444 0.367347
0 0.727891 0.269841 0.716553 0.260771 0.662132 0.263039 0.621315 0.283447 0.614512 0.283447 0.589569 0.310658 0.582766 0.326531 0.582766 0.365079 0.573696 0.376417 0.562358 0.380952 0.537415 0.401361 0.557823 0.403628 0.564626 0.394558 0.580499 0.387755 0.596372 0.387755 0.614512 0.394558 0.653061 0.399093 0.689342 0.380952 0.712018 0.358277 0.718821 0.337868 0.725624 0.328798 0.727891 0.317460 0.723356 0.306122 0.730159 0.292517
0 0.471655 0.519274 0.464853 0.535147 0.460317 0.537415 0.467120 0.555556 0.467120 0.607710 0.430839 0.646259 0.424036 0.666667 0.424036 0.689342 0.435374 0.741497 0.462585 0.773243 0.489796 0.780045 0.498866 0.773243 0.505669 0.773243 0.526077 0.755102 0.532880 0.743764 0.535147 0.730159 0.544218 0.721088 0.546485 0.662132 0.541950 0.643991 0.535147 0.632653 0.498866 0.612245 0.489796 0.603175 0.478458 0.564626 0.476190 0.530612
0 0.256236 0.170068 0.242630 0.185941 0.240363 0.217687 0.253968 0.263039 0.274376 0.292517 0.276644 0.303855 0.299320 0.326531 0.331066 0.344671 0.326531 0.346939 0.390023 0.346939 0.408163 0.358277 0.421769 0.371882 0.421769 0.358277 0.410431 0.342404 0.403628 0.319728 0.408163 0.292517 0.412698 0.287982 0.412698 0.269841 0.405896 0.260771 0.405896 0.247166 0.396825 0.238095 0.387755 0.217687 0.371882 0.204082 0.362812 0.190476 0.333333 0.172336 0.321995 0.172336 0.297052 0.160998 0.276644 0.160998
0 0.829932 0.501134 0.829932 0.480726 0.814059 0.460317 0.777778 0.451247 0.766440 0.444444 0.750567 0.444444 0.732426 0.437642 0.657596 0.442177 0.653061 0.451247 0.632653 0.469388 0.619048 0.473923 0.591837 0.473923 0.591837 0.467120 0.587302 0.464853 0.591837 0.467120 0.569161 0.485261 0.571429 0.482993 0.582766 0.489796 0.596372 0.489796 0.625850 0.503401 0.639456 0.517007 0.646259 0.532880 0.657596 0.544218 0.707483 0.557823 0.746032 0.553288 0.784580 0.541950 0.809524 0.528345
0 0.598639 0.142857 0.580499 0.142857 0.546485 0.158730 0.519274 0.185941 0.494331 0.235828 0.489796 0.249433 0.492063 0.256236 0.487528 0.256236 0.482993 0.263039 0.485261 0.308390 0.498866 0.337868 0.503401 0.340136 0.492063 0.371882 0.482993 0.380952 0.482993 0.385488 0.496599 0.399093 0.530612 0.349206 0.544218 0.342404 0.555556 0.342404 0.566893 0.335601 0.573696 0.312925 0.585034 0.308390 0.605442 0.285714 0.607710 0.274376 0.623583 0.242630 0.623583 0.233560 0.630385 0.217687 0.630385 0.183673 0.616780 0.158730
0 0.421769 0.494331 0.403628 0.507937 0.399093 0.507937 0.380952 0.526077 0.315193 0.526077 0.278912 0.548753 0.235828 0.591837 0.208617 0.625850 0.204082 0.639456 0.204082 0.657596 0.208617 0.666667 0.242630 0.693878 0.267574 0.696145 0.294785 0.687075 0.353741 0.648526 0.369615 0.634921 0.399093 0.591837 0.396825 0.560091 0.408163 0.535147 0.414966 0.528345 0.421769 0.530612
0 0.480726 0.501134 0.478458 0.503401 0.485261 0.505669 0.496599 0.519274 0.505669 0.521542 0.517007 0.535147 0.512472 0.564626 0.519274 0.569161 0.519274 0.587302 0.528345 0.598639 0.541950 0.628118 0.571429 0.657596 0.591837 0.668934 0.619048 0.678005 0.632653 0.678005 0.641723 0.673469 0.655329 0.657596 0.659864 0.623583 0.641723 0.582766 0.603175 0.541950 0.578231 0.526077 0.548753 0.526077 0.528345 0.519274 0.510204 0.501134 0.510204 0.494331 0.505669 0.498866
0 0.324263 0.349206 0.315193 0.367347 0.315193 0.380952 0.326531 0.412698 0.335601 0.424036 0.340136 0.424036 0.358277 0.439909 0.378685 0.444444 0.390023 0.453515 0.399093 0.453515 0.401361 0.458050 0.421769 0.455782 0.430839 0.448980 0.435374 0.448980 0.439909 0.455782 0.442177 0.396825 0.428571 0.380952 0.424036 0.369615 0.421769 0.374150 0.408163 0.360544 0.390023 0.349206
0 0.439909 0.462585 0.428571 0.473923 0.419501 0.473923 0.399093 0.462585 0.396825 0.467120 0.383220 0.473923 0.383220 0.496599 0.396825 0.507937 0.403628 0.505669 0.419501 0.492063 0.424036 0.492063 0.430839 0.471655
0 0.514739 0.405896 0.510204 0.419501 0.501134 0.421769 0.496599 0.448980 0.514739 0.458050 0.519274 0.476190 0.521542 0.473923 0.546485 0.478458 0.553288 0.482993 0.569161 0.482993 0.591837 0.464853 0.598639 0.444444 0.587302 0.426304 0.551020 0.403628 0.528345 0.401361
0 0.494331 0.519274 0.480726 0.530612 0.482993 0.551020 0.492063 0.557823 0.510204 0.560091 0.514739 0.548753 0.514739 0.535147 0.505669 0.523810
0 0.439909 0.464853 0.433107 0.471655 0.424036 0.494331 0.424036 0.532880 0.435374 0.539683 0.448980 0.539683 0.462585 0.535147 0.467120 0.521542 0.478458 0.512472 0.478458 0.501134 0.467120 0.489796 0.467120 0.476190 0.451247 0.476190
0 0.460317 0.383220 0.446712 0.399093 0.442177 0.417234 0.442177 0.444444 0.458050 0.428571 0.464853 0.428571 0.471655 0.439909 0.496599 0.439909 0.494331 0.435374 0.501134 0.419501 0.501134 0.399093 0.496599 0.401361 0.480726 0.383220
0 0.510204 0.455782 0.494331 0.451247 0.492063 0.471655 0.469388 0.476190 0.469388 0.489796 0.478458 0.498866 0.505669 0.496599 0.512472 0.492063 0.517007 0.482993 0.517007 0.471655
0 0.442177 0.446712 0.442177 0.467120 0.446712 0.471655 0.489796 0.471655 0.489796 0.453515 0.494331 0.448980 0.492063 0.439909 0.471655 0.442177 0.464853 0.430839 0.458050 0.430839