0 0.428571 0.335601 0.430839 0.349206 0.439909 0.362812 0.455782 0.358277
0 0.537415 0.582766 0.544218 0.603175 0.569161 0.623583 0.589569 0.621315 0.587302 0.596372
0 0.668934 0.224490 0.662132 0.235828 0.662132 0.242630 0.637188 0.278912 0.621315 0.292517 0.616780 0.292517 0.655329 0.290249 0.662132 0.294785 0.682540 0.297052 0.687075 0.285714 0.687075 0.253968 0.680272 0.235828
0 0.176871 0.147392 0.158730 0.156463 0.140590 0.181406 0.138322 0.222222 0.142857 0.231293 0.142857 0.251701 0.147392 0.256236 0.151927 0.276644 0.188209 0.317460 0.190476 0.324263 0.217687 0.349206 0.238095 0.360544 0.226757 0.335601 0.226757 0.281179 0.260771 0.267574 0.287982 0.267574 0.265306 0.235828 0.256236 0.213152 0.249433 0.208617 0.238095 0.156463 0.213152 0.149660
0 0.911565 0.614512 0.911565 0.562358 0.891156 0.535147 0.891156 0.523810 0.886621 0.514739 0.841270 0.469388 0.841270 0.462585 0.832200 0.471655 0.804989 0.476190 0.795918 0.489796 0.775510 0.496599 0.768707 0.503401 0.757370 0.503401 0.750567 0.489796 0.736961 0.498866 0.696145 0.498866 0.684807 0.494331 0.675737 0.482993 0.664399 0.487528 0.571429 0.487528 0.598639 0.496599 0.600907 0.501134 0.607710 0.501134 0.612245 0.510204 0.630385 0.512472 0.655329 0.523810 0.659864 0.528345 0.657596 0.553288 0.662132 0.562358 0.696145 0.589569 0.730159 0.609977 0.759637 0.612245 0.795918 0.625850 0.827664 0.623583 0.863946 0.634921 0.888889 0.634921 0.902494 0.625850
0 0.315193 0.564626 0.308390 0.573696 0.276644 0.591837 0.249433 0.600907 0.188209 0.603175 0.183673 0.607710 0.181406 0.619048 0.156463 0.643991 0.147392 0.643991 0.147392 0.630385 0.138322 0.634921 0.113379 0.657596 0.108844 0.675737 0.074830 0.705215 0.061224 0.707483 0.065760 0.712018 0.034014 0.750567 0.024943 0.775510 0.024943 0.786848 0.045351 0.818594 0.052154 0.836735 0.061224 0.845805 0.065760 0.857143 0.079365 0.868481 0.117914 0.888889 0.117914 0.877551 0.122449 0.868481 0.126984 0.866213 0.131519 0.854875 0.142857 0.843537 0.147392 0.832200 0.154195 0.827664 0.163265 0.811791 0.183673 0.793651 0.201814 0.789116 0.242630 0.741497 0.253968 0.736961 0.263039 0.727891 0.290249 0.716553 0.292517 0.691610 0.301587 0.675737 0.301587 0.666667 0.285714 0.646259 0.281179 0.623583 0.312925 0.591837
0 0.507937 0.564626 0.501134 0.573696 0.498866 0.589569 0.501134 0.587302 0.505669 0.591837 0.510204 0.607710 0.532880 0.643991 0.539683 0.659864 0.539683 0.671202 0.553288 0.696145 0.560091 0.725624 0.560091 0.748299 0.541950 0.784580 0.541950 0.811791 0.551020 0.832200 0.551020 0.841270 0.571429 0.879819 0.605442 0.929705 0.630385 0.954649 0.641723 0.959184 0.653061 0.975057 0.673469 0.986395 0.680272 0.997732 0.820862 0.997732 0.827664 0.975057 0.834467 0.968254 0.825397 0.952381 0.823129 0.911565 0.802721 0.879819 0.784580 0.859410 0.782313 0.848073 0.773243 0.843537 0.764172 0.829932 0.750567 0.829932 0.741497 0.825397 0.732426 0.809524 0.725624 0.802721 0.712018 0.798186 0.700680 0.784580 0.691610 0.784580 0.671202 0.770975 0.657596 0.757370 0.653061 0.734694 0.639456 0.727891 0.637188 0.723356 0.607710 0.721088 0.585034 0.709751 0.573696 0.696145 0.532880 0.614512 0.521542 0.585034 0.523810 0.573696
0 0.219955 0.467120 0.181406 0.464853 0.163265 0.458050 0.142857 0.458050 0.115646 0.473923 0.027211 0.471655 0.018141 0.476190 0.004535 0.476190 0.000000 0.480726 0.000000 0.736961 0.009070 0.736961 0.024943 0.730159 0.045351 0.716553 0.054422 0.714286 0.061224 0.705215 0.074830 0.702948 0.106576 0.675737 0.111111 0.655329 0.124717 0.646259 0.131519 0.632653 0.133787 0.594104 0.142857 0.575964 0.149660 0.541950 0.179138 0.521542 0.183673 0.512472 0.167800 0.514739 0.165533 0.510204 0.188209 0.489796 0.199546 0.473923
0 0.900227 0.263039 0.888889 0.249433 0.863946 0.238095 0.854875 0.238095 0.843537 0.244898 0.832200 0.244898 0.814059 0.258503 0.789116 0.258503 0.770975 0.265306 0.750567 0.287982 0.727891 0.294785 0.705215 0.319728 0.698413 0.335601 0.678005 0.351474 0.668934 0.378685 0.637188 0.410431 0.625850 0.435374 0.616780 0.444444 0.600907 0.448980 0.598639 0.455782 0.628118 0.455782 0.662132 0.478458 0.675737 0.480726 0.684807 0.492063 0.696145 0.496599 0.736961 0.496599 0.750567 0.487528 0.757370 0.501134 0.768707 0.501134 0.775510 0.494331 0.795918 0.487528 0.804989 0.473923 0.832200 0.469388 0.839002 0.460317 0.868481 0.453515 0.888889 0.433107 0.904762 0.383220 0.911565 0.371882 0.913832 0.326531 0.918367 0.315193 0.909297 0.281179
0 0.340136 0.675737 0.328798 0.691610 0.299320 0.718821 0.285714 0.718821 0.242630 0.743764 0.229025 0.757370 0.224490 0.768707 0.201814 0.791383 0.183673 0.795918 0.174603 0.802721 0.149660 0.832200 0.145125 0.843537 0.133787 0.854875 0.120181 0.877551 0.120181 0.897959 0.113379 0.920635 0.092971 0.952381 0.090703 0.970522 0.086168 0.977324 0.092971 0.997732 0.287982 0.997732 0.294785 0.990930 0.303855 0.968254 0.312925 0.961451 0.315193 0.952381 0.331066 0.929705 0.331066 0.870748 0.344671 0.848073 0.344671 0.825397 0.337868 0.814059 0.337868 0.800454 0.331066 0.780045 0.331066 0.761905 0.324263 0.746032 0.324263 0.700680
0 0.215420 0.000000 0.210884 0.040816 0.219955 0.065760 0.219955 0.079365 0.231293 0.104308 0.231293 0.124717 0.240363 0.142857 0.240363 0.149660 0.235828 0.151927 0.242630 0.160998 0.251701 0.208617 0.258503 0.213152 0.267574 0.235828 0.292517 0.272109 0.299320 0.276644 0.310658 0.276644 0.319728 0.294785 0.344671 0.301587 0.356009 0.310658 0.365079 0.310658 0.374150 0.319728 0.374150 0.324263 0.390023 0.344671 0.390023 0.356009 0.414966 0.399093 0.439909 0.374150 0.439909 0.365079 0.428571 0.349206 0.421769 0.326531 0.421769 0.308390 0.430839 0.292517 0.428571 0.267574 0.435374 0.253968 0.433107 0.206349 0.417234 0.185941 0.417234 0.136054 0.405896 0.122449 0.401361 0.108844 0.401361 0.090703 0.390023 0.072562 0.380952 0.047619 0.371882 0.036281 0.367347 0.020408 0.351474 0.000000
0 0.591837 0.600907 0.594104 0.641723 0.598639 0.655329 0.607710 0.666667 0.605442 0.678005 0.616780 0.696145 0.623583 0.696145 0.628118 0.700680 0.630385 0.712018 0.639456 0.725624 0.655329 0.734694 0.659864 0.757370 0.671202 0.768707 0.691610 0.782313 0.700680 0.782313 0.712018 0.795918 0.725624 0.800454 0.741497 0.823129 0.750567 0.827664 0.764172 0.827664 0.768707 0.836735 0.784580 0.848073 0.791383 0.845805 0.800454 0.850340 0.811791 0.850340 0.834467 0.841270 0.843537 0.814059 0.841270 0.791383 0.845805 0.782313 0.839002 0.770975 0.832200 0.741497 0.804989 0.709751 0.802721 0.700680 0.782313 0.675737 0.730159 0.621315 0.675737 0.585034 0.655329 0.580499 0.646259 0.569161 0.634921 0.573696 0.612245 0.596372 0.603175 0.600907
0 0.365079 0.482993 0.317460 0.473923 0.306122 0.467120 0.235828 0.464853 0.199546 0.476190 0.190476 0.489796 0.167800 0.510204 0.183673 0.510204 0.183673 0.519274 0.156463 0.537415 0.147392 0.553288 0.145125 0.575964 0.140590 0.580499 0.142857 0.596372 0.138322 0.605442 0.142857 0.609977 0.140590 0.619048 0.145125 0.623583 0.145125 0.630385 0.149660 0.630385 0.149660 0.643991 0.156463 0.641723 0.179138 0.619048 0.183673 0.605442 0.181406 0.596372 0.190476 0.587302 0.204082 0.587302 0.215420 0.580499 0.233560 0.582766 0.253968 0.569161 0.269841 0.569161 0.278912 0.562358 0.290249 0.564626 0.297052 0.557823 0.312925 0.555556 0.326531 0.532880 0.353741 0.510204 0.356009 0.498866 0.365079 0.494331
0 0.446712 0.571429 0.433107 0.573696 0.408163 0.603175 0.396825 0.609977 0.387755 0.609977 0.371882 0.625850 0.349206 0.666667 0.346939 0.664399 0.342404 0.678005 0.326531 0.700680 0.326531 0.746032 0.333333 0.761905 0.333333 0.780045 0.340136 0.807256 0.344671 0.807256 0.346939 0.818594 0.353741 0.827664 0.369615 0.836735 0.385488 0.836735 0.401361 0.829932 0.437642 0.798186 0.448980 0.782313 0.451247 0.770975 0.460317 0.759637 0.473923 0.730159 0.473923 0.718821 0.482993 0.707483 0.487528 0.675737 0.485261 0.637188 0.489796 0.628118 0.485261 0.609977 0.489796 0.598639 0.467120 0.594104 0.451247 0.580499
0 0.229025 0.281179 0.226757 0.310658 0.231293 0.342404 0.240363 0.360544 0.265306 0.385488 0.267574 0.392290 0.294785 0.414966 0.301587 0.428571 0.308390 0.428571 0.326531 0.437642 0.328798 0.442177 0.342404 0.444444 0.358277 0.458050 0.369615 0.460317 0.380952 0.448980 0.392290 0.448980 0.399093 0.444444 0.424036 0.444444 0.410431 0.430839 0.408163 0.390023 0.365079 0.317460 0.344671 0.303855 0.319728 0.297052 0.310658 0.278912 0.299320 0.278912 0.287982 0.269841 0.260771 0.269841
0 0.507937 0.476190 0.510204 0.503401 0.496599 0.517007 0.496599 0.523810 0.492063 0.528345 0.492063 0.544218 0.503401 0.546485 0.510204 0.557823 0.505669 0.564626 0.510204 0.562358 0.526077 0.575964 0.535147 0.575964 0.539683 0.582766 0.560091 0.585034 0.571429 0.591837 0.587302 0.594104 0.591837 0.598639 0.603175 0.598639 0.612245 0.594104 0.619048 0.585034 0.643991 0.566893 0.625850 0.528345 0.607710 0.503401 0.600907 0.503401 0.598639 0.498866 0.571429 0.489796 0.571429 0.485261 0.557823 0.476190 0.521542 0.476190 0.512472 0.471655
0 0.360544 0.496599 0.356009 0.510204 0.328798 0.532880 0.319728 0.551020 0.315193 0.553288 0.315193 0.589569 0.328798 0.600907 0.349206 0.609977 0.396825 0.607710 0.408163 0.600907 0.417234 0.587302 0.437642 0.569161 0.437642 0.564626 0.414966 0.535147 0.412698 0.514739 0.410431 0.517007 0.376417 0.510204
0 0.469388 0.351474 0.462585 0.360544 0.451247 0.360544 0.442177 0.365079 0.439909 0.378685 0.430839 0.383220 0.414966 0.401361 0.412698 0.399093 0.412698 0.430839 0.426304 0.442177 0.424036 0.448980 0.451247 0.453515 0.462585 0.469388 0.487528 0.471655 0.496599 0.478458 0.505669 0.478458 0.507937 0.426304 0.498866 0.419501 0.489796 0.392290 0.489796 0.371882 0.473923 0.351474
0 0.430839 0.553288 0.439909 0.569161 0.446712 0.569161 0.460317 0.587302 0.478458 0.596372 0.489796 0.596372 0.496599 0.589569 0.498866 0.573696 0.507937 0.560091 0.503401 0.548753 0.489796 0.544218 0.492063 0.537415 0.467120 0.537415 0.451247 0.548753
0 0.376417 0.453515 0.371882 0.460317 0.371882 0.473923 0.365079 0.496599 0.376417 0.507937 0.410431 0.514739 0.430839 0.494331 0.430839 0.485261 0.424036 0.476190 0.421769 0.446712 0.399093 0.446712 0.392290 0.451247
0 0.433107 0.494331 0.412698 0.512472 0.414966 0.530612 0.430839 0.551020 0.451247 0.546485 0.460317 0.537415 0.464853 0.537415 0.464853 0.530612 0.460317 0.526077 0.444444 0.523810 0.437642 0.517007
0 0.426304 0.451247 0.426304 0.476190 0.433107 0.485261 0.433107 0.492063 0.448980 0.478458 0.462585 0.473923 0.451247 0.455782
0 0.435374 0.492063 0.439909 0.517007 0.444444 0.521542 0.460317 0.523810 0.467120 0.530612 0.467120 0.535147 0.489796 0.535147 0.494331 0.517007 0.507937 0.503401 0.505669 0.480726 0.496599 0.480726 0.487528 0.473923 0.464853 0.471655 0.462585 0.476190 0.448980 0.480726