0 0.546485 0.272109 0.541950 0.285714 0.555556 0.287982 0.571429 0.301587 0.571429 0.294785 0.575964 0.292517 0.578231 0.283447 0.569161 0.272109
0 0.507937 0.591837 0.503401 0.600907 0.505669 0.659864 0.510204 0.673469 0.528345 0.687075 0.532880 0.678005 0.532880 0.632653 0.526077 0.619048 0.505669 0.598639
0 0.825397 0.408163 0.816327 0.396825 0.814059 0.387755 0.804989 0.378685 0.775510 0.369615 0.755102 0.387755 0.734694 0.399093 0.696145 0.412698 0.678005 0.414966 0.648526 0.448980 0.625850 0.458050 0.609977 0.478458 0.628118 0.471655 0.666667 0.469388 0.700680 0.480726 0.723356 0.494331 0.746032 0.496599 0.802721 0.473923 0.827664 0.448980 0.829932 0.435374
0 0.233560 0.317460 0.253968 0.326531 0.324263 0.396825 0.340136 0.405896 0.362812 0.410431 0.358277 0.401361 0.360544 0.392290 0.331066 0.369615 0.299320 0.331066 0.290249 0.312925 0.287982 0.317460 0.278912 0.315193 0.263039 0.319728
0 0.585034 0.625850 0.600907 0.655329 0.600907 0.662132 0.589569 0.696145 0.585034 0.700680 0.578231 0.739229 0.612245 0.809524 0.639456 0.834467 0.653061 0.852608 0.684807 0.873016 0.746032 0.891156 0.768707 0.888889 0.784580 0.879819 0.791383 0.870748 0.802721 0.834467 0.795918 0.777778 0.791383 0.761905 0.780045 0.743764 0.784580 0.734694 0.766440 0.721088 0.743764 0.712018 0.727891 0.696145 0.714286 0.693878 0.709751 0.689342 0.709751 0.678005 0.693878 0.675737 0.684807 0.666667 0.682540 0.643991 0.675737 0.634921 0.653061 0.639456 0.632653 0.634921 0.630385 0.630385 0.594104 0.630385
0 0.718821 0.015873 0.691610 0.020408 0.680272 0.029478 0.671202 0.029478 0.634921 0.056689 0.614512 0.081633 0.612245 0.092971 0.605442 0.097506 0.605442 0.104308 0.598639 0.113379 0.596372 0.140590 0.591837 0.142857 0.591837 0.167800 0.578231 0.208617 0.578231 0.222222 0.582766 0.226757 0.589569 0.256236 0.587302 0.285714 0.582766 0.290249 0.578231 0.285714 0.582766 0.278912 0.578231 0.292517 0.573696 0.294785 0.573696 0.310658 0.587302 0.337868 0.585034 0.344671 0.587302 0.349206 0.591837 0.349206 0.591837 0.353741 0.591837 0.346939 0.605442 0.319728 0.650794 0.274376 0.671202 0.267574 0.668934 0.260771 0.682540 0.249433 0.682540 0.235828 0.675737 0.224490 0.675737 0.208617 0.693878 0.190476 0.698413 0.163265 0.712018 0.147392 0.743764 0.129252 0.743764 0.122449 0.757370 0.108844 0.761905 0.090703 0.768707 0.083900 0.759637 0.045351 0.741497 0.027211
0 0.306122 0.573696 0.269841 0.580499 0.267574 0.578231 0.263039 0.582766 0.251701 0.582766 0.242630 0.589569 0.229025 0.589569 0.201814 0.605442 0.188209 0.619048 0.170068 0.625850 0.129252 0.659864 0.120181 0.671202 0.099773 0.712018 0.097506 0.723356 0.088435 0.730159 0.086168 0.761905 0.092971 0.777778 0.090703 0.786848 0.097506 0.793651 0.124717 0.793651 0.140590 0.786848 0.160998 0.784580 0.199546 0.766440 0.219955 0.761905 0.233560 0.752834 0.253968 0.752834 0.253968 0.716553 0.263039 0.700680 0.269841 0.666667 0.276644 0.657596 0.278912 0.619048 0.290249 0.591837 0.301587 0.582766
0 0.591837 0.498866 0.594104 0.507937 0.630385 0.517007 0.659864 0.544218 0.691610 0.541950 0.709751 0.535147 0.666667 0.526077 0.659864 0.519274 0.650794 0.519274 0.619048 0.498866
0 0.480726 0.526077 0.482993 0.532880 0.478458 0.541950 0.473923 0.594104 0.476190 0.605442 0.469388 0.639456 0.453515 0.666667 0.421769 0.698413 0.412698 0.723356 0.412698 0.748299 0.403628 0.766440 0.403628 0.780045 0.399093 0.784580 0.394558 0.809524 0.399093 0.850340 0.394558 0.884354 0.403628 0.902494 0.403628 0.918367 0.408163 0.925170 0.405896 0.959184 0.412698 0.977324 0.437642 0.997732 0.573696 0.997732 0.591837 0.979592 0.605442 0.947846 0.607710 0.927438 0.600907 0.900227 0.607710 0.891156 0.603175 0.882086 0.607710 0.861678 0.591837 0.832200 0.594104 0.802721 0.587302 0.789116 0.582766 0.766440 0.578231 0.757370 0.566893 0.748299 0.569161 0.741497 0.562358 0.721088 0.539683 0.696145 0.519274 0.684807 0.507937 0.673469 0.501134 0.646259 0.503401 0.582766 0.496599 0.566893 0.498866 0.557823 0.494331 0.553288 0.498866 0.546485 0.498866 0.530612 0.485261 0.530612
0 0.142857 0.079365 0.145125 0.083900 0.156463 0.088435 0.185941 0.117914 0.222222 0.163265 0.256236 0.197279 0.272109 0.206349 0.281179 0.229025 0.287982 0.235828 0.324263 0.251701 0.324263 0.260771 0.337868 0.272109 0.385488 0.274376 0.403628 0.299320 0.399093 0.308390 0.408163 0.326531 0.439909 0.353741 0.421769 0.317460 0.421769 0.299320 0.408163 0.290249 0.401361 0.258503 0.390023 0.231293 0.390023 0.210884 0.383220 0.190476 0.383220 0.179138 0.346939 0.115646 0.315193 0.083900 0.299320 0.074830 0.260771 0.063492 0.224490 0.061224 0.174603 0.063492 0.158730 0.068027
0 0.859410 0.074830 0.848073 0.074830 0.834467 0.068027 0.802721 0.068027 0.789116 0.072562 0.777778 0.083900 0.770975 0.081633 0.773243 0.079365 0.764172 0.090703 0.759637 0.108844 0.746032 0.122449 0.746032 0.129252 0.734694 0.138322 0.721088 0.142857 0.700680 0.163265 0.696145 0.190476 0.678005 0.208617 0.678005 0.224490 0.684807 0.235828 0.684807 0.249433 0.671202 0.260771 0.678005 0.265306 0.678005 0.274376 0.684807 0.274376 0.700680 0.256236 0.723356 0.260771 0.746032 0.278912 0.761905 0.283447 0.775510 0.299320 0.780045 0.310658 0.789116 0.299320 0.807256 0.292517 0.827664 0.272109 0.886621 0.244898 0.895692 0.233560 0.916100 0.224490 0.952381 0.188209 0.959184 0.172336 0.938776 0.136054 0.916100 0.113379
0 0.000000 0.299320 0.000000 0.428571 0.020408 0.442177 0.068027 0.455782 0.079365 0.464853 0.095238 0.464853 0.115646 0.473923 0.142857 0.471655 0.165533 0.482993 0.176871 0.478458 0.219955 0.480726 0.251701 0.467120 0.281179 0.467120 0.299320 0.453515 0.324263 0.442177 0.353741 0.446712 0.353741 0.453515 0.385488 0.433107 0.385488 0.426304 0.380952 0.426304 0.371882 0.417234 0.340136 0.408163 0.324263 0.399093 0.253968 0.328798 0.235828 0.321995 0.229025 0.312925 0.224490 0.315193 0.206349 0.303855 0.179138 0.297052 0.163265 0.297052 0.154195 0.290249 0.124717 0.287982 0.113379 0.283447 0.022676 0.290249
0 0.659864 0.546485 0.666667 0.557823 0.666667 0.578231 0.662132 0.600907 0.655329 0.614512 0.657596 0.625850 0.664399 0.632653 0.675737 0.632653 0.682540 0.639456 0.687075 0.666667 0.693878 0.673469 0.709751 0.675737 0.714286 0.691610 0.727891 0.693878 0.743764 0.709751 0.766440 0.718821 0.784580 0.732426 0.798186 0.750567 0.820862 0.757370 0.866213 0.789116 0.875283 0.789116 0.884354 0.795918 0.922902 0.795918 0.934240 0.789116 0.943311 0.777778 0.947846 0.759637 0.956916 0.743764 0.956916 0.689342 0.952381 0.675737 0.909297 0.630385 0.877551 0.605442 0.825397 0.582766 0.793651 0.557823 0.777778 0.557823 0.746032 0.537415 0.714286 0.535147 0.691610 0.544218
0 0.535147 0.056689 0.485261 0.056689 0.473923 0.063492 0.460317 0.061224 0.444444 0.074830 0.435374 0.106576 0.435374 0.131519 0.439909 0.142857 0.437642 0.167800 0.451247 0.204082 0.448980 0.215420 0.462585 0.240363 0.462585 0.251701 0.471655 0.276644 0.471655 0.294785 0.485261 0.317460 0.485261 0.333333 0.480726 0.337868 0.487528 0.335601 0.505669 0.312925 0.532880 0.299320 0.539683 0.292517 0.544218 0.276644 0.541950 0.265306 0.548753 0.260771 0.573696 0.219955 0.575964 0.224490 0.575964 0.208617 0.589569 0.167800 0.589569 0.142857 0.594104 0.140590 0.596372 0.113379 0.603175 0.104308 0.603175 0.097506 0.609977 0.092971 0.609977 0.088435 0.603175 0.090703 0.589569 0.077098 0.571429 0.068027
0 0.476190 0.514739 0.471655 0.514739 0.462585 0.523810 0.401361 0.521542 0.396825 0.530612 0.317460 0.564626 0.292517 0.591837 0.281179 0.619048 0.278912 0.657596 0.272109 0.666667 0.265306 0.700680 0.256236 0.716553 0.256236 0.755102 0.265306 0.764172 0.299320 0.775510 0.333333 0.770975 0.360544 0.757370 0.380952 0.739229 0.380952 0.734694 0.390023 0.725624 0.401361 0.723356 0.414966 0.693878 0.421769 0.684807 0.424036 0.687075 0.426304 0.678005 0.433107 0.671202 0.433107 0.662132 0.444444 0.630385 0.462585 0.605442 0.471655 0.598639 0.473923 0.557823 0.480726 0.532880 0.480726 0.521542
0 0.786848 0.321995 0.761905 0.285714 0.746032 0.281179 0.723356 0.263039 0.700680 0.258503 0.684807 0.276644 0.675737 0.278912 0.671202 0.297052 0.637188 0.331066 0.632653 0.340136 0.600907 0.369615 0.589569 0.374150 0.587302 0.394558 0.560091 0.421769 0.591837 0.424036 0.603175 0.433107 0.607710 0.442177 0.623583 0.451247 0.630385 0.442177 0.634921 0.442177 0.659864 0.424036 0.664399 0.426304 0.678005 0.412698 0.696145 0.410431 0.734694 0.396825 0.773243 0.371882 0.775510 0.358277 0.791383 0.342404
0 0.299320 0.260771 0.285714 0.276644 0.285714 0.297052 0.301587 0.331066 0.333333 0.369615 0.367347 0.394558 0.383220 0.414966 0.399093 0.414966 0.403628 0.419501 0.401361 0.426304 0.448980 0.424036 0.446712 0.390023 0.455782 0.367347 0.453515 0.369615 0.405896 0.326531 0.396825 0.303855 0.380952 0.287982 0.362812 0.276644 0.337868 0.274376 0.321995 0.260771
0 0.498866 0.535147 0.498866 0.548753 0.507937 0.555556 0.546485 0.605442 0.560091 0.607710 0.594104 0.628118 0.634921 0.630385 0.643991 0.628118 0.655329 0.619048 0.653061 0.614512 0.659864 0.600907 0.664399 0.578231 0.664399 0.557823 0.657596 0.544218 0.630385 0.519274 0.609977 0.512472 0.598639 0.512472 0.589569 0.503401 0.569161 0.503401 0.555556 0.510204 0.530612 0.507937 0.519274 0.526077
0 0.541950 0.287982 0.541950 0.292517 0.532880 0.301587 0.505669 0.315193 0.482993 0.340136 0.480726 0.349206 0.471655 0.356009 0.492063 0.367347 0.503401 0.387755 0.505669 0.403628 0.535147 0.405896 0.544218 0.412698 0.551020 0.424036 0.555556 0.424036 0.571429 0.410431 0.587302 0.390023 0.589569 0.349206 0.587302 0.351474 0.582766 0.344671 0.585034 0.337868 0.575964 0.324263 0.571429 0.303855 0.555556 0.290249
0 0.453515 0.424036 0.448980 0.419501 0.448980 0.426304 0.387755 0.428571 0.383220 0.437642 0.356009 0.453515 0.353741 0.471655 0.369615 0.498866 0.385488 0.505669 0.399093 0.519274 0.462585 0.521542 0.469388 0.514739 0.469388 0.507937 0.462585 0.503401 0.455782 0.482993 0.460317 0.473923 0.467120 0.471655 0.455782 0.462585
0 0.623583 0.453515 0.607710 0.444444 0.600907 0.433107 0.591837 0.426304 0.557823 0.424036 0.551020 0.426304 0.541950 0.437642 0.541950 0.467120 0.532880 0.473923 0.521542 0.473923 0.519274 0.478458 0.528345 0.485261 0.532880 0.494331 0.530612 0.503401 0.535147 0.507937 0.555556 0.507937 0.569161 0.501134 0.589569 0.501134 0.591837 0.494331 0.607710 0.480726 0.607710 0.476190 0.623583 0.460317
0 0.473923 0.358277 0.462585 0.360544 0.451247 0.378685 0.448980 0.396825 0.451247 0.419501 0.455782 0.428571 0.492063 0.424036 0.505669 0.405896 0.501134 0.387755 0.489796 0.367347 0.476190 0.362812
0 0.458050 0.482993 0.464853 0.503401 0.471655 0.507937 0.471655 0.512472 0.480726 0.517007 0.485261 0.528345 0.503401 0.530612 0.514739 0.526077 0.532880 0.505669 0.528345 0.503401 0.530612 0.494331 0.526077 0.485261 0.517007 0.478458 0.519274 0.473923 0.514739 0.473923 0.505669 0.482993 0.498866 0.482993 0.487528 0.476190 0.480726 0.476190 0.480726 0.469388 0.464853 0.469388 0.469388 0.471655 0.462585 0.473923
0 0.548753 0.424036 0.535147 0.408163 0.507937 0.405896 0.492063 0.426304 0.455782 0.430839 0.458050 0.462585 0.462585 0.467120 0.480726 0.467120 0.480726 0.473923 0.487528 0.473923 0.498866 0.480726 0.505669 0.480726 0.514739 0.471655 0.532880 0.471655 0.539683 0.467120 0.539683 0.437642