0 0.494331 0.580499 0.471655 0.605442 0.455782 0.614512 0.435374 0.619048 0.428571 0.632653 0.433107 0.628118 0.444444 0.634921 0.453515 0.634921 0.467120 0.628118 0.473923 0.621315 0.473923 0.616780 0.467120 0.612245 0.485261 0.603175
0 0.578231 0.526077 0.598639 0.539683 0.605442 0.551020 0.623583 0.564626 0.625850 0.573696 0.637188 0.589569 0.637188 0.600907 0.643991 0.614512 0.646259 0.630385 0.646259 0.621315 0.659864 0.600907 0.659864 0.591837 0.639456 0.553288 0.621315 0.535147 0.603175 0.523810 0.591837 0.523810 0.587302 0.528345
0 0.217687 0.482993 0.224490 0.498866 0.240363 0.514739 0.267574 0.530612 0.290249 0.535147 0.285714 0.526077 0.276644 0.519274 0.276644 0.507937 0.303855 0.476190 0.317460 0.471655 0.319728 0.467120 0.272109 0.464853 0.244898 0.485261
0 0.650794 0.219955 0.628118 0.210884 0.625850 0.224490 0.609977 0.242630 0.603175 0.276644 0.594104 0.283447 0.589569 0.297052 0.571429 0.317460 0.566893 0.317460 0.535147 0.340136 0.537415 0.358277 0.546485 0.369615 0.544218 0.394558 0.539683 0.401361 0.537415 0.399093 0.546485 0.414966 0.555556 0.403628 0.569161 0.394558 0.596372 0.394558 0.609977 0.387755 0.628118 0.371882 0.630385 0.374150 0.641723 0.358277 0.646259 0.340136 0.664399 0.301587 0.662132 0.290249 0.668934 0.269841 0.664399 0.240363
0 0.183673 0.156463 0.165533 0.174603 0.158730 0.190476 0.156463 0.251701 0.167800 0.278912 0.197279 0.312925 0.197279 0.326531 0.213152 0.340136 0.238095 0.349206 0.247166 0.358277 0.265306 0.367347 0.285714 0.367347 0.292517 0.362812 0.340136 0.365079 0.399093 0.417234 0.399093 0.424036 0.421769 0.421769 0.399093 0.403628 0.365079 0.349206 0.362812 0.324263 0.369615 0.315193 0.369615 0.301587 0.365079 0.292517 0.362812 0.260771 0.344671 0.219955 0.287982 0.174603 0.265306 0.163265 0.208617 0.149660
0 0.904762 0.578231 0.902494 0.530612 0.886621 0.505669 0.873016 0.507937 0.866213 0.501134 0.866213 0.480726 0.854875 0.469388 0.839002 0.462585 0.825397 0.448980 0.825397 0.444444 0.804989 0.460317 0.786848 0.467120 0.748299 0.473923 0.727891 0.473923 0.707483 0.478458 0.705215 0.482993 0.682540 0.485261 0.675737 0.489796 0.571429 0.494331 0.546485 0.492063 0.537415 0.487528 0.519274 0.498866 0.510204 0.498866 0.535147 0.503401 0.541950 0.501134 0.575964 0.514739 0.591837 0.514739 0.634921 0.523810 0.646259 0.532880 0.653061 0.557823 0.662132 0.569161 0.673469 0.571429 0.687075 0.582766 0.712018 0.587302 0.734694 0.598639 0.757370 0.596372 0.800454 0.600907 0.818594 0.594104 0.870748 0.594104 0.879819 0.589569 0.891156 0.589569
0 0.412698 0.541950 0.385488 0.553288 0.346939 0.555556 0.346939 0.562358 0.340136 0.569161 0.324263 0.575964 0.281179 0.605442 0.204082 0.605442 0.181406 0.609977 0.172336 0.614512 0.156463 0.632653 0.133787 0.639456 0.113379 0.653061 0.086168 0.689342 0.061224 0.714286 0.047619 0.739229 0.047619 0.759637 0.061224 0.777778 0.065760 0.791383 0.081633 0.816327 0.099773 0.832200 0.140590 0.852608 0.154195 0.852608 0.192744 0.834467 0.224490 0.807256 0.242630 0.798186 0.267574 0.775510 0.276644 0.759637 0.297052 0.739229 0.303855 0.723356 0.306122 0.700680 0.315193 0.684807 0.315193 0.675737 0.299320 0.650794 0.299320 0.637188 0.306122 0.619048 0.342404 0.589569 0.367347 0.575964 0.396825 0.548753
0 0.514739 0.063492 0.480726 0.063492 0.446712 0.079365 0.437642 0.102041 0.437642 0.170068 0.426304 0.185941 0.424036 0.183673 0.414966 0.199546 0.417234 0.224490 0.428571 0.242630 0.428571 0.260771 0.433107 0.265306 0.437642 0.281179 0.444444 0.287982 0.444444 0.292517 0.451247 0.294785 0.455782 0.301587 0.471655 0.306122 0.473923 0.321995 0.476190 0.317460 0.489796 0.331066 0.489796 0.360544 0.473923 0.405896 0.473923 0.414966 0.469388 0.419501 0.478458 0.410431 0.487528 0.410431 0.501134 0.403628 0.501134 0.392290 0.526077 0.346939 0.560091 0.319728 0.571429 0.315193 0.587302 0.297052 0.591837 0.283447 0.600907 0.276644 0.605442 0.265306 0.607710 0.242630 0.623583 0.224490 0.625850 0.215420 0.621315 0.170068 0.614512 0.158730 0.609977 0.131519 0.598639 0.111111 0.578231 0.088435
0 0.000000 0.326531 0.000000 0.408163 0.004535 0.414966 0.049887 0.448980 0.099773 0.473923 0.120181 0.480726 0.149660 0.478458 0.158730 0.485261 0.192744 0.485261 0.206349 0.476190 0.222222 0.482993 0.244898 0.482993 0.272109 0.462585 0.315193 0.462585 0.331066 0.469388 0.326531 0.467120 0.337868 0.462585 0.376417 0.460317 0.371882 0.448980 0.356009 0.439909 0.337868 0.435374 0.315193 0.421769 0.292517 0.399093 0.276644 0.376417 0.253968 0.367347 0.238095 0.351474 0.206349 0.337868 0.192744 0.319728 0.172336 0.321995 0.149660 0.308390 0.129252 0.301587 0.090703 0.301587 0.083900 0.297052 0.052154 0.299320 0.034014 0.310658 0.024943 0.310658
0 0.857143 0.392290 0.852608 0.378685 0.836735 0.360544 0.795918 0.342404 0.784580 0.342404 0.777778 0.337868 0.750567 0.337868 0.723356 0.346939 0.698413 0.346939 0.678005 0.358277 0.666667 0.358277 0.648526 0.367347 0.634921 0.367347 0.632653 0.376417 0.619048 0.387755 0.614512 0.385488 0.600907 0.399093 0.589569 0.399093 0.582766 0.421769 0.560091 0.437642 0.557823 0.433107 0.557823 0.446712 0.551020 0.467120 0.557823 0.462585 0.580499 0.460317 0.625850 0.489796 0.675737 0.487528 0.682540 0.482993 0.705215 0.480726 0.707483 0.476190 0.727891 0.471655 0.748299 0.471655 0.786848 0.464853 0.811791 0.453515 0.848073 0.419501 0.857143 0.403628
0 0.417234 0.591837 0.412698 0.591837 0.405896 0.612245 0.394558 0.623583 0.380952 0.628118 0.358277 0.650794 0.353741 0.666667 0.337868 0.680272 0.328798 0.698413 0.328798 0.707483 0.310658 0.743764 0.308390 0.764172 0.303855 0.773243 0.306122 0.784580 0.299320 0.800454 0.306122 0.845805 0.312925 0.859410 0.335601 0.875283 0.356009 0.873016 0.378685 0.854875 0.392290 0.850340 0.403628 0.836735 0.428571 0.786848 0.433107 0.752834 0.439909 0.736961 0.437642 0.698413 0.442177 0.684807 0.437642 0.668934 0.442177 0.655329 0.428571 0.641723 0.426304 0.628118 0.433107 0.616780 0.419501 0.607710
0 0.405896 0.188209 0.392290 0.195011 0.383220 0.206349 0.369615 0.235828 0.365079 0.258503 0.374150 0.333333 0.380952 0.351474 0.387755 0.358277 0.387755 0.365079 0.383220 0.369615 0.378685 0.367347 0.401361 0.403628 0.424036 0.421769 0.421769 0.426304 0.455782 0.439909 0.473923 0.390023 0.471655 0.367347 0.476190 0.353741 0.471655 0.308390 0.455782 0.303855 0.451247 0.297052 0.442177 0.292517 0.442177 0.287982 0.435374 0.281179 0.430839 0.265306 0.426304 0.260771 0.426304 0.242630 0.414966 0.224490 0.412698 0.199546 0.419501 0.188209
0 0.507937 0.498866 0.510204 0.530612 0.498866 0.539683 0.498866 0.571429 0.492063 0.578231 0.505669 0.582766 0.528345 0.621315 0.535147 0.623583 0.548753 0.637188 0.600907 0.657596 0.619048 0.657596 0.628118 0.653061 0.641723 0.639456 0.643991 0.625850 0.634921 0.600907 0.634921 0.589569 0.623583 0.573696 0.621315 0.564626 0.605442 0.553288 0.598639 0.541950 0.557823 0.514739 0.532880 0.503401 0.512472 0.503401
0 0.278912 0.507937 0.278912 0.519274 0.287982 0.526077 0.292517 0.537415 0.308390 0.548753 0.333333 0.555556 0.385488 0.551020 0.401361 0.546485 0.421769 0.532880 0.417234 0.523810 0.417234 0.505669 0.433107 0.485261 0.430839 0.478458 0.410431 0.469388 0.380952 0.462585 0.349206 0.462585 0.328798 0.467120 0.333333 0.469388 0.331066 0.471655 0.321995 0.469388 0.317460 0.473923 0.310658 0.473923
0 0.539683 0.403628 0.503401 0.401361 0.498866 0.408163 0.478458 0.412698 0.469388 0.421769 0.467120 0.419501 0.458050 0.439909 0.476190 0.469388 0.476190 0.480726 0.494331 0.485261 0.496599 0.482993 0.503401 0.489796 0.505669 0.501134 0.507937 0.496599 0.519274 0.496599 0.539683 0.485261 0.537415 0.476190 0.548753 0.467120 0.555556 0.446712 0.555556 0.424036 0.544218 0.414966
0 0.374150 0.444444 0.374150 0.453515 0.378685 0.460317 0.410431 0.467120 0.430839 0.476190 0.433107 0.482993 0.437642 0.471655 0.464853 0.455782 0.458050 0.442177 0.421769 0.428571 0.419501 0.424036 0.390023 0.424036 0.378685 0.433107
0 0.496599 0.485261 0.494331 0.507937 0.485261 0.517007 0.464853 0.519274 0.464853 0.532880 0.473923 0.539683 0.496599 0.539683 0.507937 0.530612 0.507937 0.505669 0.501134 0.498866 0.501134 0.489796
0 0.437642 0.485261 0.419501 0.505669 0.419501 0.523810 0.426304 0.537415 0.462585 0.528345 0.462585 0.519274 0.451247 0.519274 0.444444 0.512472 0.448980 0.494331
0 0.464853 0.458050 0.448980 0.464853 0.437642 0.473923 0.435374 0.480726 0.451247 0.494331 0.451247 0.501134 0.446712 0.505669 0.446712 0.512472 0.451247 0.517007 0.485261 0.514739 0.492063 0.507937 0.492063 0.485261 0.478458 0.485261 0.473923 0.480726 0.473923 0.469388