0 0.455782 0.587302 0.439909 0.598639 0.426304 0.600907 0.426304 0.607710 0.419501 0.616780 0.419501 0.632653 0.433107 0.659864 0.437642 0.659864 0.444444 0.653061 0.455782 0.625850
0 0.435374 0.365079 0.435374 0.378685 0.439909 0.387755 0.433107 0.387755 0.458050 0.399093 0.476190 0.419501 0.480726 0.419501 0.482993 0.410431 0.494331 0.410431 0.505669 0.401361 0.505669 0.392290 0.496599 0.378685 0.455782 0.365079
0 0.523810 0.476190 0.539683 0.476190 0.560091 0.467120 0.578231 0.464853 0.598639 0.451247 0.612245 0.446712 0.628118 0.430839 0.612245 0.433107 0.575964 0.424036 0.566893 0.417234 0.553288 0.419501 0.541950 0.428571 0.541950 0.458050 0.532880 0.467120 0.526077 0.467120 0.523810 0.462585
0 0.353741 0.478458 0.344671 0.473923 0.342404 0.464853 0.331066 0.448980 0.324263 0.444444 0.312925 0.444444 0.312925 0.448980 0.290249 0.460317 0.276644 0.462585 0.269841 0.469388 0.247166 0.469388 0.233560 0.458050 0.222222 0.480726 0.222222 0.498866 0.242630 0.523810 0.242630 0.530612 0.242630 0.523810 0.251701 0.512472 0.258503 0.494331 0.274376 0.482993
0 0.473923 0.532880 0.503401 0.560091 0.523810 0.587302 0.555556 0.609977 0.557823 0.662132 0.564626 0.678005 0.573696 0.687075 0.598639 0.698413 0.607710 0.707483 0.625850 0.716553 0.650794 0.716553 0.657596 0.721088 0.687075 0.718821 0.700680 0.707483 0.714286 0.680272 0.714286 0.666667 0.707483 0.646259 0.696145 0.625850 0.657596 0.585034 0.634921 0.573696 0.605442 0.578231 0.587302 0.587302 0.560091 0.587302 0.528345 0.569161 0.494331 0.535147 0.498866 0.532880 0.492063 0.517007
0 0.303855 0.181406 0.297052 0.190476 0.292517 0.233560 0.299320 0.253968 0.303855 0.290249 0.312925 0.308390 0.340136 0.344671 0.394558 0.362812 0.408163 0.376417 0.410431 0.385488 0.424036 0.378685 0.437642 0.387755 0.433107 0.378685 0.433107 0.362812 0.430839 0.365079 0.426304 0.360544 0.426304 0.324263 0.437642 0.285714 0.433107 0.265306 0.435374 0.253968 0.412698 0.201814 0.392290 0.176871 0.380952 0.174603 0.362812 0.163265 0.346939 0.163265 0.317460 0.179138
0 0.399093 0.569161 0.383220 0.591837 0.367347 0.605442 0.328798 0.616780 0.306122 0.614512 0.287982 0.625850 0.269841 0.646259 0.267574 0.657596 0.253968 0.668934 0.235828 0.698413 0.219955 0.734694 0.217687 0.766440 0.222222 0.789116 0.235828 0.807256 0.244898 0.811791 0.267574 0.811791 0.285714 0.798186 0.306122 0.791383 0.342404 0.764172 0.353741 0.759637 0.374150 0.734694 0.392290 0.696145 0.392290 0.659864 0.387755 0.650794 0.390023 0.621315 0.401361 0.596372 0.412698 0.585034 0.412698 0.580499
0 0.827664 0.385488 0.820862 0.369615 0.811791 0.360544 0.791383 0.349206 0.780045 0.349206 0.773243 0.344671 0.759637 0.346939 0.752834 0.342404 0.734694 0.340136 0.714286 0.353741 0.702948 0.351474 0.696145 0.358277 0.684807 0.360544 0.666667 0.374150 0.657596 0.376417 0.643991 0.396825 0.637188 0.424036 0.612245 0.448980 0.598639 0.453515 0.578231 0.467120 0.560091 0.469388 0.539683 0.478458 0.596372 0.476190 0.616780 0.482993 0.653061 0.480726 0.662132 0.489796 0.675737 0.489796 0.689342 0.496599 0.712018 0.498866 0.732426 0.487528 0.739229 0.487528 0.750567 0.478458 0.761905 0.478458 0.789116 0.460317 0.820862 0.424036 0.827664 0.408163
0 0.099773 0.328798 0.099773 0.344671 0.106576 0.362812 0.149660 0.412698 0.192744 0.439909 0.233560 0.451247 0.233560 0.455782 0.247166 0.467120 0.269841 0.467120 0.276644 0.460317 0.290249 0.458050 0.312925 0.446712 0.312925 0.437642 0.328798 0.437642 0.353741 0.451247 0.360544 0.451247 0.385488 0.462585 0.390023 0.471655 0.403628 0.482993 0.403628 0.487528 0.419501 0.478458 0.405896 0.467120 0.401361 0.444444 0.392290 0.448980 0.358277 0.424036 0.333333 0.412698 0.299320 0.365079 0.292517 0.362812 0.278912 0.349206 0.249433 0.333333 0.192744 0.310658 0.124717 0.310658 0.111111 0.315193
0 0.469388 0.564626 0.453515 0.580499 0.453515 0.585034 0.458050 0.587302 0.458050 0.625850 0.446712 0.653061 0.437642 0.662132 0.433107 0.662132 0.428571 0.673469 0.428571 0.691610 0.417234 0.707483 0.417234 0.770975 0.421769 0.777778 0.426304 0.811791 0.435374 0.832200 0.448980 0.852608 0.467120 0.870748 0.485261 0.875283 0.501134 0.873016 0.523810 0.848073 0.535147 0.825397 0.535147 0.811791 0.539683 0.802721 0.541950 0.741497 0.539683 0.707483 0.523810 0.675737 0.496599 0.648526 0.492063 0.639456 0.492063 0.623583 0.476190 0.600907 0.473923 0.575964
0 0.668934 0.219955 0.650794 0.210884 0.632653 0.210884 0.614512 0.217687 0.589569 0.235828 0.555556 0.274376 0.537415 0.310658 0.526077 0.321995 0.517007 0.340136 0.517007 0.356009 0.526077 0.371882 0.526077 0.383220 0.512472 0.410431 0.492063 0.437642 0.489796 0.435374 0.485261 0.448980 0.507937 0.448980 0.507937 0.439909 0.539683 0.405896 0.566893 0.403628 0.596372 0.390023 0.646259 0.346939 0.655329 0.328798 0.666667 0.317460 0.668934 0.306122 0.680272 0.290249 0.678005 0.278912 0.684807 0.249433 0.678005 0.229025
0 0.414966 0.512472 0.401361 0.501134 0.399093 0.492063 0.383220 0.492063 0.356009 0.478458 0.281179 0.482993 0.260771 0.494331 0.253968 0.512472 0.244898 0.523810 0.244898 0.541950 0.253968 0.553288 0.269841 0.564626 0.290249 0.571429 0.333333 0.566893 0.362812 0.555556 0.394558 0.523810 0.401361 0.523810
0 0.487528 0.503401 0.487528 0.510204 0.496599 0.519274 0.501134 0.535147 0.507937 0.537415 0.521542 0.551020 0.532880 0.551020 0.551020 0.562358 0.569161 0.566893 0.609977 0.566893 0.641723 0.551020 0.662132 0.523810 0.662132 0.517007 0.653061 0.503401 0.632653 0.485261 0.616780 0.485261 0.596372 0.478458 0.521542 0.478458 0.505669 0.501134
0 0.414966 0.383220 0.408163 0.387755 0.399093 0.419501 0.408163 0.467120 0.419501 0.476190 0.435374 0.471655 0.464853 0.471655 0.467120 0.464853 0.485261 0.451247 0.485261 0.421769 0.476190 0.421769 0.458050 0.401361 0.433107 0.390023 0.428571 0.383220
0 0.414966 0.510204 0.417234 0.512472 0.403628 0.521542 0.403628 0.532880 0.399093 0.541950 0.399093 0.566893 0.414966 0.580499 0.412698 0.587302 0.426304 0.598639 0.430839 0.598639 0.453515 0.587302 0.451247 0.580499 0.471655 0.560091 0.471655 0.537415 0.476190 0.535147 0.464853 0.535147 0.446712 0.514739 0.428571 0.517007
0 0.510204 0.448980 0.487528 0.451247 0.480726 0.458050 0.476190 0.458050 0.462585 0.473923 0.478458 0.487528 0.485261 0.503401 0.505669 0.498866 0.521542 0.476190 0.521542 0.462585
0 0.455782 0.476190 0.424036 0.476190 0.417234 0.482993 0.401361 0.489796 0.401361 0.496599 0.412698 0.507937 0.419501 0.507937 0.428571 0.514739 0.444444 0.514739 0.446712 0.512472 0.437642 0.514739 0.433107 0.510204 0.433107 0.489796
0 0.478458 0.494331 0.464853 0.519274 0.448980 0.514739 0.464853 0.532880 0.471655 0.532880 0.487528 0.519274 0.485261 0.505669
0 0.476190 0.487528 0.467120 0.478458 0.458050 0.476190 0.451247 0.482993 0.435374 0.489796 0.435374 0.510204 0.446712 0.510204 0.464853 0.517007