0 0.331066 0.487528 0.312925 0.494331 0.297052 0.510204 0.292517 0.521542 0.297052 0.541950 0.306122 0.553288 0.335601 0.562358 0.367347 0.530612 0.367347 0.517007 0.346939 0.494331
0 0.603175 0.224490 0.587302 0.224490 0.528345 0.258503 0.478458 0.324263 0.471655 0.371882 0.478458 0.380952 0.478458 0.392290 0.494331 0.414966 0.494331 0.428571 0.489796 0.439909 0.462585 0.471655 0.460317 0.482993 0.469388 0.476190 0.485261 0.473923 0.521542 0.430839 0.535147 0.426304 0.548753 0.428571 0.564626 0.414966 0.571429 0.403628 0.582766 0.396825 0.587302 0.385488 0.596372 0.376417 0.621315 0.297052 0.621315 0.249433 0.619048 0.240363
0 0.600907 0.544218 0.598639 0.535147 0.587302 0.519274 0.564626 0.510204 0.548753 0.514739 0.544218 0.523810 0.528345 0.537415 0.517007 0.532880 0.507937 0.535147 0.505669 0.530612 0.494331 0.537415 0.512472 0.544218 0.539683 0.539683 0.553288 0.548753 0.564626 0.548753 0.582766 0.537415 0.589569 0.537415
0 0.380952 0.342404 0.401361 0.346939 0.421769 0.360544 0.448980 0.394558 0.451247 0.405896 0.446712 0.383220 0.446712 0.358277 0.439909 0.342404
0 0.401361 0.614512 0.401361 0.619048 0.385488 0.632653 0.344671 0.632653 0.335601 0.653061 0.310658 0.671202 0.310658 0.700680 0.306122 0.707483 0.310658 0.748299 0.317460 0.761905 0.333333 0.773243 0.346939 0.777778 0.365079 0.775510 0.390023 0.761905 0.408163 0.736961 0.408163 0.723356 0.419501 0.712018 0.426304 0.691610 0.426304 0.675737 0.403628 0.643991 0.408163 0.632653 0.405896 0.619048
0 0.689342 0.353741 0.673469 0.342404 0.646259 0.342404 0.639456 0.346939 0.609977 0.353741 0.585034 0.396825 0.546485 0.430839 0.546485 0.453515 0.551020 0.462585 0.519274 0.494331 0.507937 0.496599 0.510204 0.517007 0.512472 0.519274 0.514739 0.510204 0.528345 0.496599 0.544218 0.492063 0.553288 0.485261 0.573696 0.482993 0.614512 0.487528 0.637188 0.476190 0.657596 0.455782 0.666667 0.451247 0.682540 0.428571 0.693878 0.396825 0.698413 0.392290 0.696145 0.367347
0 0.111111 0.349206 0.111111 0.378685 0.133787 0.439909 0.154195 0.451247 0.176871 0.471655 0.195011 0.480726 0.265306 0.489796 0.283447 0.480726 0.299320 0.467120 0.312925 0.467120 0.331066 0.476190 0.351474 0.480726 0.380952 0.496599 0.383220 0.501134 0.394558 0.496599 0.408163 0.496599 0.396825 0.494331 0.374150 0.478458 0.326531 0.455782 0.308390 0.439909 0.303855 0.424036 0.306122 0.414966 0.285714 0.369615 0.233560 0.335601 0.206349 0.326531 0.158730 0.324263 0.126984 0.333333
0 0.473923 0.591837 0.473923 0.605442 0.467120 0.619048 0.467120 0.628118 0.471655 0.630385 0.478458 0.646259 0.478458 0.666667 0.446712 0.705215 0.446712 0.764172 0.462585 0.791383 0.469388 0.816327 0.507937 0.861678 0.526077 0.868481 0.551020 0.852608 0.560091 0.832200 0.557823 0.818594 0.564626 0.800454 0.560091 0.723356 0.541950 0.680272 0.535147 0.671202 0.528345 0.671202 0.498866 0.643991 0.496599 0.632653
0 0.396825 0.557823 0.378685 0.548753 0.376417 0.553288 0.358277 0.557823 0.346939 0.566893 0.321995 0.569161 0.308390 0.564626 0.299320 0.555556 0.260771 0.560091 0.253968 0.569161 0.240363 0.569161 0.224490 0.575964 0.215420 0.575964 0.199546 0.591837 0.190476 0.594104 0.151927 0.639456 0.142857 0.671202 0.145125 0.691610 0.156463 0.705215 0.179138 0.714286 0.217687 0.714286 0.224490 0.709751 0.238095 0.709751 0.263039 0.696145 0.272109 0.696145 0.301587 0.671202 0.308390 0.671202 0.333333 0.653061 0.337868 0.643991 0.335601 0.637188 0.342404 0.628118 0.344671 0.616780 0.342404 0.600907 0.360544 0.580499
0 0.480726 0.544218 0.476190 0.557823 0.482993 0.555556 0.505669 0.569161 0.510204 0.603175 0.537415 0.632653 0.596372 0.655329 0.619048 0.653061 0.632653 0.657596 0.653061 0.655329 0.668934 0.639456 0.671202 0.619048 0.657596 0.591837 0.639456 0.575964 0.619048 0.564626 0.603175 0.546485 0.589569 0.539683 0.571429 0.544218 0.564626 0.551020 0.553288 0.551020 0.539683 0.541950 0.528345 0.541950 0.517007 0.548753 0.496599 0.546485 0.494331 0.541950
0 0.362812 0.335601 0.353741 0.342404 0.337868 0.371882 0.344671 0.405896 0.353741 0.421769 0.353741 0.437642 0.362812 0.446712 0.362812 0.451247 0.378685 0.473923 0.394558 0.485261 0.419501 0.487528 0.421769 0.498866 0.430839 0.503401 0.439909 0.496599 0.437642 0.478458 0.444444 0.473923 0.444444 0.469388 0.451247 0.467120 0.455782 0.455782 0.453515 0.439909 0.458050 0.433107 0.458050 0.424036 0.451247 0.412698 0.446712 0.394558 0.421769 0.362812 0.401361 0.349206 0.380952 0.346939
0 0.421769 0.553288 0.424036 0.555556 0.412698 0.564626 0.401361 0.587302 0.403628 0.614512 0.408163 0.619048 0.410431 0.637188 0.428571 0.653061 0.437642 0.655329 0.446712 0.650794 0.464853 0.630385 0.464853 0.619048 0.471655 0.605442 0.471655 0.591837 0.476190 0.587302 0.471655 0.569161 0.473923 0.562358 0.460317 0.569161 0.451247 0.569161 0.442177 0.555556
0 0.487528 0.476190 0.469388 0.478458 0.455782 0.492063 0.462585 0.498866 0.460317 0.528345 0.478458 0.541950 0.478458 0.548753 0.480726 0.541950 0.489796 0.541950 0.494331 0.535147 0.510204 0.526077 0.505669 0.496599 0.507937 0.489796 0.501134 0.480726
0 0.369615 0.514739 0.367347 0.532880 0.380952 0.546485 0.396825 0.555556 0.424036 0.551020 0.419501 0.528345 0.424036 0.523810 0.437642 0.523810 0.437642 0.514739 0.430839 0.510204 0.430839 0.505669 0.426304 0.505669 0.419501 0.498866 0.394558 0.498866 0.378685 0.505669
0 0.464853 0.532880 0.455782 0.548753 0.446712 0.553288 0.435374 0.553288 0.442177 0.553288 0.451247 0.566893 0.469388 0.562358 0.478458 0.551020 0.476190 0.541950
0 0.473923 0.451247 0.460317 0.453515 0.453515 0.467120 0.444444 0.471655 0.446712 0.487528 0.442177 0.496599 0.453515 0.492063 0.451247 0.487528 0.458050 0.482993 0.458050 0.476190
0 0.455782 0.494331 0.448980 0.494331 0.433107 0.503401 0.433107 0.510204 0.439909 0.514739 0.439909 0.523810 0.421769 0.528345 0.428571 0.551020 0.446712 0.551020 0.455782 0.546485 0.462585 0.535147 0.458050 0.528345 0.460317 0.498866