0 0.247166 0.451247 0.244898 0.462585 0.253968 0.487528 0.253968 0.498866 0.281179 0.498866 0.292517 0.494331 0.303855 0.496599 0.303855 0.480726 0.317460 0.453515 0.297052 0.446712
0 0.532880 0.637188 0.560091 0.675737 0.589569 0.702948 0.614512 0.741497 0.646259 0.743764 0.653061 0.748299 0.671202 0.750567 0.664399 0.723356 0.657596 0.712018 0.628118 0.687075 0.609977 0.678005 0.585034 0.655329 0.587302 0.653061 0.582766 0.646259 0.575964 0.646259 0.573696 0.641723 0.562358 0.641723 0.551020 0.632653
0 0.213152 0.641723 0.210884 0.646259 0.201814 0.646259 0.188209 0.659864 0.172336 0.664399 0.163265 0.680272 0.149660 0.691610 0.131519 0.746032 0.129252 0.764172 0.129252 0.757370 0.136054 0.750567 0.156463 0.739229 0.179138 0.732426 0.183673 0.725624 0.201814 0.714286 0.208617 0.714286 0.215420 0.707483 0.215420 0.700680 0.210884 0.696145
0 0.861678 0.451247 0.854875 0.444444 0.854875 0.430839 0.841270 0.405896 0.825397 0.390023 0.823129 0.394558 0.804989 0.403628 0.770975 0.408163 0.755102 0.417234 0.750567 0.414966 0.721088 0.430839 0.716553 0.437642 0.700680 0.442177 0.689342 0.453515 0.675737 0.453515 0.671202 0.460317 0.675737 0.469388 0.691610 0.460317 0.718821 0.460317 0.727891 0.464853 0.739229 0.464853 0.741497 0.469388 0.768707 0.473923 0.793651 0.487528 0.836735 0.519274 0.836735 0.512472 0.848073 0.494331 0.848073 0.487528 0.859410 0.471655
0 0.517007 0.024943 0.507937 0.034014 0.507937 0.038549 0.562358 0.079365 0.571429 0.124717 0.569161 0.156463 0.562358 0.174603 0.564626 0.199546 0.548753 0.231293 0.548753 0.249433 0.544218 0.263039 0.539683 0.265306 0.555556 0.278912 0.553288 0.283447 0.557823 0.283447 0.557823 0.274376 0.582766 0.260771 0.612245 0.219955 0.621315 0.199546 0.639456 0.181406 0.643991 0.158730 0.630385 0.117914 0.623583 0.108844 0.621315 0.095238 0.603175 0.065760 0.566893 0.029478 0.557823 0.029478 0.548753 0.022676
0 0.612245 0.741497 0.621315 0.750567 0.646259 0.800454 0.680272 0.850340 0.680272 0.911565 0.687075 0.920635 0.709751 0.936508 0.734694 0.943311 0.766440 0.959184 0.809524 0.968254 0.845805 0.981859 0.886621 0.979592 0.891156 0.972789 0.891156 0.954649 0.877551 0.929705 0.875283 0.913832 0.861678 0.886621 0.841270 0.866213 0.827664 0.841270 0.800454 0.818594 0.789116 0.814059 0.777778 0.800454 0.761905 0.793651 0.759637 0.789116 0.743764 0.782313 0.741497 0.777778 0.736961 0.777778 0.705215 0.755102 0.653061 0.750567 0.646259 0.746032 0.625850 0.746032
0 0.000000 0.272109 0.002268 0.473923 0.024943 0.485261 0.049887 0.487528 0.070295 0.496599 0.145125 0.498866 0.158730 0.496599 0.170068 0.487528 0.195011 0.482993 0.224490 0.458050 0.244898 0.446712 0.297052 0.444444 0.281179 0.412698 0.249433 0.378685 0.242630 0.362812 0.226757 0.346939 0.217687 0.328798 0.215420 0.315193 0.208617 0.310658 0.204082 0.299320 0.192744 0.287982 0.190476 0.292517 0.179138 0.292517 0.138322 0.278912 0.124717 0.278912 0.113379 0.283447 0.079365 0.283447 0.070295 0.276644 0.054422 0.276644 0.022676 0.267574
0 0.997732 0.029478 0.981859 0.013605 0.970522 0.009070 0.941043 0.009070 0.909297 0.027211 0.870748 0.074830 0.843537 0.129252 0.834467 0.138322 0.823129 0.170068 0.814059 0.174603 0.814059 0.179138 0.823129 0.172336 0.823129 0.167800 0.829932 0.160998 0.834467 0.160998 0.834467 0.154195 0.843537 0.140590 0.873016 0.113379 0.882086 0.113379 0.893424 0.104308 0.902494 0.102041 0.904762 0.097506 0.911565 0.097506 0.911565 0.092971 0.920635 0.083900 0.927438 0.083900 0.929705 0.079365 0.947846 0.072562 0.959184 0.063492 0.997732 0.058957
0 0.333333 0.725624 0.312925 0.725624 0.310658 0.730159 0.303855 0.730159 0.285714 0.739229 0.251701 0.739229 0.240363 0.734694 0.213152 0.712018 0.190476 0.723356 0.179138 0.734694 0.156463 0.741497 0.136054 0.752834 0.126984 0.770975 0.108844 0.786848 0.106576 0.793651 0.088435 0.811791 0.068027 0.845805 0.040816 0.868481 0.036281 0.882086 0.024943 0.891156 0.024943 0.900227 0.009070 0.931973 0.000000 0.941043 0.000000 0.997732 0.213152 0.997732 0.222222 0.984127 0.244898 0.975057 0.256236 0.965986 0.272109 0.961451 0.285714 0.947846 0.287982 0.941043 0.299320 0.929705 0.301587 0.931973 0.301587 0.902494 0.317460 0.893424 0.333333 0.877551 0.333333 0.843537 0.328798 0.829932 0.340136 0.818594 0.342404 0.809524 0.335601 0.802721 0.331066 0.782313 0.324263 0.770975 0.326531 0.741497
0 0.240363 0.000000 0.235828 0.004535 0.235828 0.018141 0.242630 0.043084 0.242630 0.056689 0.258503 0.070295 0.267574 0.070295 0.274376 0.077098 0.269841 0.104308 0.292517 0.133787 0.299320 0.133787 0.308390 0.140590 0.308390 0.156463 0.319728 0.170068 0.324263 0.170068 0.333333 0.179138 0.331066 0.176871 0.335601 0.174603 0.349206 0.183673 0.356009 0.183673 0.369615 0.199546 0.367347 0.208617 0.387755 0.258503 0.392290 0.303855 0.399093 0.315193 0.403628 0.337868 0.412698 0.351474 0.412698 0.417234 0.417234 0.424036 0.421769 0.367347 0.428571 0.353741 0.437642 0.346939 0.433107 0.335601 0.430839 0.301587 0.426304 0.294785 0.426304 0.258503 0.421769 0.251701 0.426304 0.192744 0.430839 0.183673 0.428571 0.176871 0.458050 0.129252 0.458050 0.117914 0.464853 0.097506 0.471655 0.088435 0.478458 0.054422 0.464853 0.034014 0.464853 0.006803 0.460317 0.000000
0 0.587302 0.655329 0.659864 0.712018 0.666667 0.723356 0.673469 0.750567 0.705215 0.752834 0.736961 0.775510 0.741497 0.775510 0.743764 0.780045 0.777778 0.798186 0.789116 0.811791 0.800454 0.816327 0.834467 0.845805 0.843537 0.866213 0.863946 0.886621 0.877551 0.913832 0.879819 0.929705 0.893424 0.954649 0.893424 0.972789 0.888889 0.981859 0.902494 0.997732 0.997732 0.997732 0.997732 0.895692 0.977324 0.859410 0.963719 0.843537 0.934240 0.823129 0.934240 0.818594 0.893424 0.818594 0.884354 0.814059 0.866213 0.795918 0.861678 0.784580 0.836735 0.784580 0.827664 0.775510 0.814059 0.775510 0.793651 0.750567 0.786848 0.736961 0.755102 0.736961 0.748299 0.732426 0.739229 0.716553 0.730159 0.712018 0.714286 0.712018 0.698413 0.696145 0.673469 0.689342 0.666667 0.680272 0.668934 0.675737 0.639456 0.653061 0.632653 0.641723 0.625850 0.641723 0.609977 0.653061
0 0.145125 0.501134 0.190476 0.501134 0.224490 0.523810 0.312925 0.523810 0.306122 0.512472 0.306122 0.501134 0.301587 0.496599 0.281179 0.501134 0.253968 0.501134 0.253968 0.496599 0.235828 0.498866 0.204082 0.492063 0.170068 0.489796 0.158730 0.498866
0 0.997732 0.061224 0.959184 0.065760 0.947846 0.074830 0.929705 0.081633 0.927438 0.086168 0.920635 0.086168 0.911565 0.099773 0.904762 0.099773 0.891156 0.111111 0.866213 0.120181 0.845805 0.140590 0.836735 0.154195 0.836735 0.160998 0.829932 0.163265 0.825397 0.172336 0.816327 0.176871 0.809524 0.185941 0.807256 0.181406 0.786848 0.201814 0.782313 0.215420 0.764172 0.244898 0.759637 0.247166 0.752834 0.263039 0.712018 0.306122 0.693878 0.351474 0.684807 0.360544 0.664399 0.365079 0.650794 0.378685 0.607710 0.399093 0.589569 0.414966 0.564626 0.424036 0.587302 0.439909 0.587302 0.451247 0.614512 0.444444 0.619048 0.437642 0.637188 0.430839 0.659864 0.412698 0.671202 0.408163 0.687075 0.408163 0.696145 0.403628 0.736961 0.403628 0.752834 0.410431 0.755102 0.414966 0.770975 0.405896 0.804989 0.401361 0.823129 0.392290 0.879819 0.337868 0.897959 0.328798 0.988662 0.235828 0.997732 0.215420
0 0.424036 0.628118 0.424036 0.634921 0.417234 0.639456 0.417234 0.648526 0.410431 0.664399 0.405896 0.696145 0.396825 0.714286 0.390023 0.741497 0.376417 0.764172 0.376417 0.773243 0.371882 0.782313 0.351474 0.798186 0.346939 0.809524 0.342404 0.811791 0.342404 0.818594 0.331066 0.829932 0.335601 0.843537 0.335601 0.877551 0.317460 0.895692 0.303855 0.902494 0.303855 0.938776 0.287982 0.956916 0.283447 0.997732 0.489796 0.997732 0.482993 0.988662 0.482993 0.979592 0.492063 0.975057 0.496599 0.968254 0.498866 0.947846 0.487528 0.911565 0.487528 0.891156 0.482993 0.886621 0.482993 0.873016 0.473923 0.854875 0.469388 0.832200 0.437642 0.768707 0.439909 0.736961 0.437642 0.727891 0.433107 0.725624 0.433107 0.718821 0.439909 0.714286 0.444444 0.705215 0.439909 0.691610 0.446712 0.682540 0.446712 0.664399 0.455782 0.646259
0 0.029478 0.002268 0.034014 0.020408 0.061224 0.063492 0.070295 0.097506 0.106576 0.145125 0.108844 0.156463 0.151927 0.188209 0.163265 0.199546 0.165533 0.210884 0.176871 0.219955 0.183673 0.208617 0.188209 0.190476 0.201814 0.181406 0.217687 0.176871 0.247166 0.176871 0.260771 0.188209 0.265306 0.188209 0.315193 0.238095 0.319728 0.238095 0.344671 0.258503 0.349206 0.267574 0.346939 0.213152 0.335601 0.190476 0.335601 0.183673 0.310658 0.163265 0.306122 0.156463 0.306122 0.140590 0.292517 0.136054 0.267574 0.104308 0.272109 0.077098 0.267574 0.072562 0.258503 0.072562 0.240363 0.056689 0.240363 0.043084 0.233560 0.018141 0.233560 0.004535 0.238095 0.000000
0 0.650794 0.585034 0.650794 0.609977 0.639456 0.632653 0.646259 0.632653 0.668934 0.662132 0.675737 0.678005 0.673469 0.682540 0.668934 0.678005 0.673469 0.687075 0.696145 0.693878 0.693878 0.691610 0.700680 0.689342 0.700680 0.696145 0.714286 0.709751 0.732426 0.709751 0.734694 0.705215 0.739229 0.705215 0.743764 0.709751 0.741497 0.718821 0.750567 0.732426 0.786848 0.734694 0.814059 0.773243 0.827664 0.773243 0.836735 0.782313 0.861678 0.782313 0.868481 0.795918 0.893424 0.816327 0.997732 0.818594 0.997732 0.641723 0.990930 0.634921 0.950113 0.614512 0.918367 0.609977 0.907029 0.598639 0.875283 0.587302 0.854875 0.587302 0.843537 0.578231 0.834467 0.578231 0.829932 0.571429 0.800454 0.582766 0.743764 0.587302 0.736961 0.582766 0.691610 0.582766 0.693878 0.587302 0.687075 0.591837 0.653061 0.589569
0 0.000000 0.682540 0.077098 0.682540 0.086168 0.675737 0.099773 0.680272 0.120181 0.671202 0.138322 0.668934 0.147392 0.664399 0.151927 0.655329 0.170068 0.657596 0.197279 0.643991 0.210884 0.643991 0.222222 0.623583 0.222222 0.616780 0.263039 0.560091 0.276644 0.551020 0.308390 0.551020 0.335601 0.541950 0.333333 0.537415 0.317460 0.532880 0.310658 0.523810 0.224490 0.526077 0.190476 0.503401 0.034014 0.501134 0.011338 0.507937 0.000000 0.514739
0 0.782313 0.083900 0.714286 0.097506 0.684807 0.138322 0.671202 0.151927 0.664399 0.154195 0.623583 0.199546 0.614512 0.219955 0.585034 0.260771 0.573696 0.269841 0.560091 0.274376 0.564626 0.301587 0.573696 0.310658 0.575964 0.371882 0.557823 0.403628 0.544218 0.414966 0.539683 0.414966 0.539683 0.419501 0.557823 0.419501 0.589569 0.396825 0.605442 0.392290 0.609977 0.387755 0.625850 0.387755 0.641723 0.380952 0.664399 0.362812 0.684807 0.358277 0.691610 0.351474 0.709751 0.306122 0.750567 0.263039 0.757370 0.247166 0.761905 0.244898 0.780045 0.215420 0.784580 0.201814 0.807256 0.179138 0.809524 0.183673 0.811791 0.167800 0.816327 0.163265 0.814059 0.120181 0.802721 0.102041
0 0.485261 0.541950 0.485261 0.548753 0.501134 0.557823 0.503401 0.578231 0.494331 0.589569 0.494331 0.612245 0.501134 0.621315 0.523810 0.628118 0.530612 0.637188 0.541950 0.630385 0.551020 0.630385 0.562358 0.639456 0.573696 0.639456 0.575964 0.643991 0.582766 0.643991 0.587302 0.650794 0.609977 0.650794 0.625850 0.639456 0.639456 0.637188 0.637188 0.632653 0.648526 0.609977 0.648526 0.587302 0.643991 0.575964 0.616780 0.551020 0.600907 0.541950 0.562358 0.539683 0.548753 0.521542 0.551020 0.510204 0.535147 0.519274 0.510204 0.541950
0 0.494331 0.607710 0.492063 0.623583 0.487528 0.630385 0.473923 0.637188 0.467120 0.646259 0.460317 0.646259 0.464853 0.648526 0.464853 0.655329 0.442177 0.691610 0.446712 0.705215 0.442177 0.714286 0.435374 0.718821 0.435374 0.725624 0.439909 0.727891 0.442177 0.736961 0.439909 0.768707 0.471655 0.832200 0.476190 0.854875 0.485261 0.873016 0.489796 0.902494 0.505669 0.918367 0.521542 0.945578 0.557823 0.979592 0.578231 0.990930 0.582766 0.997732 0.634921 0.997732 0.664399 0.970522 0.673469 0.911565 0.678005 0.909297 0.678005 0.850340 0.657596 0.823129 0.637188 0.782313 0.632653 0.780045 0.632653 0.773243 0.619048 0.750567 0.609977 0.743764 0.612245 0.739229 0.603175 0.730159 0.587302 0.702948 0.557823 0.675737 0.523810 0.630385 0.510204 0.628118 0.498866 0.621315 0.492063 0.612245
0 0.541950 0.269841 0.510204 0.276644 0.489796 0.285714 0.458050 0.308390 0.446712 0.319728 0.444444 0.340136 0.430839 0.353741 0.424036 0.367347 0.419501 0.417234 0.435374 0.419501 0.453515 0.430839 0.464853 0.444444 0.464853 0.453515 0.469388 0.446712 0.489796 0.437642 0.514739 0.433107 0.532880 0.424036 0.539683 0.412698 0.555556 0.403628 0.571429 0.378685 0.571429 0.310658 0.562358 0.301587 0.562358 0.287982 0.555556 0.283447 0.553288 0.285714 0.553288 0.278912
0 0.319728 0.455782 0.306122 0.480726 0.308390 0.512472 0.315193 0.521542 0.312925 0.526077 0.344671 0.541950 0.360544 0.541950 0.367347 0.548753 0.387755 0.548753 0.394558 0.544218 0.394558 0.537415 0.403628 0.535147 0.403628 0.517007 0.419501 0.505669 0.419501 0.501134 0.408163 0.489796 0.403628 0.476190 0.405896 0.469388 0.403628 0.473923 0.399093 0.469388 0.399093 0.458050 0.380952 0.442177 0.356009 0.442177 0.331066 0.448980
0 0.192744 0.188209 0.179138 0.219955 0.176871 0.247166 0.183673 0.278912 0.206349 0.299320 0.210884 0.310658 0.217687 0.315193 0.219955 0.328798 0.229025 0.346939 0.244898 0.362812 0.251701 0.378685 0.278912 0.405896 0.299320 0.446712 0.308390 0.446712 0.321995 0.453515 0.331066 0.446712 0.356009 0.439909 0.380952 0.439909 0.401361 0.458050 0.403628 0.471655 0.405896 0.442177 0.414966 0.435374 0.414966 0.421769 0.410431 0.417234 0.410431 0.351474 0.401361 0.333333 0.378685 0.312925 0.374150 0.301587 0.369615 0.299320 0.369615 0.294785 0.344671 0.260771 0.319728 0.240363 0.315193 0.240363 0.265306 0.190476 0.260771 0.190476 0.247166 0.179138 0.217687 0.179138
0 0.562358 0.424036 0.537415 0.421769 0.526077 0.430839 0.489796 0.439909 0.467120 0.451247 0.464853 0.455782 0.469388 0.453515 0.494331 0.485261 0.494331 0.494331 0.480726 0.501134 0.478458 0.505669 0.478458 0.519274 0.492063 0.532880 0.489796 0.539683 0.510204 0.539683 0.535147 0.517007 0.553288 0.507937 0.575964 0.489796 0.585034 0.473923 0.587302 0.455782 0.585034 0.439909
0 0.551020 0.512472 0.551020 0.521542 0.562358 0.537415 0.600907 0.539683 0.616780 0.548753 0.623583 0.557823 0.628118 0.557823 0.646259 0.578231 0.648526 0.573696 0.655329 0.573696 0.668934 0.582766 0.678005 0.578231 0.689342 0.582766 0.736961 0.580499 0.743764 0.585034 0.789116 0.582766 0.814059 0.575964 0.818594 0.571429 0.832200 0.571429 0.845805 0.555556 0.843537 0.532880 0.839002 0.523810 0.823129 0.510204 0.768707 0.476190 0.741497 0.471655 0.739229 0.467120 0.727891 0.467120 0.718821 0.462585 0.691610 0.462585 0.673469 0.473923 0.668934 0.473923 0.653061 0.460317 0.605442 0.460317 0.594104 0.467120 0.587302 0.464853 0.587302 0.473923 0.578231 0.489796 0.555556 0.505669
0 0.405896 0.541950 0.410431 0.546485 0.403628 0.553288 0.403628 0.580499 0.414966 0.605442 0.414966 0.616780 0.419501 0.625850 0.444444 0.639456 0.451247 0.639456 0.458050 0.646259 0.467120 0.643991 0.489796 0.623583 0.492063 0.589569 0.501134 0.578231 0.498866 0.557823 0.458050 0.535147 0.453515 0.535147 0.446712 0.544218
0 0.405896 0.537415 0.396825 0.537415 0.396825 0.544218 0.387755 0.551020 0.367347 0.551020 0.360544 0.544218 0.344671 0.544218 0.335601 0.539683 0.337868 0.541950 0.326531 0.548753 0.308390 0.553288 0.276644 0.553288 0.263039 0.562358 0.251701 0.582766 0.224490 0.616780 0.224490 0.623583 0.215420 0.637188 0.213152 0.696145 0.217687 0.700680 0.217687 0.714286 0.224490 0.716553 0.240363 0.732426 0.251701 0.736961 0.285714 0.736961 0.303855 0.727891 0.310658 0.727891 0.312925 0.723356 0.333333 0.723356 0.340136 0.718821 0.349206 0.696145 0.376417 0.675737 0.396825 0.648526 0.405896 0.646259 0.410431 0.639456 0.421769 0.634921 0.401361 0.580499 0.401361 0.553288 0.408163 0.546485 0.403628 0.541950
0 0.419501 0.419501 0.417234 0.435374 0.408163 0.442177 0.405896 0.476190 0.421769 0.478458 0.433107 0.498866 0.437642 0.496599 0.442177 0.482993 0.464853 0.460317 0.462585 0.444444 0.453515 0.433107 0.435374 0.421769
0 0.469388 0.455782 0.460317 0.469388 0.444444 0.482993 0.439909 0.496599 0.433107 0.501134 0.421769 0.480726 0.408163 0.478458 0.412698 0.494331 0.421769 0.501134 0.421769 0.505669 0.405896 0.517007 0.408163 0.541950 0.446712 0.541950 0.453515 0.532880 0.458050 0.532880 0.473923 0.544218 0.482993 0.546485 0.482993 0.541950 0.489796 0.537415 0.485261 0.526077 0.476190 0.519274 0.476190 0.505669 0.480726 0.498866 0.492063 0.494331 0.492063 0.485261