0 0.489796 0.519274 0.464853 0.530612 0.476190 0.544218 0.487528 0.551020 0.498866 0.535147 0.498866 0.526077 0.494331 0.526077
0 0.678005 0.539683 0.675737 0.544218 0.662132 0.551020 0.603175 0.551020 0.600907 0.555556 0.605442 0.564626 0.625850 0.580499 0.625850 0.585034 0.634921 0.587302 0.673469 0.562358
0 0.507937 0.265306 0.476190 0.281179 0.462585 0.315193 0.462585 0.337868 0.473923 0.367347 0.480726 0.374150 0.498866 0.380952 0.512472 0.394558 0.517007 0.408163 0.517007 0.426304 0.526077 0.433107 0.523810 0.383220 0.528345 0.376417 0.548753 0.365079 0.557823 0.353741 0.557823 0.312925 0.532880 0.276644
0 0.501134 0.537415 0.489796 0.551020 0.489796 0.560091 0.478458 0.571429 0.435374 0.566893 0.426304 0.571429 0.394558 0.600907 0.387755 0.621315 0.385488 0.655329 0.392290 0.673469 0.403628 0.687075 0.419501 0.693878 0.444444 0.696145 0.471655 0.684807 0.487528 0.668934 0.503401 0.639456 0.503401 0.625850 0.494331 0.600907 0.494331 0.578231 0.501134 0.562358 0.510204 0.553288 0.503401 0.546485
0 0.802721 0.435374 0.795918 0.419501 0.775510 0.401361 0.748299 0.396825 0.702948 0.401361 0.671202 0.414966 0.657596 0.428571 0.650794 0.451247 0.639456 0.464853 0.607710 0.476190 0.619048 0.482993 0.662132 0.482993 0.702948 0.505669 0.739229 0.503401 0.770975 0.492063 0.798186 0.467120 0.802721 0.453515
0 0.467120 0.435374 0.460317 0.421769 0.455782 0.424036 0.435374 0.396825 0.424036 0.392290 0.387755 0.394558 0.362812 0.408163 0.340136 0.426304 0.312925 0.453515 0.310658 0.460317 0.319728 0.462585 0.362812 0.458050 0.374150 0.460317 0.380952 0.467120 0.419501 0.464853 0.442177 0.453515 0.455782 0.439909
0 0.553288 0.537415 0.553288 0.544218 0.544218 0.553288 0.551020 0.553288 0.566893 0.571429 0.575964 0.594104 0.564626 0.628118 0.564626 0.641723 0.569161 0.648526 0.569161 0.664399 0.578231 0.684807 0.589569 0.698413 0.600907 0.721088 0.614512 0.734694 0.650794 0.757370 0.668934 0.757370 0.680272 0.748299 0.689342 0.727891 0.687075 0.666667 0.678005 0.653061 0.675737 0.637188 0.664399 0.625850 0.659864 0.614512 0.637188 0.594104 0.637188 0.589569 0.612245 0.585034 0.591837 0.575964
0 0.680272 0.281179 0.673469 0.276644 0.639456 0.281179 0.609977 0.299320 0.596372 0.312925 0.591837 0.326531 0.573696 0.340136 0.573696 0.358277 0.569161 0.374150 0.575964 0.392290 0.575964 0.403628 0.557823 0.435374 0.548753 0.444444 0.544218 0.442177 0.528345 0.460317 0.528345 0.464853 0.548753 0.462585 0.555556 0.467120 0.557823 0.455782 0.582766 0.430839 0.600907 0.424036 0.630385 0.424036 0.650794 0.412698 0.668934 0.394558 0.691610 0.358277 0.698413 0.340136 0.698413 0.306122
0 0.464853 0.435374 0.464853 0.439909 0.455782 0.442177 0.442177 0.455782 0.426304 0.464853 0.383220 0.469388 0.394558 0.494331 0.421769 0.519274 0.435374 0.526077 0.453515 0.526077 0.462585 0.530612 0.487528 0.519274 0.492063 0.512472 0.501134 0.510204 0.505669 0.501134 0.503401 0.498866 0.507937 0.496599 0.507937 0.489796 0.498866 0.471655 0.487528 0.464853 0.487528 0.458050
0 0.546485 0.512472 0.546485 0.526077 0.557823 0.528345 0.566893 0.539683 0.591837 0.553288 0.598639 0.553288 0.603175 0.548753 0.650794 0.551020 0.662132 0.548753 0.675737 0.541950 0.678005 0.537415 0.678005 0.514739 0.664399 0.496599 0.646259 0.485261 0.619048 0.485261 0.609977 0.480726 0.605442 0.473923 0.596372 0.473923 0.575964 0.485261 0.562358 0.482993
0 0.505669 0.498866 0.507937 0.501134 0.503401 0.510204 0.492063 0.514739 0.492063 0.519274 0.501134 0.526077 0.501134 0.535147 0.512472 0.557823 0.530612 0.562358 0.551020 0.544218 0.553288 0.530612 0.544218 0.526077 0.546485 0.505669 0.521542 0.505669 0.514739 0.498866
0 0.453515 0.399093 0.453515 0.410431 0.485261 0.455782 0.498866 0.455782 0.510204 0.467120 0.519274 0.469388 0.521542 0.464853 0.526077 0.469388 0.526077 0.460317 0.539683 0.442177 0.521542 0.433107 0.496599 0.405896 0.467120 0.390023
0 0.521542 0.467120 0.523810 0.476190 0.537415 0.487528 0.535147 0.503401 0.548753 0.503401 0.562358 0.480726 0.557823 0.471655 0.548753 0.464853 0.530612 0.464853 0.526077 0.471655
0 0.496599 0.458050 0.496599 0.467120 0.510204 0.489796 0.510204 0.496599 0.514739 0.496599 0.521542 0.503401 0.532880 0.503401 0.535147 0.487528 0.521542 0.476190 0.521542 0.471655 0.510204 0.469388