0 0.365079 0.387755 0.362812 0.414966 0.371882 0.433107 0.401361 0.448980 0.428571 0.446712 0.442177 0.453515 0.462585 0.473923 0.469388 0.471655 0.430839 0.433107 0.437642 0.419501 0.437642 0.401361 0.417234 0.378685 0.403628 0.371882 0.385488 0.371882 0.378685 0.374150
0 0.575964 0.523810 0.587302 0.530612 0.605442 0.553288 0.605442 0.585034 0.625850 0.580499 0.637188 0.573696 0.643991 0.555556 0.630385 0.526077 0.612245 0.517007 0.587302 0.519274 0.582766 0.526077
0 0.455782 0.328798 0.442177 0.340136 0.442177 0.344671 0.435374 0.351474 0.433107 0.380952 0.444444 0.399093 0.448980 0.399093 0.471655 0.417234 0.476190 0.426304 0.476190 0.451247 0.482993 0.460317 0.485261 0.426304 0.480726 0.424036 0.485261 0.408163 0.519274 0.403628 0.535147 0.380952 0.530612 0.367347 0.501134 0.344671 0.480726 0.335601 0.473923 0.328798
0 0.498866 0.503401 0.492063 0.523810 0.482993 0.532880 0.478458 0.555556 0.462585 0.569161 0.426304 0.571429 0.410431 0.589569 0.403628 0.603175 0.396825 0.630385 0.399093 0.657596 0.408163 0.673469 0.419501 0.682540 0.439909 0.684807 0.455782 0.680272 0.494331 0.643991 0.503401 0.621315 0.501134 0.594104 0.485261 0.580499 0.485261 0.551020 0.487528 0.539683 0.494331 0.535147
0 0.709751 0.374150 0.693878 0.360544 0.653061 0.360544 0.607710 0.378685 0.575964 0.408163 0.575964 0.439909 0.555556 0.462585 0.548753 0.462585 0.544218 0.469388 0.530612 0.471655 0.517007 0.478458 0.514739 0.482993 0.523810 0.489796 0.528345 0.482993 0.539683 0.482993 0.553288 0.469388 0.557823 0.469388 0.585034 0.448980 0.605442 0.448980 0.619048 0.458050 0.630385 0.460317 0.657596 0.455782 0.668934 0.444444 0.680272 0.439909 0.696145 0.421769 0.707483 0.401361
0 0.462585 0.487528 0.444444 0.487528 0.428571 0.482993 0.408163 0.464853 0.396825 0.446712 0.385488 0.444444 0.376417 0.435374 0.285714 0.448980 0.276644 0.453515 0.263039 0.471655 0.263039 0.487528 0.285714 0.510204 0.317460 0.523810 0.344671 0.526077 0.349206 0.530612 0.394558 0.523810 0.417234 0.498866 0.442177 0.494331 0.446712 0.496599
0 0.501134 0.503401 0.501134 0.514739 0.505669 0.512472 0.517007 0.528345 0.512472 0.544218 0.512472 0.562358 0.523810 0.571429 0.530612 0.591837 0.555556 0.616780 0.566893 0.619048 0.571429 0.623583 0.600907 0.621315 0.607710 0.614512 0.607710 0.600907 0.603175 0.589569 0.603175 0.553288 0.596372 0.541950 0.573696 0.521542 0.557823 0.521542 0.553288 0.514739 0.528345 0.517007 0.517007 0.505669
0 0.544218 0.380952 0.537415 0.380952 0.519274 0.405896 0.496599 0.408163 0.492063 0.426304 0.487528 0.428571 0.485261 0.471655 0.494331 0.473923 0.510204 0.485261 0.512472 0.478458 0.530612 0.469388 0.544218 0.467120 0.560091 0.435374 0.560091 0.399093 0.557823 0.392290
0 0.496599 0.501134 0.478458 0.496599 0.464853 0.487528 0.444444 0.501134 0.442177 0.528345 0.451247 0.532880 0.485261 0.530612 0.496599 0.507937
0 0.462585 0.476190 0.462585 0.485261 0.485261 0.496599 0.498866 0.496599 0.507937 0.487528 0.496599 0.478458 0.498866 0.471655 0.494331 0.476190 0.482993 0.471655 0.471655 0.471655
0 0.523810 0.492063 0.512472 0.480726 0.507937 0.492063 0.496599 0.498866 0.521542 0.503401