0 0.444444 0.573696 0.448980 0.578231 0.451247 0.607710 0.446712 0.616780 0.435374 0.623583 0.435374 0.643991 0.426304 0.662132 0.442177 0.668934 0.455782 0.668934 0.476190 0.646259 0.476190 0.600907 0.467120 0.600907 0.460317 0.594104 0.455782 0.578231
0 0.693878 0.362812 0.678005 0.367347 0.666667 0.362812 0.650794 0.367347 0.643991 0.362812 0.621315 0.362812 0.605442 0.369615 0.582766 0.390023 0.575964 0.421769 0.585034 0.419501 0.619048 0.390023 0.643991 0.383220 0.662132 0.371882 0.687075 0.369615
0 0.358277 0.482993 0.349206 0.482993 0.342404 0.473923 0.337868 0.473923 0.328798 0.482993 0.294785 0.498866 0.263039 0.498866 0.244898 0.492063 0.219955 0.492063 0.219955 0.512472 0.235828 0.530612 0.274376 0.555556 0.287982 0.560091 0.326531 0.555556 0.353741 0.530612 0.344671 0.512472 0.344671 0.496599
0 0.487528 0.555556 0.478458 0.573696 0.482993 0.569161 0.489796 0.585034 0.501134 0.596372 0.501134 0.600907 0.544218 0.648526 0.551020 0.659864 0.551020 0.673469 0.575964 0.684807 0.605442 0.714286 0.619048 0.732426 0.619048 0.750567 0.632653 0.775510 0.666667 0.784580 0.680272 0.780045 0.691610 0.782313 0.707483 0.766440 0.712018 0.748299 0.702948 0.730159 0.702948 0.718821 0.687075 0.693878 0.666667 0.673469 0.666667 0.668934 0.653061 0.655329 0.607710 0.632653 0.591837 0.632653 0.575964 0.641723 0.560091 0.641723 0.548753 0.634921 0.510204 0.594104 0.503401 0.582766 0.507937 0.575964 0.501134 0.569161 0.492063 0.566893
0 0.278912 0.195011 0.267574 0.210884 0.265306 0.247166 0.267574 0.260771 0.283447 0.294785 0.290249 0.303855 0.317460 0.321995 0.331066 0.335601 0.378685 0.356009 0.399093 0.378685 0.396825 0.301587 0.410431 0.269841 0.401361 0.274376 0.392290 0.258503 0.371882 0.240363 0.358277 0.217687 0.333333 0.197279 0.326531 0.197279 0.312925 0.188209 0.297052 0.188209
0 0.319728 0.600907 0.312925 0.605442 0.301587 0.605442 0.297052 0.609977 0.278912 0.609977 0.265306 0.605442 0.229025 0.607710 0.215420 0.621315 0.199546 0.628118 0.174603 0.653061 0.145125 0.698413 0.133787 0.736961 0.133787 0.777778 0.140590 0.793651 0.149660 0.802721 0.192744 0.804989 0.206349 0.795918 0.222222 0.793651 0.229025 0.786848 0.260771 0.770975 0.292517 0.743764 0.297052 0.743764 0.290249 0.727891 0.290249 0.662132
0 0.845805 0.421769 0.829932 0.408163 0.795918 0.396825 0.791383 0.390023 0.800454 0.410431 0.800454 0.421769 0.786848 0.442177 0.766440 0.453515 0.739229 0.480726 0.682540 0.494331 0.664399 0.505669 0.662132 0.503401 0.662132 0.507937 0.675737 0.514739 0.707483 0.544218 0.741497 0.544218 0.748299 0.539683 0.775510 0.537415 0.811791 0.514739 0.852608 0.471655 0.854875 0.451247 0.843537 0.439909
0 0.560091 0.074830 0.523810 0.077098 0.512472 0.081633 0.501134 0.104308 0.485261 0.124717 0.482993 0.172336 0.476190 0.181406 0.476190 0.269841 0.480726 0.278912 0.480726 0.294785 0.485261 0.299320 0.492063 0.299320 0.510204 0.315193 0.514739 0.331066 0.514739 0.362812 0.496599 0.412698 0.492063 0.417234 0.489796 0.412698 0.478458 0.439909 0.467120 0.453515 0.467120 0.464853 0.482993 0.448980 0.505669 0.444444 0.501134 0.433107 0.521542 0.394558 0.526077 0.392290 0.532880 0.371882 0.555556 0.340136 0.591837 0.310658 0.605442 0.287982 0.605442 0.276644 0.612245 0.265306 0.612245 0.247166 0.621315 0.222222 0.621315 0.199546 0.616780 0.192744 0.612245 0.140590 0.600907 0.113379 0.575964 0.081633
0 0.482993 0.571429 0.464853 0.580499 0.471655 0.589569 0.471655 0.596372 0.478458 0.600907 0.480726 0.668934 0.458050 0.709751 0.462585 0.725624 0.462585 0.748299 0.467120 0.755102 0.464853 0.775510 0.471655 0.789116 0.471655 0.800454 0.478458 0.818594 0.496599 0.841270 0.505669 0.861678 0.521542 0.884354 0.553288 0.907029 0.573696 0.918367 0.585034 0.920635 0.614512 0.909297 0.625850 0.897959 0.632653 0.884354 0.639456 0.854875 0.637188 0.807256 0.630385 0.791383 0.630385 0.773243 0.619048 0.757370 0.616780 0.732426 0.596372 0.709751 0.594104 0.702948 0.575964 0.687075 0.555556 0.675737 0.546485 0.675737 0.532880 0.668934 0.510204 0.643991 0.485261 0.587302
0 0.079365 0.369615 0.083900 0.403628 0.104308 0.430839 0.147392 0.462585 0.176871 0.471655 0.201814 0.487528 0.210884 0.487528 0.217687 0.492063 0.244898 0.489796 0.263039 0.496599 0.294785 0.496599 0.328798 0.480726 0.337868 0.471655 0.356009 0.473923 0.358277 0.480726 0.376417 0.469388 0.396825 0.464853 0.356009 0.444444 0.340136 0.424036 0.324263 0.394558 0.299320 0.369615 0.260771 0.360544 0.242630 0.349206 0.226757 0.349206 0.208617 0.337868 0.192744 0.337868 0.183673 0.333333 0.124717 0.331066 0.092971 0.344671
0 0.798186 0.410431 0.789116 0.394558 0.789116 0.387755 0.773243 0.374150 0.764172 0.369615 0.752834 0.369615 0.743764 0.362812 0.702948 0.362812 0.687075 0.371882 0.662132 0.374150 0.643991 0.385488 0.619048 0.392290 0.585034 0.421769 0.575964 0.424036 0.569161 0.435374 0.551020 0.448980 0.539683 0.451247 0.535147 0.446712 0.548753 0.467120 0.548753 0.478458 0.539683 0.496599 0.560091 0.489796 0.594104 0.489796 0.603175 0.494331 0.625850 0.496599 0.637188 0.503401 0.643991 0.503401 0.643991 0.507937 0.659864 0.507937 0.662132 0.501134 0.664399 0.503401 0.682540 0.492063 0.739229 0.478458 0.766440 0.451247 0.791383 0.435374 0.798186 0.421769
0 0.428571 0.548753 0.412698 0.564626 0.405896 0.564626 0.401361 0.557823 0.380952 0.555556 0.371882 0.564626 0.360544 0.569161 0.349206 0.582766 0.321995 0.598639 0.292517 0.662132 0.292517 0.727891 0.297052 0.741497 0.310658 0.748299 0.351474 0.741497 0.376417 0.727891 0.385488 0.718821 0.387755 0.709751 0.410431 0.687075 0.430839 0.650794 0.433107 0.623583 0.444444 0.616780 0.448980 0.607710 0.448980 0.589569 0.444444 0.591837 0.435374 0.582766 0.435374 0.578231 0.442177 0.575964 0.430839 0.564626
0 0.442177 0.251701 0.433107 0.251701 0.414966 0.263039 0.399093 0.301587 0.399093 0.403628 0.421769 0.451247 0.426304 0.469388 0.442177 0.458050 0.453515 0.458050 0.462585 0.462585 0.494331 0.399093 0.489796 0.365079 0.492063 0.328798 0.487528 0.319728 0.487528 0.301587 0.478458 0.294785 0.476190 0.274376 0.464853 0.263039 0.458050 0.263039
0 0.489796 0.546485 0.492063 0.564626 0.501134 0.566893 0.528345 0.596372 0.551020 0.609977 0.557823 0.607710 0.591837 0.614512 0.616780 0.612245 0.628118 0.607710 0.643991 0.591837 0.643991 0.580499 0.634921 0.566893 0.630385 0.548753 0.616780 0.537415 0.589569 0.528345 0.578231 0.519274 0.505669 0.514739 0.507937 0.537415
0 0.408163 0.460317 0.362812 0.478458 0.346939 0.496599 0.346939 0.512472 0.358277 0.535147 0.378685 0.551020 0.405896 0.555556 0.424036 0.544218 0.426304 0.551020 0.433107 0.532880 0.428571 0.530612 0.435374 0.528345 0.435374 0.507937 0.426304 0.489796 0.424036 0.476190
0 0.530612 0.446712 0.507937 0.444444 0.482993 0.451247 0.467120 0.467120 0.485261 0.476190 0.485261 0.482993 0.473923 0.496599 0.487528 0.501134 0.501134 0.512472 0.514739 0.512472 0.535147 0.498866 0.546485 0.478458 0.546485 0.467120
0 0.430839 0.530612 0.435374 0.532880 0.430839 0.541950 0.433107 0.564626 0.442177 0.573696 0.446712 0.571429 0.458050 0.578231 0.473923 0.575964 0.487528 0.548753 0.476190 0.541950 0.467120 0.551020 0.458050 0.553288 0.453515 0.548753 0.448980 0.530612
0 0.426304 0.471655 0.426304 0.482993 0.435374 0.505669 0.444444 0.492063 0.467120 0.492063 0.471655 0.496599 0.482993 0.482993 0.482993 0.476190 0.469388 0.471655 0.464853 0.464853 0.453515 0.460317 0.442177 0.460317
0 0.473923 0.498866 0.489796 0.517007 0.489796 0.528345 0.473923 0.541950 0.478458 0.539683 0.487528 0.546485 0.505669 0.537415 0.503401 0.514739 0.487528 0.503401
0 0.444444 0.494331 0.437642 0.503401 0.437642 0.528345 0.448980 0.528345 0.453515 0.532880 0.455782 0.548753 0.462585 0.551020 0.471655 0.544218 0.476190 0.535147 0.487528 0.528345 0.487528 0.517007 0.467120 0.494331