0 0.455782 0.612245 0.458050 0.634921 0.437642 0.655329 0.435374 0.684807 0.446712 0.700680 0.462585 0.714286 0.492063 0.716553 0.503401 0.709751 0.521542 0.673469 0.517007 0.648526 0.501134 0.634921 0.471655 0.625850 0.467120 0.621315 0.469388 0.614512
0 0.419501 0.399093 0.414966 0.403628 0.419501 0.430839 0.424036 0.421769 0.428571 0.426304 0.419501 0.435374 0.419501 0.442177 0.412698 0.455782 0.408163 0.458050 0.408163 0.464853 0.424036 0.480726 0.428571 0.496599 0.428571 0.489796 0.439909 0.478458 0.433107 0.480726 0.424036 0.467120 0.424036 0.460317 0.435374 0.446712 0.435374 0.433107 0.428571 0.421769 0.428571 0.412698
0 0.541950 0.603175 0.546485 0.634921 0.553288 0.641723 0.594104 0.662132 0.614512 0.657596 0.639456 0.657596 0.650794 0.648526 0.659864 0.630385 0.659864 0.616780 0.655329 0.605442 0.639456 0.612245 0.630385 0.612245 0.621315 0.619048 0.594104 0.619048 0.560091 0.614512
0 0.249433 0.514739 0.251701 0.535147 0.274376 0.548753 0.306122 0.548753 0.326531 0.544218 0.340136 0.537415 0.356009 0.521542 0.401361 0.528345 0.405896 0.535147 0.410431 0.526077 0.419501 0.523810 0.403628 0.514739 0.394558 0.519274 0.353741 0.510204 0.346939 0.503401 0.346939 0.494331 0.331066 0.473923 0.315193 0.467120 0.292517 0.467120 0.276644 0.473923 0.260771 0.489796
0 0.582766 0.342404 0.566893 0.340136 0.526077 0.360544 0.498866 0.392290 0.489796 0.417234 0.489796 0.442177 0.498866 0.462585 0.498866 0.473923 0.489796 0.487528 0.487528 0.485261 0.489796 0.517007 0.496599 0.498866 0.517007 0.482993 0.557823 0.480726 0.573696 0.473923 0.605442 0.435374 0.609977 0.426304 0.612245 0.396825 0.616780 0.387755 0.614512 0.369615 0.605442 0.358277
0 0.405896 0.657596 0.371882 0.673469 0.349206 0.678005 0.340136 0.689342 0.326531 0.723356 0.328798 0.748299 0.324263 0.757370 0.333333 0.807256 0.342404 0.825397 0.360544 0.839002 0.380952 0.836735 0.399093 0.827664 0.426304 0.782313 0.426304 0.770975 0.435374 0.750567 0.433107 0.716553 0.410431 0.682540 0.403628 0.664399
0 0.362812 0.356009 0.351474 0.367347 0.333333 0.371882 0.301587 0.399093 0.294785 0.414966 0.308390 0.448980 0.335601 0.471655 0.353741 0.473923 0.380952 0.469388 0.410431 0.503401 0.405896 0.514739 0.424036 0.517007 0.428571 0.498866 0.424036 0.503401 0.405896 0.473923 0.401361 0.471655 0.405896 0.458050 0.410431 0.455782 0.417234 0.442177 0.412698 0.380952 0.390023 0.360544
0 0.469388 0.539683 0.476190 0.557823 0.482993 0.553288 0.494331 0.557823 0.503401 0.566893 0.514739 0.569161 0.539683 0.600907 0.569161 0.614512 0.621315 0.616780 0.630385 0.609977 0.646259 0.607710 0.668934 0.587302 0.673469 0.575964 0.673469 0.560091 0.668934 0.548753 0.653061 0.532880 0.632653 0.521542 0.621315 0.519274 0.548753 0.519274 0.535147 0.526077 0.517007 0.544218 0.494331 0.544218 0.482993 0.539683 0.476190 0.541950 0.473923 0.537415 0.478458 0.535147 0.471655 0.535147
0 0.439909 0.562358 0.383220 0.562358 0.360544 0.575964 0.331066 0.605442 0.326531 0.614512 0.326531 0.623583 0.319728 0.634921 0.319728 0.653061 0.324263 0.662132 0.333333 0.671202 0.356009 0.675737 0.405896 0.655329 0.410431 0.641723 0.419501 0.634921 0.435374 0.605442 0.435374 0.591837 0.428571 0.573696
0 0.480726 0.467120 0.460317 0.467120 0.430839 0.489796 0.430839 0.507937 0.426304 0.519274 0.435374 0.528345 0.451247 0.530612 0.460317 0.537415 0.469388 0.537415 0.487528 0.519274 0.487528 0.476190
0 0.439909 0.560091 0.442177 0.564626 0.433107 0.575964 0.437642 0.580499 0.439909 0.594104 0.453515 0.612245 0.469388 0.612245 0.471655 0.616780 0.485261 0.612245 0.492063 0.596372 0.489796 0.566893 0.480726 0.557823 0.476190 0.560091 0.471655 0.551020 0.467120 0.560091
0 0.426304 0.521542 0.410431 0.528345 0.408163 0.535147 0.403628 0.535147 0.403628 0.539683 0.419501 0.560091 0.433107 0.562358 0.430839 0.535147 0.437642 0.530612
0 0.433107 0.535147 0.435374 0.560091 0.467120 0.557823 0.467120 0.539683 0.460317 0.539683 0.451247 0.532880