0 0.328798 0.539683 0.321995 0.560091 0.342404 0.589569 0.356009 0.596372 0.374150 0.596372 0.387755 0.589569 0.385488 0.585034 0.394558 0.578231 0.392290 0.573696 0.378685 0.571429 0.337868 0.553288
0 0.514739 0.485261 0.514739 0.517007 0.530612 0.530612 0.544218 0.535147 0.555556 0.523810 0.548753 0.494331 0.530612 0.482993
0 0.455782 0.489796 0.448980 0.496599 0.451247 0.510204 0.467120 0.528345 0.476190 0.528345 0.464853 0.512472
0 0.430839 0.365079 0.419501 0.369615 0.405896 0.383220 0.394558 0.412698 0.394558 0.430839 0.401361 0.448980 0.410431 0.458050 0.444444 0.460317 0.458050 0.473923 0.458050 0.489796 0.464853 0.507937 0.480726 0.526077 0.485261 0.519274 0.480726 0.517007 0.480726 0.501134 0.464853 0.469388 0.464853 0.448980 0.480726 0.424036 0.480726 0.383220 0.478458 0.378685 0.455782 0.367347
0 0.478458 0.598639 0.464853 0.605442 0.458050 0.632653 0.444444 0.648526 0.403628 0.655329 0.392290 0.671202 0.385488 0.687075 0.385488 0.727891 0.392290 0.741497 0.408163 0.755102 0.433107 0.757370 0.451247 0.748299 0.476190 0.725624 0.482993 0.714286 0.485261 0.698413 0.492063 0.687075 0.480726 0.659864 0.471655 0.659864 0.462585 0.648526 0.462585 0.639456 0.469388 0.628118 0.469388 0.616780
0 0.523810 0.573696 0.539683 0.575964 0.555556 0.587302 0.560091 0.614512 0.573696 0.637188 0.587302 0.639456 0.634921 0.659864 0.666667 0.659864 0.678005 0.655329 0.682540 0.648526 0.682540 0.628118 0.687075 0.614512 0.682540 0.591837 0.664399 0.571429 0.634921 0.555556 0.605442 0.553288 0.585034 0.562358 0.578231 0.569161 0.539683 0.569161 0.532880 0.564626
0 0.442177 0.566893 0.401361 0.582766 0.383220 0.596372 0.356009 0.598639 0.346939 0.591837 0.337868 0.591837 0.317460 0.600907 0.265306 0.641723 0.247166 0.664399 0.240363 0.680272 0.240363 0.689342 0.260771 0.709751 0.312925 0.705215 0.351474 0.689342 0.383220 0.650794 0.383220 0.619048 0.390023 0.605442 0.401361 0.594104 0.428571 0.580499 0.442177 0.580499
0 0.530612 0.319728 0.519274 0.319728 0.498866 0.331066 0.489796 0.342404 0.485261 0.358277 0.482993 0.424036 0.467120 0.448980 0.487528 0.467120 0.482993 0.517007 0.492063 0.512472 0.496599 0.514739 0.496599 0.496599 0.501134 0.480726 0.512472 0.469388 0.526077 0.467120 0.535147 0.448980 0.551020 0.437642 0.555556 0.428571 0.562358 0.387755 0.560091 0.362812 0.546485 0.331066
0 0.489796 0.571429 0.487528 0.589569 0.492063 0.596372 0.494331 0.612245 0.482993 0.628118 0.485261 0.641723 0.478458 0.648526 0.478458 0.657596 0.482993 0.659864 0.489796 0.673469 0.489796 0.680272 0.501134 0.705215 0.530612 0.732426 0.544218 0.739229 0.562358 0.739229 0.573696 0.730159 0.580499 0.716553 0.580499 0.678005 0.571429 0.653061 0.571429 0.637188 0.537415 0.603175 0.530612 0.603175 0.512472 0.591837 0.505669 0.591837 0.498866 0.580499 0.498866 0.573696
0 0.331066 0.521542 0.331066 0.541950 0.337868 0.551020 0.394558 0.573696 0.403628 0.573696 0.405896 0.569161 0.417234 0.566893 0.428571 0.571429 0.435374 0.564626 0.442177 0.564626 0.448980 0.551020 0.460317 0.553288 0.460317 0.541950 0.453515 0.541950 0.446712 0.523810 0.437642 0.514739 0.410431 0.503401 0.367347 0.498866 0.342404 0.505669
0 0.492063 0.514739 0.482993 0.523810 0.494331 0.544218 0.489796 0.569161 0.498866 0.571429 0.505669 0.578231 0.519274 0.575964 0.530612 0.566893 0.544218 0.537415 0.530612 0.532880 0.505669 0.514739
0 0.462585 0.555556 0.448980 0.557823 0.444444 0.564626 0.446712 0.591837 0.453515 0.600907 0.462585 0.605442 0.478458 0.596372 0.485261 0.587302 0.487528 0.573696
0 0.467120 0.530612 0.462585 0.553288 0.487528 0.571429 0.492063 0.544218 0.482993 0.528345