0 0.374150 0.446712 0.365079 0.435374 0.356009 0.430839 0.319728 0.435374 0.310658 0.442177 0.306122 0.451247 0.303855 0.473923 0.317460 0.458050 0.331066 0.453515 0.374150 0.453515
0 0.630385 0.528345 0.609977 0.503401 0.596372 0.498866 0.587302 0.498866 0.578231 0.507937 0.571429 0.507937 0.532880 0.528345 0.521542 0.528345 0.519274 0.523810 0.460317 0.526077 0.526077 0.532880 0.539683 0.539683 0.548753 0.551020 0.566893 0.551020 0.580499 0.544218 0.598639 0.544218 0.607710 0.548753 0.628118 0.551020
0 0.428571 0.553288 0.426304 0.557823 0.403628 0.569161 0.401361 0.578231 0.405896 0.591837 0.428571 0.596372 0.439909 0.589569 0.442177 0.580499 0.444444 0.582766 0.428571 0.573696
0 0.446712 0.580499 0.455782 0.594104 0.462585 0.623583 0.460317 0.637188 0.439909 0.664399 0.446712 0.712018 0.451247 0.721088 0.478458 0.746032 0.503401 0.755102 0.528345 0.752834 0.544218 0.739229 0.551020 0.725624 0.553288 0.684807 0.546485 0.673469 0.541950 0.653061 0.523810 0.630385 0.507937 0.623583 0.480726 0.621315 0.469388 0.607710 0.464853 0.585034 0.451247 0.585034
0 0.517007 0.278912 0.501134 0.278912 0.480726 0.297052 0.462585 0.333333 0.462585 0.376417 0.487528 0.405896 0.489796 0.419501 0.487528 0.430839 0.476190 0.451247 0.467120 0.460317 0.448980 0.458050 0.448980 0.473923 0.439909 0.482993 0.435374 0.482993 0.453515 0.482993 0.458050 0.489796 0.467120 0.492063 0.476190 0.469388 0.501134 0.426304 0.512472 0.417234 0.535147 0.410431 0.551020 0.390023 0.557823 0.360544 0.557823 0.328798 0.544218 0.312925 0.539683 0.299320
0 0.156463 0.566893 0.179138 0.580499 0.238095 0.589569 0.251701 0.585034 0.265306 0.569161 0.287982 0.562358 0.303855 0.544218 0.317460 0.539683 0.340136 0.539683 0.351474 0.535147 0.383220 0.532880 0.365079 0.532880 0.351474 0.523810 0.315193 0.523810 0.303855 0.517007 0.292517 0.501134 0.283447 0.496599 0.269841 0.496599 0.263039 0.492063 0.226757 0.487528 0.217687 0.482993 0.185941 0.485261 0.167800 0.498866 0.165533 0.512472 0.156463 0.526077
0 0.462585 0.530612 0.467120 0.539683 0.521542 0.566893 0.541950 0.587302 0.548753 0.639456 0.566893 0.648526 0.591837 0.673469 0.630385 0.691610 0.657596 0.693878 0.666667 0.698413 0.705215 0.698413 0.723356 0.678005 0.725624 0.655329 0.716553 0.639456 0.716553 0.630385 0.702948 0.607710 0.680272 0.585034 0.630385 0.553288 0.607710 0.551020 0.598639 0.546485 0.580499 0.546485 0.566893 0.553288 0.548753 0.553288 0.535147 0.557823 0.507937 0.544218 0.482993 0.539683 0.471655 0.535147 0.471655 0.530612
0 0.376417 0.249433 0.369615 0.253968 0.358277 0.253968 0.349206 0.265306 0.344671 0.299320 0.346939 0.328798 0.351474 0.335601 0.360544 0.374150 0.383220 0.394558 0.403628 0.403628 0.412698 0.414966 0.421769 0.442177 0.424036 0.471655 0.419501 0.476190 0.424036 0.480726 0.426304 0.503401 0.426304 0.494331 0.435374 0.485261 0.433107 0.482993 0.446712 0.473923 0.446712 0.458050 0.439909 0.462585 0.435374 0.451247 0.433107 0.403628 0.437642 0.394558 0.462585 0.371882 0.460317 0.333333 0.467120 0.317460 0.462585 0.317460 0.453515 0.278912 0.439909 0.263039 0.426304 0.260771 0.408163 0.251701
0 0.424036 0.546485 0.419501 0.546485 0.414966 0.539683 0.399093 0.546485 0.387755 0.557823 0.374150 0.557823 0.349206 0.546485 0.333333 0.546485 0.321995 0.553288 0.303855 0.551020 0.287982 0.564626 0.269841 0.569161 0.253968 0.585034 0.256236 0.587302 0.219955 0.619048 0.215420 0.628118 0.215420 0.641723 0.219955 0.650794 0.233560 0.657596 0.235828 0.662132 0.253968 0.666667 0.290249 0.666667 0.315193 0.659864 0.319728 0.655329 0.342404 0.653061 0.351474 0.648526 0.383220 0.616780 0.387755 0.607710 0.387755 0.589569 0.394558 0.573696 0.419501 0.557823
0 0.616780 0.460317 0.607710 0.444444 0.578231 0.435374 0.557823 0.435374 0.535147 0.446712 0.517007 0.448980 0.510204 0.455782 0.505669 0.469388 0.476190 0.498866 0.476190 0.507937 0.471655 0.514739 0.492063 0.512472 0.501134 0.521542 0.539683 0.521542 0.571429 0.505669 0.578231 0.505669 0.603175 0.478458 0.612245 0.473923
0 0.303855 0.476190 0.310658 0.480726 0.317460 0.496599 0.333333 0.512472 0.365079 0.530612 0.399093 0.532880 0.414966 0.530612 0.433107 0.521542 0.433107 0.514739 0.424036 0.503401 0.421769 0.480726 0.414966 0.473923 0.383220 0.462585 0.376417 0.455782 0.331066 0.455782 0.317460 0.460317
0 0.444444 0.530612 0.426304 0.551020 0.430839 0.553288 0.430839 0.573696 0.437642 0.578231 0.446712 0.578231 0.451247 0.582766 0.464853 0.582766 0.467120 0.587302 0.476190 0.585034 0.485261 0.575964 0.482993 0.548753 0.467120 0.541950 0.460317 0.535147 0.462585 0.528345
0 0.428571 0.494331 0.430839 0.510204 0.446712 0.526077 0.458050 0.526077 0.464853 0.519274 0.476190 0.517007 0.469388 0.514739 0.473923 0.507937 0.473923 0.498866 0.469388 0.494331 0.458050 0.492063 0.453515 0.485261 0.437642 0.485261
0 0.439909 0.519274 0.419501 0.528345 0.417234 0.537415 0.419501 0.544218 0.424036 0.544218 0.426304 0.548753 0.444444 0.528345 0.448980 0.528345