0 0.349206 0.505669 0.349206 0.517007 0.353741 0.521542 0.349206 0.526077 0.362812 0.523810 0.392290 0.537415 0.399093 0.546485 0.401361 0.541950 0.410431 0.541950 0.417234 0.548753 0.426304 0.548753 0.437642 0.555556 0.439909 0.553288 0.414966 0.535147 0.419501 0.510204 0.410431 0.496599 0.401361 0.492063 0.371882 0.492063 0.356009 0.496599
0 0.507937 0.492063 0.505669 0.503401 0.512472 0.512472 0.512472 0.523810 0.501134 0.535147 0.494331 0.548753 0.498866 0.548753 0.517007 0.530612 0.551020 0.537415 0.555556 0.530612 0.546485 0.523810 0.541950 0.505669 0.528345 0.492063 0.514739 0.492063 0.510204 0.496599
0 0.471655 0.487528 0.453515 0.494331 0.446712 0.501134 0.448980 0.514739 0.462585 0.526077 0.467120 0.526077 0.467120 0.496599
0 0.501134 0.589569 0.498866 0.603175 0.494331 0.607710 0.505669 0.619048 0.519274 0.619048 0.519274 0.598639 0.512472 0.591837
0 0.476190 0.385488 0.455782 0.387755 0.435374 0.412698 0.430839 0.426304 0.430839 0.462585 0.442177 0.471655 0.460317 0.473923 0.467120 0.482993 0.464853 0.487528 0.480726 0.478458 0.485261 0.467120 0.498866 0.464853 0.514739 0.439909 0.514739 0.424036 0.505669 0.405896 0.496599 0.394558
0 0.458050 0.587302 0.453515 0.625850 0.444444 0.632653 0.428571 0.632653 0.412698 0.641723 0.401361 0.666667 0.405896 0.705215 0.410431 0.714286 0.426304 0.725624 0.444444 0.725624 0.455782 0.718821 0.487528 0.687075 0.487528 0.653061 0.482993 0.643991 0.460317 0.623583 0.462585 0.591837
0 0.494331 0.564626 0.537415 0.580499 0.544218 0.594104 0.544218 0.609977 0.562358 0.625850 0.569161 0.625850 0.594104 0.637188 0.623583 0.637188 0.628118 0.632653 0.641723 0.630385 0.657596 0.616780 0.659864 0.598639 0.641723 0.578231 0.616780 0.562358 0.573696 0.557823 0.551020 0.573696 0.501134 0.566893 0.498866 0.562358
0 0.310658 0.544218 0.310658 0.580499 0.324263 0.591837 0.340136 0.598639 0.371882 0.598639 0.392290 0.591837 0.399093 0.578231 0.412698 0.566893 0.464853 0.564626 0.446712 0.555556 0.439909 0.555556 0.437642 0.560091 0.408163 0.557823 0.392290 0.539683 0.362812 0.526077 0.328798 0.530612
0 0.496599 0.473923 0.482993 0.476190 0.473923 0.485261 0.469388 0.496599 0.469388 0.526077 0.462585 0.532880 0.473923 0.548753 0.492063 0.551020 0.494331 0.541950 0.510204 0.523810 0.510204 0.512472 0.503401 0.503401 0.507937 0.482993 0.503401 0.476190
0 0.467120 0.564626 0.460317 0.578231 0.460317 0.587302 0.464853 0.591837 0.464853 0.616780 0.473923 0.623583 0.482993 0.623583 0.496599 0.603175 0.498866 0.585034 0.492063 0.573696 0.492063 0.566893 0.471655 0.569161
0 0.435374 0.537415 0.435374 0.546485 0.442177 0.553288 0.460317 0.562358 0.473923 0.562358 0.476190 0.551020 0.464853 0.541950 0.462585 0.535147 0.444444 0.530612
0 0.471655 0.566893 0.496599 0.562358 0.496599 0.555556 0.478458 0.551020 0.476190 0.562358