0 0.428571 0.673469 0.430839 0.696145 0.444444 0.712018 0.462585 0.723356 0.487528 0.723356 0.503401 0.712018 0.507937 0.702948 0.467120 0.700680 0.453515 0.693878 0.444444 0.682540 0.444444 0.668934 0.435374 0.655329
0 0.399093 0.387755 0.390023 0.394558 0.383220 0.405896 0.378685 0.424036 0.401361 0.460317 0.437642 0.503401 0.437642 0.512472 0.444444 0.514739 0.444444 0.505669 0.435374 0.496599 0.433107 0.485261 0.424036 0.471655 0.426304 0.455782 0.437642 0.442177 0.433107 0.403628 0.424036 0.392290 0.414966 0.387755
0 0.492063 0.560091 0.537415 0.582766 0.548753 0.598639 0.548753 0.619048 0.553288 0.632653 0.562358 0.641723 0.598639 0.659864 0.641723 0.657596 0.657596 0.646259 0.666667 0.628118 0.646259 0.623583 0.634921 0.616780 0.603175 0.612245 0.587302 0.596372 0.580499 0.578231 0.569161 0.566893 0.557823 0.575964 0.544218 0.575964 0.505669 0.557823 0.503401 0.553288 0.496599 0.560091
0 0.224490 0.505669 0.224490 0.521542 0.233560 0.535147 0.265306 0.548753 0.294785 0.548753 0.301587 0.544218 0.312925 0.544218 0.328798 0.532880 0.333333 0.535147 0.328798 0.523810 0.328798 0.503401 0.337868 0.494331 0.331066 0.489796 0.326531 0.476190 0.315193 0.467120 0.294785 0.460317 0.265306 0.460317 0.238095 0.478458
0 0.673469 0.319728 0.657596 0.306122 0.643991 0.306122 0.589569 0.333333 0.541950 0.380952 0.537415 0.399093 0.537415 0.419501 0.544218 0.437642 0.544218 0.451247 0.535147 0.460317 0.523810 0.464853 0.523810 0.469388 0.512472 0.473923 0.512472 0.480726 0.498866 0.487528 0.494331 0.494331 0.480726 0.503401 0.467120 0.505669 0.492063 0.510204 0.496599 0.503401 0.546485 0.467120 0.566893 0.460317 0.587302 0.462585 0.603175 0.458050 0.623583 0.444444 0.646259 0.421769 0.650794 0.421769 0.666667 0.401361 0.680272 0.365079 0.682540 0.337868
0 0.419501 0.578231 0.419501 0.585034 0.412698 0.591837 0.405896 0.612245 0.394558 0.625850 0.392290 0.641723 0.380952 0.664399 0.365079 0.678005 0.340136 0.680272 0.326531 0.693878 0.315193 0.698413 0.292517 0.727891 0.290249 0.775510 0.294785 0.804989 0.317460 0.843537 0.342404 0.859410 0.362812 0.859410 0.385488 0.845805 0.394558 0.834467 0.405896 0.829932 0.417234 0.816327 0.435374 0.777778 0.433107 0.741497 0.399093 0.680272 0.401361 0.657596 0.414966 0.616780 0.424036 0.603175 0.428571 0.587302 0.437642 0.582766
0 0.201814 0.299320 0.201814 0.346939 0.213152 0.367347 0.229025 0.385488 0.229025 0.392290 0.240363 0.408163 0.281179 0.435374 0.299320 0.437642 0.335601 0.428571 0.369615 0.451247 0.399093 0.487528 0.421769 0.492063 0.399093 0.467120 0.399093 0.458050 0.387755 0.439909 0.383220 0.439909 0.371882 0.426304 0.367347 0.414966 0.369615 0.383220 0.362812 0.365079 0.349206 0.346939 0.346939 0.333333 0.340136 0.321995 0.315193 0.297052 0.287982 0.276644 0.265306 0.274376 0.253968 0.278912 0.240363 0.272109 0.235828 0.281179 0.217687 0.299320
0 0.798186 0.580499 0.798186 0.551020 0.780045 0.526077 0.766440 0.514739 0.734694 0.501134 0.705215 0.496599 0.687075 0.498866 0.657596 0.494331 0.650794 0.498866 0.614512 0.503401 0.580499 0.535147 0.548753 0.541950 0.526077 0.541950 0.514739 0.535147 0.501134 0.551020 0.512472 0.557823 0.519274 0.555556 0.539683 0.560091 0.562358 0.560091 0.578231 0.571429 0.589569 0.596372 0.603175 0.609977 0.634921 0.614512 0.653061 0.623583 0.700680 0.621315 0.732426 0.625850 0.759637 0.612245 0.786848 0.589569 0.791383 0.589569
0 0.417234 0.557823 0.412698 0.562358 0.383220 0.564626 0.378685 0.571429 0.369615 0.575964 0.356009 0.575964 0.346939 0.580499 0.308390 0.571429 0.281179 0.571429 0.276644 0.575964 0.244898 0.578231 0.226757 0.596372 0.210884 0.600907 0.167800 0.643991 0.163265 0.659864 0.165533 0.691610 0.188209 0.709751 0.235828 0.712018 0.242630 0.707483 0.260771 0.705215 0.299320 0.687075 0.308390 0.678005 0.315193 0.678005 0.346939 0.650794 0.371882 0.600907 0.385488 0.587302 0.410431 0.573696 0.412698 0.575964 0.412698 0.564626
0 0.541950 0.378685 0.526077 0.369615 0.510204 0.367347 0.494331 0.371882 0.471655 0.390023 0.469388 0.403628 0.460317 0.421769 0.442177 0.444444 0.439909 0.469388 0.453515 0.485261 0.446712 0.514739 0.460317 0.507937 0.464853 0.498866 0.478458 0.498866 0.485261 0.492063 0.510204 0.480726 0.510204 0.473923 0.517007 0.464853 0.535147 0.458050 0.541950 0.451247 0.541950 0.437642 0.535147 0.419501 0.535147 0.399093
0 0.464853 0.560091 0.460317 0.571429 0.444444 0.580499 0.446712 0.591837 0.435374 0.605442 0.435374 0.653061 0.446712 0.668934 0.446712 0.682540 0.453515 0.691610 0.467120 0.698413 0.501134 0.698413 0.510204 0.702948 0.523810 0.700680 0.535147 0.691610 0.539683 0.682540 0.539683 0.668934 0.544218 0.657596 0.532880 0.641723 0.532880 0.632653 0.521542 0.607710 0.507937 0.596372 0.505669 0.587302 0.485261 0.573696 0.473923 0.573696 0.469388 0.566893 0.476190 0.562358
0 0.333333 0.498866 0.331066 0.523810 0.335601 0.535147 0.358277 0.555556 0.378685 0.557823 0.383220 0.562358 0.412698 0.560091 0.417234 0.555556 0.419501 0.557823 0.433107 0.544218 0.428571 0.539683 0.428571 0.526077 0.435374 0.514739 0.435374 0.505669 0.421769 0.494331 0.414966 0.494331 0.410431 0.489796 0.369615 0.485261 0.344671 0.492063
0 0.451247 0.512472 0.451247 0.517007 0.478458 0.519274 0.489796 0.532880 0.487528 0.544218 0.480726 0.551020 0.467120 0.555556 0.467120 0.560091 0.489796 0.562358 0.498866 0.555556 0.498866 0.551020 0.512472 0.535147 0.512472 0.526077 0.498866 0.512472 0.478458 0.507937 0.462585 0.507937
0 0.433107 0.546485 0.414966 0.564626 0.414966 0.575964 0.442177 0.582766 0.444444 0.578231 0.455782 0.573696 0.462585 0.562358 0.439909 0.566893 0.433107 0.560091
0 0.430839 0.526077 0.435374 0.560091 0.439909 0.564626 0.458050 0.562358 0.467120 0.557823 0.467120 0.553288 0.485261 0.544218 0.487528 0.532880 0.473923 0.519274 0.451247 0.519274 0.437642 0.514739