0 0.451247 0.414966 0.437642 0.414966 0.414966 0.426304 0.405896 0.439909 0.396825 0.444444 0.394558 0.467120 0.403628 0.478458 0.419501 0.482993 0.433107 0.473923 0.444444 0.476190 0.453515 0.469388 0.458050 0.448980
0 0.521542 0.541950 0.537415 0.541950 0.564626 0.564626 0.560091 0.596372 0.566893 0.609977 0.578231 0.616780 0.591837 0.616780 0.616780 0.591837 0.619048 0.580499 0.630385 0.569161 0.630385 0.553288 0.621315 0.544218 0.596372 0.544218 0.587302 0.551020 0.569161 0.551020 0.532880 0.535147 0.528345 0.535147
0 0.471655 0.546485 0.453515 0.553288 0.437642 0.564626 0.437642 0.578231 0.444444 0.582766 0.442177 0.585034 0.467120 0.591837 0.460317 0.580499 0.460317 0.564626
0 0.528345 0.462585 0.519274 0.469388 0.517007 0.476190 0.517007 0.498866 0.541950 0.498866 0.555556 0.487528 0.555556 0.473923 0.541950 0.464853
0 0.501134 0.591837 0.489796 0.596372 0.489796 0.605442 0.482993 0.614512 0.458050 0.616780 0.448980 0.625850 0.439909 0.646259 0.439909 0.682540 0.446712 0.700680 0.464853 0.718821 0.482993 0.727891 0.501134 0.725624 0.514739 0.712018 0.526077 0.693878 0.530612 0.634921 0.503401 0.607710 0.503401 0.600907 0.498866 0.596372
0 0.471655 0.392290 0.460317 0.399093 0.455782 0.408163 0.455782 0.428571 0.458050 0.433107 0.469388 0.437642 0.469388 0.448980 0.489796 0.458050 0.510204 0.478458 0.510204 0.469388 0.517007 0.460317 0.537415 0.453515 0.546485 0.444444 0.551020 0.424036 0.546485 0.414966 0.537415 0.408163 0.517007 0.403628 0.501134 0.392290
0 0.480726 0.535147 0.473923 0.541950 0.460317 0.541950 0.430839 0.557823 0.421769 0.557823 0.396825 0.541950 0.362812 0.546485 0.342404 0.555556 0.333333 0.564626 0.319728 0.569161 0.303855 0.591837 0.303855 0.605442 0.310658 0.616780 0.321995 0.625850 0.385488 0.623583 0.394558 0.616780 0.414966 0.609977 0.424036 0.600907 0.426304 0.573696 0.433107 0.564626 0.453515 0.551020 0.476190 0.541950
0 0.693878 0.467120 0.680272 0.451247 0.671202 0.446712 0.643991 0.444444 0.609977 0.451247 0.589569 0.460317 0.582766 0.467120 0.578231 0.480726 0.573696 0.482993 0.573696 0.489796 0.562358 0.501134 0.535147 0.512472 0.530612 0.521542 0.569161 0.512472 0.582766 0.512472 0.605442 0.526077 0.630385 0.526077 0.662132 0.512472 0.680272 0.498866 0.691610 0.482993
0 0.460317 0.448980 0.458050 0.464853 0.446712 0.476190 0.460317 0.489796 0.458050 0.503401 0.471655 0.519274 0.494331 0.521542 0.498866 0.512472 0.505669 0.512472 0.512472 0.505669 0.512472 0.501134 0.507937 0.498866 0.507937 0.478458 0.482993 0.455782
0 0.530612 0.503401 0.514739 0.498866 0.514739 0.505669 0.505669 0.514739 0.507937 0.530612 0.521542 0.530612 0.530612 0.523810
0 0.526077 0.537415 0.523810 0.530612 0.505669 0.532880 0.514739 0.541950
0 0.505669 0.528345 0.496599 0.521542 0.482993 0.526077 0.485261 0.532880 0.503401 0.532880