0 0.462585 0.555556 0.446712 0.560091 0.442177 0.564626 0.417234 0.566893 0.419501 0.575964 0.414966 0.591837 0.437642 0.594104 0.451247 0.585034 0.460317 0.573696
0 0.562358 0.462585 0.587302 0.453515 0.621315 0.478458 0.637188 0.482993 0.632653 0.480726 0.637188 0.476190 0.637188 0.464853 0.630385 0.458050 0.628118 0.460317 0.596372 0.444444 0.578231 0.446712
0 0.464853 0.274376 0.451247 0.281179 0.446712 0.290249 0.446712 0.310658 0.439909 0.310658 0.444444 0.349206 0.460317 0.378685 0.467120 0.383220 0.496599 0.383220 0.503401 0.390023 0.507937 0.408163 0.505669 0.426304 0.519274 0.437642 0.514739 0.428571 0.514739 0.378685 0.528345 0.365079 0.535147 0.349206 0.535147 0.308390 0.519274 0.287982 0.501134 0.278912
0 0.526077 0.507937 0.521542 0.517007 0.532880 0.528345 0.535147 0.537415 0.564626 0.578231 0.557823 0.609977 0.562358 0.628118 0.587302 0.653061 0.612245 0.668934 0.639456 0.673469 0.648526 0.668934 0.657596 0.671202 0.671202 0.664399 0.680272 0.650794 0.682540 0.628118 0.666667 0.594104 0.643991 0.571429 0.616780 0.551020 0.591837 0.551020 0.575964 0.562358 0.564626 0.560091 0.544218 0.539683
0 0.417234 0.503401 0.403628 0.517007 0.374150 0.514739 0.358277 0.530612 0.353741 0.546485 0.353741 0.573696 0.346939 0.582766 0.340136 0.603175 0.340136 0.662132 0.349206 0.675737 0.383220 0.673469 0.396825 0.657596 0.410431 0.630385 0.410431 0.594104 0.417234 0.569161 0.408163 0.553288 0.408163 0.539683
0 0.734694 0.326531 0.712018 0.308390 0.682540 0.310658 0.646259 0.321995 0.628118 0.342404 0.600907 0.362812 0.594104 0.378685 0.580499 0.394558 0.580499 0.419501 0.553288 0.444444 0.541950 0.448980 0.532880 0.460317 0.528345 0.453515 0.523810 0.471655 0.582766 0.442177 0.596372 0.442177 0.628118 0.458050 0.632653 0.455782 0.628118 0.453515 0.630385 0.451247 0.655329 0.448980 0.671202 0.442177 0.696145 0.421769 0.721088 0.394558 0.734694 0.360544
0 0.507937 0.517007 0.492063 0.517007 0.494331 0.523810 0.473923 0.585034 0.462585 0.596372 0.439909 0.600907 0.430839 0.607710 0.424036 0.623583 0.424036 0.634921 0.417234 0.643991 0.412698 0.687075 0.414966 0.723356 0.419501 0.734694 0.433107 0.746032 0.442177 0.746032 0.469388 0.734694 0.494331 0.705215 0.501134 0.657596 0.505669 0.648526 0.505669 0.621315 0.489796 0.594104 0.489796 0.571429 0.496599 0.537415 0.503401 0.519274
0 0.376417 0.276644 0.367347 0.285714 0.358277 0.306122 0.358277 0.344671 0.362812 0.360544 0.374150 0.374150 0.380952 0.399093 0.392290 0.408163 0.399093 0.408163 0.417234 0.424036 0.453515 0.424036 0.462585 0.437642 0.476190 0.448980 0.478458 0.442177 0.473923 0.430839 0.458050 0.408163 0.467120 0.385488 0.451247 0.369615 0.442177 0.349206 0.437642 0.326531 0.437642 0.301587 0.426304 0.290249 0.401361 0.276644
0 0.512472 0.485261 0.521542 0.494331 0.528345 0.492063 0.532880 0.498866 0.530612 0.505669 0.544218 0.514739 0.557823 0.530612 0.578231 0.532880 0.598639 0.541950 0.623583 0.532880 0.632653 0.532880 0.648526 0.517007 0.646259 0.494331 0.637188 0.485261 0.609977 0.473923 0.587302 0.455782 0.566893 0.464853 0.551020 0.464853 0.535147 0.473923 0.530612 0.480726 0.523810 0.478458 0.528345 0.476190 0.523810 0.476190 0.517007 0.487528
0 0.476190 0.478458 0.446712 0.478458 0.417234 0.498866 0.419501 0.510204 0.410431 0.539683 0.410431 0.553288 0.417234 0.564626 0.442177 0.562358 0.446712 0.557823 0.462585 0.553288 0.464853 0.555556 0.478458 0.526077 0.487528 0.517007 0.494331 0.517007 0.496599 0.498866 0.489796 0.496599
0 0.503401 0.426304 0.501134 0.430839 0.480726 0.442177 0.480726 0.451247 0.476190 0.453515 0.480726 0.469388 0.476190 0.476190 0.494331 0.471655 0.517007 0.485261 0.517007 0.480726 0.523810 0.473923 0.521542 0.464853 0.528345 0.451247
0 0.501134 0.428571 0.487528 0.426304 0.476190 0.435374 0.478458 0.439909 0.482993 0.439909
0 0.510204 0.487528 0.496599 0.496599 0.496599 0.514739 0.519274 0.517007 0.523810 0.503401 0.521542 0.496599
0 0.478458 0.478458 0.482993 0.487528 0.494331 0.496599 0.510204 0.485261 0.494331 0.473923 0.485261 0.473923