0 0.360544 0.410431 0.360544 0.430839 0.385488 0.435374 0.408163 0.458050 0.417234 0.451247 0.455782 0.485261 0.462585 0.485261 0.467120 0.492063 0.473923 0.489796 0.430839 0.453515 0.426304 0.430839 0.399093 0.405896 0.374150 0.399093
0 0.444444 0.546485 0.442177 0.555556 0.446712 0.569161 0.458050 0.580499 0.462585 0.580499 0.460317 0.551020 0.464853 0.548753
0 0.503401 0.616780 0.514739 0.639456 0.510204 0.650794 0.512472 0.666667 0.526077 0.682540 0.548753 0.689342 0.562358 0.700680 0.587302 0.746032 0.589569 0.757370 0.598639 0.732426 0.600907 0.700680 0.596372 0.678005 0.587302 0.666667 0.582766 0.646259 0.562358 0.632653 0.532880 0.634921 0.521542 0.625850 0.521542 0.616780
0 0.453515 0.290249 0.448980 0.306122 0.453515 0.337868 0.462585 0.360544 0.471655 0.369615 0.469388 0.371882 0.505669 0.369615 0.521542 0.380952 0.544218 0.385488 0.541950 0.380952 0.562358 0.362812 0.566893 0.346939 0.573696 0.337868 0.575964 0.301587 0.571429 0.294785 0.544218 0.281179 0.530612 0.281179 0.505669 0.272109 0.473923 0.274376
0 0.444444 0.544218 0.439909 0.539683 0.430839 0.541950 0.390023 0.578231 0.362812 0.596372 0.337868 0.589569 0.303855 0.587302 0.274376 0.598639 0.229025 0.639456 0.224490 0.653061 0.215420 0.664399 0.201814 0.698413 0.201814 0.718821 0.206349 0.727891 0.226757 0.746032 0.251701 0.748299 0.272109 0.743764 0.290249 0.734694 0.308390 0.739229 0.317460 0.727891 0.335601 0.723356 0.376417 0.684807 0.383220 0.671202 0.387755 0.650794 0.385488 0.612245 0.390023 0.603175 0.435374 0.551020 0.442177 0.551020
0 0.866213 0.353741 0.850340 0.337868 0.789116 0.328798 0.773243 0.328798 0.766440 0.335601 0.752834 0.337868 0.741497 0.346939 0.730159 0.346939 0.700680 0.367347 0.680272 0.399093 0.673469 0.433107 0.662132 0.444444 0.607710 0.464853 0.594104 0.473923 0.580499 0.476190 0.575964 0.480726 0.573696 0.478458 0.589569 0.494331 0.587302 0.489796 0.591837 0.485261 0.634921 0.471655 0.687075 0.467120 0.714286 0.478458 0.725624 0.487528 0.773243 0.487528 0.782313 0.480726 0.798186 0.476190 0.848073 0.442177 0.873016 0.399093 0.875283 0.380952
0 0.478458 0.609977 0.480726 0.673469 0.460317 0.696145 0.460317 0.705215 0.448980 0.721088 0.448980 0.741497 0.455782 0.755102 0.455782 0.811791 0.473923 0.870748 0.480726 0.884354 0.503401 0.907029 0.507937 0.916100 0.519274 0.927438 0.532880 0.929705 0.544218 0.938776 0.571429 0.938776 0.587302 0.922902 0.600907 0.884354 0.598639 0.868481 0.603175 0.857143 0.603175 0.839002 0.589569 0.786848 0.589569 0.759637 0.560091 0.700680 0.548753 0.691610 0.526077 0.684807 0.510204 0.666667 0.498866 0.632653 0.501134 0.616780 0.492063 0.616780
0 0.734694 0.222222 0.714286 0.210884 0.682540 0.217687 0.664399 0.226757 0.603175 0.278912 0.600907 0.294785 0.589569 0.312925 0.591837 0.335601 0.585034 0.351474 0.585034 0.362812 0.591837 0.374150 0.589569 0.385488 0.571429 0.412698 0.530612 0.453515 0.526077 0.464853 0.519274 0.464853 0.521542 0.478458 0.537415 0.471655 0.546485 0.471655 0.546485 0.460317 0.609977 0.403628 0.619048 0.399093 0.637188 0.403628 0.668934 0.399093 0.705215 0.362812 0.718821 0.340136 0.725624 0.335601 0.730159 0.319728 0.755102 0.274376 0.750567 0.267574 0.750567 0.253968 0.743764 0.235828
0 0.539683 0.539683 0.557823 0.546485 0.560091 0.555556 0.571429 0.560091 0.596372 0.582766 0.600907 0.591837 0.600907 0.612245 0.609977 0.614512 0.630385 0.634921 0.643991 0.639456 0.671202 0.666667 0.707483 0.684807 0.727891 0.687075 0.739229 0.693878 0.780045 0.696145 0.798186 0.689342 0.814059 0.666667 0.811791 0.646259 0.798186 0.621315 0.768707 0.591837 0.743764 0.580499 0.716553 0.560091 0.696145 0.555556 0.684807 0.546485 0.666667 0.541950 0.653061 0.548753 0.630385 0.546485 0.623583 0.553288 0.596372 0.553288 0.564626 0.537415
0 0.201814 0.444444 0.201814 0.451247 0.217687 0.476190 0.265306 0.510204 0.303855 0.526077 0.326531 0.526077 0.333333 0.521542 0.360544 0.523810 0.367347 0.519274 0.380952 0.521542 0.403628 0.501134 0.424036 0.498866 0.435374 0.505669 0.444444 0.498866 0.464853 0.492063 0.462585 0.487528 0.446712 0.487528 0.417234 0.476190 0.408163 0.467120 0.405896 0.458050 0.385488 0.437642 0.365079 0.435374 0.337868 0.417234 0.303855 0.414966 0.297052 0.410431 0.278912 0.410431 0.269841 0.405896 0.249433 0.408163 0.217687 0.419501 0.208617 0.428571
0 0.462585 0.371882 0.446712 0.387755 0.448980 0.401361 0.444444 0.405896 0.444444 0.417234 0.437642 0.421769 0.437642 0.439909 0.442177 0.442177 0.444444 0.451247 0.455782 0.464853 0.476190 0.471655 0.480726 0.480726 0.482993 0.476190 0.498866 0.471655 0.510204 0.471655 0.519274 0.476190 0.517007 0.464853 0.537415 0.430839 0.537415 0.417234 0.544218 0.405896 0.541950 0.387755 0.521542 0.383220 0.505669 0.371882
0 0.494331 0.528345 0.482993 0.544218 0.467120 0.546485 0.462585 0.551020 0.464853 0.580499 0.460317 0.582766 0.460317 0.587302 0.476190 0.607710 0.492063 0.614512 0.521542 0.614512 0.532880 0.600907 0.539683 0.582766 0.539683 0.548753 0.526077 0.537415 0.501134 0.539683
0 0.564626 0.560091 0.557823 0.575964 0.560091 0.600907 0.575964 0.614512 0.596372 0.614512 0.598639 0.591837 0.594104 0.582766 0.580499 0.569161
0 0.523810 0.478458 0.523810 0.487528 0.512472 0.496599 0.512472 0.505669 0.532880 0.519274 0.532880 0.528345 0.528345 0.535147 0.530612 0.532880 0.537415 0.539683 0.546485 0.535147 0.562358 0.535147 0.564626 0.530612 0.571429 0.530612 0.587302 0.517007 0.589569 0.498866 0.571429 0.478458 0.551020 0.473923
0 0.476190 0.485261 0.473923 0.492063 0.444444 0.501134 0.435374 0.510204 0.430839 0.521542 0.430839 0.535147 0.453515 0.546485 0.478458 0.544218 0.487528 0.537415 0.494331 0.526077 0.494331 0.517007 0.476190 0.507937
0 0.482993 0.478458 0.478458 0.482993 0.478458 0.507937 0.489796 0.510204 0.496599 0.517007 0.496599 0.530612 0.501134 0.537415 0.526077 0.535147 0.530612 0.528345 0.530612 0.519274 0.510204 0.505669 0.510204 0.496599 0.521542 0.487528 0.521542 0.480726 0.510204 0.473923