0 0.471655 0.328798 0.458050 0.346939 0.462585 0.358277 0.462585 0.374150 0.444444 0.392290 0.442177 0.419501 0.437642 0.428571 0.442177 0.428571 0.448980 0.435374 0.448980 0.405896 0.453515 0.390023 0.464853 0.378685 0.487528 0.376417 0.503401 0.353741 0.489796 0.337868
0 0.485261 0.519274 0.480726 0.528345 0.494331 0.546485 0.494331 0.560091 0.480726 0.578231 0.482993 0.596372 0.498866 0.616780 0.514739 0.623583 0.517007 0.628118 0.551020 0.628118 0.566893 0.612245 0.569161 0.594104 0.557823 0.596372 0.544218 0.585034 0.530612 0.544218 0.503401 0.544218 0.485261 0.526077
0 0.321995 0.587302 0.294785 0.616780 0.283447 0.655329 0.285714 0.678005 0.297052 0.700680 0.310658 0.714286 0.333333 0.723356 0.358277 0.721088 0.374150 0.709751 0.394558 0.684807 0.405896 0.664399 0.408163 0.643991 0.399093 0.632653 0.371882 0.655329 0.356009 0.662132 0.342404 0.662132 0.328798 0.650794 0.319728 0.637188
0 0.727891 0.417234 0.721088 0.403628 0.709751 0.394558 0.668934 0.376417 0.646259 0.374150 0.639456 0.378685 0.612245 0.378685 0.596372 0.383220 0.580499 0.399093 0.571429 0.426304 0.562358 0.435374 0.546485 0.435374 0.541950 0.439909 0.544218 0.455782 0.548753 0.451247 0.564626 0.451247 0.573696 0.455782 0.594104 0.482993 0.591837 0.485261 0.609977 0.496599 0.653061 0.501134 0.648526 0.498866 0.682540 0.489796 0.705215 0.471655 0.725624 0.444444
0 0.154195 0.333333 0.154195 0.358277 0.174603 0.403628 0.183673 0.412698 0.204082 0.419501 0.219955 0.433107 0.247166 0.435374 0.269841 0.430839 0.303855 0.408163 0.321995 0.408163 0.360544 0.424036 0.367347 0.430839 0.367347 0.435374 0.392290 0.426304 0.380952 0.426304 0.356009 0.412698 0.319728 0.383220 0.317460 0.349206 0.310658 0.342404 0.301587 0.319728 0.292517 0.312925 0.272109 0.308390 0.253968 0.299320 0.231293 0.297052 0.217687 0.306122 0.195011 0.306122 0.160998 0.321995
0 0.448980 0.532880 0.453515 0.546485 0.453515 0.571429 0.458050 0.578231 0.462585 0.630385 0.458050 0.646259 0.444444 0.664399 0.435374 0.684807 0.439909 0.734694 0.476190 0.804989 0.487528 0.811791 0.510204 0.834467 0.521542 0.841270 0.535147 0.841270 0.555556 0.825397 0.566893 0.789116 0.564626 0.773243 0.571429 0.746032 0.566893 0.696145 0.557823 0.673469 0.544218 0.659864 0.535147 0.643991 0.526077 0.639456 0.510204 0.639456 0.496599 0.634921 0.480726 0.621315 0.469388 0.596372 0.467120 0.575964 0.462585 0.566893 0.460317 0.539683 0.464853 0.537415
0 0.657596 0.181406 0.648526 0.176871 0.619048 0.174603 0.575964 0.190476 0.548753 0.213152 0.532880 0.235828 0.512472 0.281179 0.517007 0.331066 0.512472 0.344671 0.489796 0.374150 0.489796 0.392290 0.514739 0.383220 0.523810 0.367347 0.546485 0.349206 0.596372 0.349206 0.609977 0.342404 0.643991 0.306122 0.671202 0.253968 0.675737 0.233560 0.675737 0.210884 0.671202 0.197279
0 0.374150 0.501134 0.360544 0.485261 0.358277 0.489796 0.326531 0.498866 0.287982 0.498866 0.260771 0.482993 0.190476 0.489796 0.126984 0.517007 0.088435 0.557823 0.086168 0.569161 0.090703 0.587302 0.104308 0.600907 0.120181 0.607710 0.167800 0.609977 0.190476 0.605442 0.201814 0.598639 0.222222 0.600907 0.235828 0.594104 0.260771 0.571429 0.278912 0.560091 0.283447 0.553288 0.283447 0.537415 0.294785 0.521542 0.324263 0.510204 0.360544 0.501134
0 0.480726 0.487528 0.482993 0.505669 0.489796 0.505669 0.505669 0.517007 0.519274 0.521542 0.535147 0.537415 0.532880 0.546485 0.539683 0.557823 0.539683 0.571429 0.546485 0.585034 0.557823 0.594104 0.573696 0.591837 0.600907 0.612245 0.609977 0.612245 0.643991 0.630385 0.662132 0.634921 0.705215 0.632653 0.723356 0.623583 0.734694 0.609977 0.736961 0.585034 0.714286 0.544218 0.659864 0.505669 0.619048 0.501134 0.591837 0.487528 0.582766 0.487528 0.530612 0.507937 0.487528 0.489796 0.482993 0.485261 0.485261 0.482993
0 0.437642 0.210884 0.414966 0.217687 0.392290 0.244898 0.387755 0.253968 0.392290 0.265306 0.385488 0.274376 0.383220 0.287982 0.385488 0.358277 0.392290 0.378685 0.412698 0.394558 0.424036 0.417234 0.421769 0.428571 0.428571 0.424036 0.437642 0.424036 0.430839 0.417234 0.426304 0.396825 0.433107 0.387755 0.451247 0.385488 0.460317 0.374150 0.460317 0.358277 0.455782 0.346939 0.469388 0.326531 0.469388 0.265306 0.464853 0.256236 0.464853 0.242630 0.458050 0.226757
0 0.408163 0.503401 0.385488 0.514739 0.378685 0.514739 0.371882 0.526077 0.349206 0.544218 0.342404 0.560091 0.324263 0.585034 0.326531 0.587302 0.321995 0.591837 0.321995 0.637188 0.331066 0.650794 0.342404 0.659864 0.356009 0.659864 0.378685 0.648526 0.410431 0.621315 0.417234 0.605442 0.428571 0.594104 0.433107 0.566893 0.442177 0.560091 0.442177 0.548753 0.430839 0.535147 0.435374 0.528345 0.433107 0.521542 0.426304 0.514739 0.414966 0.512472
0 0.530612 0.385488 0.517007 0.383220 0.494331 0.394558 0.489796 0.394558 0.485261 0.387755 0.471655 0.396825 0.471655 0.417234 0.453515 0.437642 0.460317 0.469388 0.473923 0.485261 0.480726 0.485261 0.485261 0.480726 0.512472 0.478458 0.541950 0.455782 0.539683 0.439909 0.551020 0.430839 0.551020 0.417234 0.544218 0.399093
0 0.394558 0.426304 0.367347 0.437642 0.365079 0.435374 0.346939 0.451247 0.349206 0.471655 0.380952 0.507937 0.424036 0.485261 0.424036 0.478458 0.408163 0.455782 0.417234 0.437642
0 0.467120 0.478458 0.444444 0.489796 0.435374 0.505669 0.426304 0.512472 0.437642 0.528345 0.446712 0.532880 0.451247 0.530612 0.458050 0.535147 0.467120 0.535147 0.476190 0.530612 0.482993 0.519274 0.480726 0.492063
0 0.435374 0.426304 0.417234 0.430839 0.419501 0.437642 0.410431 0.451247 0.426304 0.482993 0.437642 0.471655 0.448980 0.471655 0.458050 0.464853 0.451247 0.437642 0.437642 0.430839
0 0.430839 0.480726 0.428571 0.485261 0.403628 0.496599 0.414966 0.510204 0.424036 0.512472 0.442177 0.492063 0.433107 0.487528
0 0.464853 0.478458 0.455782 0.467120 0.448980 0.473923 0.437642 0.473923 0.433107 0.478458 0.433107 0.485261 0.442177 0.489796 0.453515 0.480726