0 0.294785 0.453515 0.299320 0.467120 0.312925 0.482993 0.321995 0.487528 0.342404 0.489796 0.328798 0.482993 0.317460 0.471655 0.306122 0.446712 0.301587 0.446712
0 0.634921 0.553288 0.628118 0.551020 0.630385 0.535147 0.625850 0.523810 0.609977 0.505669 0.585034 0.510204 0.562358 0.521542 0.548753 0.521542 0.535147 0.530612 0.471655 0.523810 0.469388 0.528345 0.537415 0.539683 0.546485 0.548753 0.546485 0.557823 0.566893 0.548753 0.605442 0.546485
0 0.401361 0.553288 0.396825 0.571429 0.408163 0.578231 0.408163 0.587302 0.412698 0.594104 0.426304 0.596372 0.419501 0.591837 0.419501 0.573696 0.437642 0.557823 0.410431 0.557823
0 0.471655 0.607710 0.469388 0.612245 0.458050 0.614512 0.464853 0.630385 0.464853 0.639456 0.444444 0.673469 0.448980 0.705215 0.458050 0.725624 0.476190 0.743764 0.507937 0.759637 0.530612 0.757370 0.539683 0.752834 0.557823 0.732426 0.562358 0.716553 0.560091 0.687075 0.546485 0.659864 0.528345 0.634921 0.507937 0.625850 0.482993 0.625850 0.471655 0.612245
0 0.512472 0.269841 0.496599 0.272109 0.480726 0.285714 0.469388 0.315193 0.460317 0.324263 0.464853 0.351474 0.458050 0.358277 0.464853 0.378685 0.485261 0.401361 0.482993 0.424036 0.471655 0.444444 0.471655 0.453515 0.464853 0.460317 0.467120 0.473923 0.471655 0.478458 0.476190 0.476190 0.473923 0.471655 0.494331 0.435374 0.498866 0.419501 0.537415 0.390023 0.548753 0.331066 0.528345 0.278912
0 0.138322 0.575964 0.145125 0.585034 0.163265 0.594104 0.233560 0.598639 0.265306 0.582766 0.292517 0.553288 0.328798 0.539683 0.342404 0.541950 0.351474 0.537415 0.378685 0.535147 0.394558 0.541950 0.394558 0.535147 0.401361 0.526077 0.383220 0.530612 0.376417 0.526077 0.301587 0.526077 0.287982 0.519274 0.274376 0.505669 0.244898 0.492063 0.224490 0.494331 0.217687 0.489796 0.199546 0.487528 0.165533 0.492063 0.154195 0.496599 0.140590 0.514739 0.145125 0.528345 0.140590 0.537415
0 0.471655 0.535147 0.480726 0.555556 0.487528 0.560091 0.496599 0.557823 0.514739 0.564626 0.535147 0.578231 0.548753 0.603175 0.546485 0.628118 0.551020 0.641723 0.598639 0.680272 0.643991 0.700680 0.666667 0.700680 0.675737 0.705215 0.702948 0.705215 0.712018 0.700680 0.721088 0.689342 0.730159 0.668934 0.723356 0.628118 0.712018 0.605442 0.698413 0.589569 0.666667 0.564626 0.641723 0.553288 0.628118 0.555556 0.621315 0.551020 0.605442 0.548753 0.566893 0.551020 0.546485 0.560091
0 0.349206 0.242630 0.340136 0.260771 0.337868 0.312925 0.346939 0.335601 0.349206 0.358277 0.360544 0.371882 0.399093 0.396825 0.412698 0.435374 0.414966 0.473923 0.424036 0.480726 0.435374 0.467120 0.428571 0.426304 0.430839 0.392290 0.448980 0.371882 0.458050 0.367347 0.455782 0.358277 0.462585 0.351474 0.458050 0.324263 0.467120 0.315193 0.471655 0.303855 0.462585 0.294785 0.462585 0.278912 0.455782 0.260771 0.439909 0.249433 0.394558 0.235828
0 0.399093 0.553288 0.367347 0.580499 0.312925 0.596372 0.278912 0.619048 0.258503 0.639456 0.231293 0.673469 0.226757 0.689342 0.210884 0.709751 0.206349 0.727891 0.217687 0.743764 0.242630 0.748299 0.260771 0.741497 0.278912 0.741497 0.303855 0.727891 0.328798 0.707483 0.337868 0.705215 0.371882 0.666667 0.383220 0.639456 0.383220 0.630385 0.371882 0.603175 0.399093 0.573696 0.394558 0.571429
0 0.662132 0.437642 0.650794 0.424036 0.612245 0.412698 0.575964 0.426304 0.553288 0.430839 0.544218 0.435374 0.539683 0.448980 0.521542 0.462585 0.492063 0.496599 0.478458 0.501134 0.471655 0.519274 0.501134 0.503401 0.514739 0.503401 0.530612 0.517007 0.562358 0.519274 0.585034 0.507937 0.607710 0.505669 0.605442 0.503401 0.621315 0.494331 0.637188 0.471655 0.662132 0.451247
0 0.299320 0.408163 0.297052 0.424036 0.303855 0.444444 0.308390 0.446712 0.319728 0.471655 0.342404 0.487528 0.342404 0.492063 0.349206 0.498866 0.367347 0.494331 0.376417 0.501134 0.380952 0.510204 0.392290 0.512472 0.405896 0.503401 0.412698 0.510204 0.412698 0.517007 0.419501 0.510204 0.428571 0.507937 0.428571 0.503401 0.421769 0.503401 0.414966 0.494331 0.419501 0.480726 0.412698 0.473923 0.412698 0.458050 0.405896 0.444444 0.387755 0.424036 0.371882 0.417234 0.362812 0.408163 0.333333 0.401361 0.326531 0.396825 0.308390 0.399093
0 0.469388 0.535147 0.451247 0.539683 0.446712 0.544218 0.446712 0.553288 0.421769 0.573696 0.421769 0.591837 0.439909 0.605442 0.455782 0.612245 0.464853 0.612245 0.471655 0.605442 0.482993 0.607710 0.492063 0.603175 0.496599 0.594104 0.496599 0.564626 0.478458 0.555556
0 0.444444 0.451247 0.439909 0.455782 0.437642 0.467120 0.426304 0.480726 0.426304 0.496599 0.430839 0.503401 0.430839 0.507937 0.426304 0.510204 0.430839 0.517007 0.446712 0.519274 0.458050 0.528345 0.467120 0.530612 0.469388 0.514739 0.482993 0.489796 0.476190 0.478458 0.471655 0.480726 0.464853 0.473923 0.462585 0.460317 0.455782 0.453515
0 0.401361 0.523810 0.403628 0.526077 0.396825 0.535147 0.399093 0.551020 0.410431 0.555556 0.444444 0.553288 0.446712 0.541950 0.442177 0.541950 0.435374 0.535147 0.433107 0.519274 0.426304 0.512472 0.419501 0.512472
0 0.435374 0.519274 0.435374 0.530612 0.442177 0.539683 0.471655 0.532880 0.458050 0.530612 0.451247 0.523810