0 0.435374 0.351474 0.421769 0.344671 0.405896 0.346939 0.403628 0.356009 0.394558 0.365079 0.392290 0.405896 0.394558 0.387755 0.408163 0.367347 0.421769 0.356009
0 0.333333 0.544218 0.328798 0.553288 0.315193 0.562358 0.306122 0.562358 0.292517 0.548753 0.281179 0.544218 0.263039 0.544218 0.251701 0.548753 0.233560 0.566893 0.224490 0.585034 0.226757 0.614512 0.231293 0.628118 0.251701 0.643991 0.294785 0.641723 0.317460 0.630385 0.333333 0.600907 0.328798 0.589569 0.328798 0.551020
0 0.639456 0.523810 0.619048 0.503401 0.609977 0.503401 0.598639 0.496599 0.566893 0.496599 0.544218 0.503401 0.526077 0.521542 0.526077 0.528345 0.512472 0.539683 0.487528 0.537415 0.476190 0.530612 0.469388 0.535147 0.469388 0.539683 0.476190 0.539683 0.505669 0.553288 0.532880 0.580499 0.544218 0.578231 0.571429 0.582766 0.594104 0.578231 0.623583 0.562358 0.637188 0.546485
0 0.249433 0.283447 0.240363 0.292517 0.233560 0.312925 0.233560 0.344671 0.244898 0.367347 0.249433 0.385488 0.265306 0.403628 0.294785 0.421769 0.333333 0.426304 0.369615 0.462585 0.374150 0.473923 0.378685 0.476190 0.376417 0.480726 0.392290 0.480726 0.394558 0.476190 0.383220 0.464853 0.360544 0.428571 0.353741 0.394558 0.365079 0.378685 0.367347 0.360544 0.362812 0.344671 0.342404 0.319728 0.337868 0.306122 0.290249 0.274376 0.269841 0.274376
0 0.412698 0.548753 0.405896 0.551020 0.405896 0.564626 0.399093 0.573696 0.401361 0.607710 0.394558 0.646259 0.383220 0.666667 0.360544 0.687075 0.346939 0.709751 0.346939 0.750567 0.351474 0.766440 0.351474 0.784580 0.371882 0.823129 0.390023 0.843537 0.424036 0.841270 0.437642 0.829932 0.460317 0.784580 0.458050 0.773243 0.462585 0.766440 0.464853 0.739229 0.444444 0.714286 0.442177 0.698413 0.433107 0.689342 0.428571 0.668934 0.414966 0.641723 0.414966 0.603175 0.410431 0.575964
0 0.668934 0.310658 0.650794 0.297052 0.609977 0.297052 0.571429 0.312925 0.546485 0.335601 0.523810 0.346939 0.503401 0.376417 0.501134 0.392290 0.505669 0.419501 0.501134 0.428571 0.473923 0.455782 0.451247 0.471655 0.437642 0.487528 0.424036 0.492063 0.439909 0.485261 0.467120 0.485261 0.464853 0.482993 0.469388 0.476190 0.517007 0.444444 0.566893 0.439909 0.578231 0.430839 0.594104 0.430839 0.625850 0.403628 0.637188 0.399093 0.657596 0.374150 0.671202 0.344671
0 0.106576 0.471655 0.106576 0.489796 0.113379 0.505669 0.140590 0.530612 0.167800 0.539683 0.179138 0.539683 0.195011 0.548753 0.217687 0.546485 0.226757 0.541950 0.247166 0.546485 0.260771 0.539683 0.269841 0.530612 0.269841 0.526077 0.287982 0.510204 0.337868 0.510204 0.351474 0.514739 0.358277 0.521542 0.371882 0.521542 0.374150 0.517007 0.362812 0.505669 0.362812 0.492063 0.351474 0.496599 0.331066 0.496599 0.324263 0.492063 0.306122 0.489796 0.287982 0.473923 0.272109 0.451247 0.229025 0.433107 0.199546 0.433107 0.185941 0.428571 0.163265 0.430839 0.131519 0.442177
0 0.428571 0.537415 0.414966 0.551020 0.430839 0.566893 0.437642 0.580499 0.437642 0.594104 0.428571 0.612245 0.428571 0.666667 0.435374 0.689342 0.444444 0.698413 0.446712 0.714286 0.464853 0.736961 0.471655 0.734694 0.489796 0.752834 0.498866 0.757370 0.521542 0.759637 0.532880 0.750567 0.541950 0.732426 0.539683 0.671202 0.514739 0.623583 0.514739 0.612245 0.489796 0.591837 0.480726 0.589569 0.469388 0.580499 0.458050 0.578231 0.446712 0.566893 0.439909 0.548753 0.433107 0.541950 0.437642 0.537415
0 0.437642 0.353741 0.421769 0.358277 0.403628 0.376417 0.394558 0.394558 0.392290 0.419501 0.387755 0.426304 0.387755 0.439909 0.396825 0.464853 0.410431 0.473923 0.410431 0.482993 0.405896 0.485261 0.419501 0.494331 0.426304 0.480726 0.437642 0.480726 0.455782 0.462585 0.455782 0.455782 0.467120 0.437642 0.467120 0.414966 0.471655 0.408163 0.467120 0.383220 0.460317 0.369615
0 0.392290 0.519274 0.356009 0.523810 0.331066 0.551020 0.331066 0.589569 0.335601 0.598639 0.346939 0.603175 0.360544 0.603175 0.385488 0.591837 0.396825 0.580499 0.396825 0.573696 0.403628 0.564626 0.403628 0.551020 0.410431 0.548753 0.401361 0.546485 0.394558 0.539683
0 0.421769 0.494331 0.424036 0.532880 0.437642 0.535147 0.437642 0.539683 0.464853 0.539683 0.473923 0.528345 0.480726 0.526077 0.485261 0.517007 0.485261 0.501134 0.469388 0.487528 0.439909 0.487528
0 0.414966 0.492063 0.396825 0.478458 0.392290 0.482993 0.371882 0.482993 0.365079 0.487528 0.365079 0.505669 0.376417 0.517007 0.396825 0.519274 0.396825 0.505669 0.405896 0.496599 0.414966 0.496599
0 0.396825 0.521542 0.396825 0.539683 0.405896 0.546485 0.417234 0.548753 0.426304 0.537415 0.421769 0.532880 0.421769 0.526077
0 0.433107 0.575964 0.430839 0.591837 0.417234 0.603175 0.417234 0.628118 0.426304 0.643991 0.426304 0.612245 0.435374 0.594104
0 0.417234 0.494331 0.414966 0.498866 0.405896 0.498866 0.399093 0.505669 0.399093 0.519274 0.421769 0.523810 0.421769 0.503401