0 0.632653 0.519274 0.625850 0.523810 0.607710 0.526077 0.603175 0.530612 0.587302 0.530612 0.575964 0.537415 0.562358 0.537415 0.575964 0.551020 0.575964 0.569161 0.589569 0.585034 0.596372 0.585034 0.607710 0.591837 0.625850 0.591837 0.641723 0.585034 0.653061 0.573696 0.657596 0.555556 0.653061 0.544218 0.632653 0.523810
0 0.460317 0.278912 0.446712 0.287982 0.439909 0.301587 0.435374 0.328798 0.437642 0.353741 0.453515 0.367347 0.464853 0.367347 0.482993 0.378685 0.489796 0.396825 0.485261 0.439909 0.498866 0.437642 0.496599 0.380952 0.530612 0.349206 0.530612 0.344671 0.519274 0.331066 0.523810 0.297052 0.512472 0.278912 0.487528 0.285714 0.480726 0.281179
0 0.469388 0.562358 0.471655 0.573696 0.464853 0.585034 0.446712 0.596372 0.426304 0.600907 0.426304 0.605442 0.419501 0.605442 0.410431 0.612245 0.403628 0.625850 0.403628 0.634921 0.392290 0.648526 0.394558 0.693878 0.403628 0.712018 0.426304 0.730159 0.448980 0.727891 0.467120 0.718821 0.494331 0.691610 0.512472 0.650794 0.503401 0.616780 0.485261 0.607710 0.478458 0.598639 0.480726 0.575964
0 0.789116 0.342404 0.784580 0.337868 0.757370 0.331066 0.748299 0.335601 0.736961 0.333333 0.682540 0.356009 0.675737 0.362812 0.632653 0.385488 0.625850 0.394558 0.621315 0.421769 0.585034 0.451247 0.609977 0.453515 0.639456 0.437642 0.648526 0.437642 0.684807 0.453515 0.702948 0.455782 0.752834 0.435374 0.768707 0.419501 0.784580 0.392290 0.793651 0.383220 0.795918 0.360544
0 0.154195 0.428571 0.158730 0.469388 0.165533 0.482993 0.176871 0.494331 0.208617 0.510204 0.244898 0.514739 0.253968 0.519274 0.287982 0.521542 0.294785 0.517007 0.312925 0.514739 0.321995 0.510204 0.353741 0.476190 0.362812 0.471655 0.403628 0.473923 0.414966 0.480726 0.430839 0.482993 0.435374 0.487528 0.453515 0.476190 0.444444 0.476190 0.439909 0.471655 0.403628 0.458050 0.378685 0.453515 0.358277 0.444444 0.321995 0.414966 0.292517 0.405896 0.278912 0.405896 0.272109 0.401361 0.256236 0.403628 0.219955 0.399093 0.190476 0.403628 0.170068 0.410431
0 0.526077 0.526077 0.532880 0.537415 0.530612 0.557823 0.532880 0.555556 0.562358 0.594104 0.578231 0.628118 0.573696 0.682540 0.578231 0.691610 0.596372 0.709751 0.607710 0.732426 0.646259 0.768707 0.678005 0.789116 0.712018 0.800454 0.727891 0.800454 0.741497 0.791383 0.755102 0.770975 0.752834 0.736961 0.746032 0.712018 0.718821 0.664399 0.687075 0.634921 0.675737 0.630385 0.662132 0.612245 0.605442 0.596372 0.600907 0.589569 0.578231 0.580499 0.541950 0.537415
0 0.614512 0.185941 0.585034 0.188209 0.551020 0.217687 0.539683 0.253968 0.517007 0.281179 0.514739 0.278912 0.526077 0.297052 0.521542 0.331066 0.532880 0.344671 0.535147 0.342404 0.546485 0.353741 0.551020 0.367347 0.548753 0.390023 0.532880 0.410431 0.521542 0.433107 0.530612 0.437642 0.532880 0.448980 0.551020 0.414966 0.573696 0.385488 0.585034 0.385488 0.603175 0.378685 0.625850 0.362812 0.632653 0.342404 0.648526 0.315193 0.650794 0.283447 0.657596 0.263039 0.657596 0.244898 0.643991 0.210884 0.628118 0.192744
0 0.462585 0.521542 0.444444 0.510204 0.439909 0.519274 0.417234 0.530612 0.383220 0.530612 0.360544 0.546485 0.342404 0.566893 0.321995 0.582766 0.294785 0.623583 0.292517 0.646259 0.287982 0.655329 0.287982 0.668934 0.292517 0.678005 0.301587 0.684807 0.326531 0.687075 0.362812 0.671202 0.399093 0.639456 0.405896 0.614512 0.419501 0.603175 0.426304 0.603175 0.424036 0.594104 0.439909 0.575964 0.433107 0.548753 0.448980 0.528345
0 0.358277 0.353741 0.358277 0.399093 0.374150 0.426304 0.387755 0.437642 0.390023 0.444444 0.412698 0.458050 0.435374 0.464853 0.444444 0.464853 0.451247 0.458050 0.458050 0.458050 0.458050 0.467120 0.482993 0.467120 0.480726 0.453515 0.476190 0.455782 0.469388 0.448980 0.471655 0.424036 0.462585 0.412698 0.462585 0.392290 0.433107 0.358277 0.401361 0.342404 0.374150 0.342404
0 0.523810 0.485261 0.523810 0.492063 0.535147 0.501134 0.526077 0.512472 0.530612 0.512472 0.539683 0.526077 0.557823 0.535147 0.575964 0.535147 0.587302 0.528345 0.603175 0.528345 0.607710 0.523810 0.625850 0.521542 0.639456 0.512472 0.648526 0.498866 0.648526 0.487528 0.643991 0.478458 0.609977 0.455782 0.566893 0.453515 0.557823 0.458050 0.544218 0.453515 0.539683 0.458050 0.539683 0.471655
0 0.480726 0.512472 0.471655 0.519274 0.469388 0.560091 0.485261 0.580499 0.494331 0.585034 0.507937 0.585034 0.519274 0.575964 0.528345 0.560091 0.530612 0.537415 0.521542 0.519274 0.507937 0.519274 0.498866 0.510204
0 0.476190 0.467120 0.458050 0.469388 0.455782 0.476190 0.437642 0.489796 0.442177 0.507937 0.446712 0.507937 0.451247 0.514739 0.460317 0.519274 0.469388 0.519274 0.476190 0.512472 0.492063 0.507937 0.492063 0.498866 0.487528 0.498866 0.473923 0.485261 0.471655 0.471655
0 0.482993 0.442177 0.480726 0.451247 0.485261 0.464853 0.503401 0.469388 0.519274 0.482993 0.535147 0.469388 0.528345 0.437642 0.507937 0.430839 0.498866 0.439909
0 0.476190 0.469388 0.476190 0.485261 0.494331 0.498866 0.494331 0.507937 0.498866 0.507937 0.507937 0.517007 0.519274 0.519274 0.532880 0.501134 0.521542 0.492063 0.521542 0.485261 0.498866 0.469388