0 0.448980 0.643991 0.433107 0.668934 0.435374 0.693878 0.458050 0.714286 0.471655 0.721088 0.489796 0.723356 0.492063 0.718821 0.482993 0.716553 0.471655 0.702948 0.467120 0.680272
0 0.408163 0.385488 0.383220 0.417234 0.383220 0.428571 0.390023 0.435374 0.394558 0.448980 0.408163 0.453515 0.419501 0.462585 0.424036 0.478458 0.437642 0.498866 0.435374 0.501134 0.453515 0.510204 0.444444 0.505669 0.444444 0.498866 0.439909 0.496599 0.428571 0.467120 0.428571 0.455782 0.439909 0.444444 0.439909 0.437642 0.446712 0.428571 0.442177 0.399093 0.428571 0.385488
0 0.503401 0.562358 0.539683 0.582766 0.548753 0.591837 0.553288 0.600907 0.555556 0.634921 0.564626 0.643991 0.591837 0.657596 0.643991 0.657596 0.659864 0.646259 0.666667 0.632653 0.646259 0.612245 0.616780 0.614512 0.596372 0.596372 0.589569 0.582766 0.566893 0.573696 0.544218 0.575964 0.514739 0.557823
0 0.219955 0.505669 0.219955 0.526077 0.229025 0.535147 0.276644 0.553288 0.285714 0.553288 0.292517 0.548753 0.312925 0.546485 0.328798 0.539683 0.312925 0.523810 0.310658 0.510204 0.317460 0.496599 0.335601 0.480726 0.326531 0.478458 0.312925 0.467120 0.285714 0.458050 0.272109 0.458050 0.249433 0.467120
0 0.655329 0.299320 0.641723 0.297052 0.582766 0.331066 0.573696 0.344671 0.548753 0.365079 0.541950 0.390023 0.532880 0.399093 0.532880 0.421769 0.544218 0.435374 0.548753 0.451247 0.535147 0.467120 0.521542 0.473923 0.519274 0.487528 0.539683 0.469388 0.553288 0.462585 0.598639 0.453515 0.614512 0.444444 0.657596 0.401361 0.668934 0.380952 0.671202 0.365079 0.678005 0.353741 0.678005 0.337868 0.668934 0.312925
0 0.419501 0.585034 0.414966 0.587302 0.412698 0.600907 0.392290 0.634921 0.390023 0.648526 0.376417 0.666667 0.374150 0.675737 0.360544 0.682540 0.340136 0.682540 0.328798 0.693878 0.321995 0.693878 0.303855 0.712018 0.299320 0.712018 0.299320 0.718821 0.283447 0.741497 0.283447 0.773243 0.278912 0.784580 0.281179 0.823129 0.301587 0.861678 0.312925 0.873016 0.326531 0.879819 0.340136 0.882086 0.356009 0.877551 0.376417 0.861678 0.405896 0.832200 0.426304 0.789116 0.424036 0.739229 0.396825 0.687075 0.401361 0.653061 0.412698 0.630385 0.424036 0.591837 0.430839 0.591837
0 0.201814 0.297052 0.197279 0.319728 0.199546 0.342404 0.224490 0.378685 0.226757 0.392290 0.235828 0.405896 0.267574 0.421769 0.285714 0.435374 0.340136 0.428571 0.367347 0.446712 0.394558 0.473923 0.394558 0.480726 0.417234 0.485261 0.410431 0.478458 0.410431 0.473923 0.387755 0.451247 0.385488 0.442177 0.371882 0.421769 0.367347 0.394558 0.371882 0.376417 0.340136 0.310658 0.331066 0.301587 0.276644 0.267574 0.265306 0.267574 0.256236 0.272109 0.242630 0.269841 0.217687 0.292517
0 0.809524 0.578231 0.809524 0.551020 0.784580 0.521542 0.752834 0.505669 0.714286 0.501134 0.673469 0.501134 0.657596 0.503401 0.650794 0.507937 0.623583 0.507937 0.614512 0.512472 0.598639 0.532880 0.580499 0.541950 0.532880 0.544218 0.528345 0.539683 0.526077 0.546485 0.514739 0.555556 0.517007 0.553288 0.535147 0.560091 0.564626 0.564626 0.566893 0.569161 0.562358 0.571429 0.589569 0.580499 0.598639 0.596372 0.609977 0.603175 0.616780 0.612245 0.646259 0.609977 0.668934 0.630385 0.680272 0.621315 0.689342 0.625850 0.741497 0.625850 0.761905 0.619048 0.798186 0.594104
0 0.417234 0.553288 0.412698 0.553288 0.405896 0.562358 0.392290 0.562358 0.385488 0.571429 0.353741 0.587302 0.331066 0.589569 0.317460 0.585034 0.306122 0.589569 0.278912 0.589569 0.240363 0.607710 0.204082 0.632653 0.183673 0.653061 0.181406 0.662132 0.167800 0.682540 0.163265 0.700680 0.165533 0.721088 0.174603 0.730159 0.197279 0.741497 0.210884 0.743764 0.235828 0.734694 0.251701 0.734694 0.294785 0.709751 0.308390 0.696145 0.324263 0.687075 0.351474 0.659864 0.358277 0.646259 0.360544 0.616780 0.367347 0.605442 0.390023 0.587302 0.403628 0.571429 0.405896 0.573696 0.405896 0.564626
0 0.514739 0.365079 0.485261 0.369615 0.469388 0.385488 0.467120 0.401361 0.442177 0.437642 0.442177 0.469388 0.453515 0.476190 0.451247 0.492063 0.442177 0.496599 0.453515 0.507937 0.451247 0.510204 0.455782 0.510204 0.473923 0.496599 0.514739 0.489796 0.519274 0.473923 0.535147 0.464853 0.546485 0.451247 0.541950 0.435374 0.530612 0.421769 0.532880 0.392290 0.528345 0.387755 0.523810 0.371882
0 0.462585 0.571429 0.464853 0.589569 0.458050 0.596372 0.448980 0.641723 0.464853 0.668934 0.473923 0.702948 0.482993 0.714286 0.489796 0.714286 0.494331 0.721088 0.501134 0.721088 0.512472 0.727891 0.541950 0.730159 0.560091 0.716553 0.566893 0.698413 0.564626 0.671202 0.553288 0.641723 0.541950 0.623583 0.510204 0.591837 0.498866 0.585034 0.480726 0.580499 0.471655 0.569161
0 0.312925 0.510204 0.315193 0.523810 0.335601 0.544218 0.376417 0.557823 0.405896 0.560091 0.412698 0.551020 0.421769 0.551020 0.428571 0.546485 0.428571 0.535147 0.426304 0.537415 0.417234 0.528345 0.414966 0.512472 0.424036 0.505669 0.437642 0.505669 0.421769 0.489796 0.405896 0.482993 0.387755 0.482993 0.360544 0.476190 0.337868 0.480726 0.319728 0.496599
0 0.405896 0.578231 0.410431 0.582766 0.419501 0.582766 0.426304 0.587302 0.451247 0.585034 0.467120 0.566893 0.442177 0.551020 0.424036 0.551020 0.408163 0.564626
0 0.462585 0.505669 0.455782 0.512472 0.458050 0.519274 0.464853 0.526077 0.473923 0.526077 0.487528 0.541950 0.487528 0.548753 0.478458 0.557823 0.480726 0.562358 0.482993 0.560091 0.489796 0.564626 0.501134 0.564626 0.505669 0.557823 0.510204 0.557823 0.523810 0.546485 0.526077 0.537415 0.521542 0.523810 0.512472 0.514739 0.489796 0.503401
0 0.417234 0.512472 0.417234 0.523810 0.426304 0.535147 0.437642 0.523810 0.446712 0.523810 0.451247 0.528345 0.467120 0.528345 0.455782 0.519274 0.453515 0.512472 0.439909 0.505669 0.424036 0.507937
0 0.473923 0.528345 0.471655 0.539683 0.453515 0.551020 0.453515 0.555556 0.469388 0.566893 0.478458 0.560091 0.476190 0.557823 0.485261 0.548753 0.482993 0.537415
0 0.428571 0.548753 0.442177 0.548753 0.451247 0.553288 0.469388 0.539683 0.471655 0.530612 0.451247 0.530612 0.446712 0.526077 0.437642 0.526077 0.428571 0.532880