0 0.369615 0.349206 0.358277 0.365079 0.358277 0.387755 0.362812 0.403628 0.385488 0.426304 0.426304 0.426304 0.426304 0.414966 0.387755 0.369615 0.380952 0.353741
0 0.625850 0.501134 0.637188 0.519274 0.643991 0.555556 0.628118 0.578231 0.614512 0.582766 0.587302 0.582766 0.594104 0.589569 0.628118 0.591837 0.646259 0.580499 0.650794 0.573696 0.653061 0.546485 0.643991 0.532880 0.641723 0.521542 0.632653 0.514739
0 0.464853 0.260771 0.451247 0.269841 0.444444 0.285714 0.439909 0.340136 0.451247 0.358277 0.473923 0.367347 0.482993 0.376417 0.482993 0.385488 0.494331 0.390023 0.494331 0.356009 0.489796 0.346939 0.489796 0.328798 0.503401 0.319728 0.510204 0.292517 0.517007 0.285714 0.523810 0.269841 0.521542 0.272109 0.512472 0.263039 0.478458 0.265306
0 0.460317 0.578231 0.437642 0.578231 0.442177 0.582766 0.439909 0.587302 0.410431 0.587302 0.392290 0.594104 0.367347 0.632653 0.367347 0.641723 0.360544 0.650794 0.360544 0.684807 0.365079 0.689342 0.369615 0.705215 0.394558 0.721088 0.403628 0.700680 0.403628 0.657596 0.433107 0.607710 0.451247 0.591837 0.453515 0.580499
0 0.789116 0.324263 0.768707 0.312925 0.732426 0.315193 0.707483 0.326531 0.689342 0.342404 0.668934 0.349206 0.628118 0.371882 0.621315 0.385488 0.621315 0.412698 0.587302 0.446712 0.582766 0.444444 0.578231 0.467120 0.646259 0.426304 0.659864 0.430839 0.664399 0.439909 0.671202 0.430839 0.687075 0.424036 0.748299 0.414966 0.770975 0.394558 0.786848 0.365079 0.791383 0.351474
0 0.086168 0.380952 0.086168 0.403628 0.092971 0.414966 0.092971 0.426304 0.117914 0.453515 0.174603 0.480726 0.188209 0.482993 0.206349 0.492063 0.231293 0.494331 0.238095 0.498866 0.247166 0.496599 0.242630 0.487528 0.242630 0.464853 0.251701 0.453515 0.265306 0.446712 0.285714 0.424036 0.321995 0.405896 0.310658 0.405896 0.276644 0.376417 0.251701 0.367347 0.238095 0.358277 0.208617 0.356009 0.183673 0.349206 0.115646 0.351474 0.106576 0.356009
0 0.535147 0.569161 0.546485 0.575964 0.548753 0.585034 0.585034 0.639456 0.589569 0.657596 0.585034 0.687075 0.589569 0.696145 0.591837 0.721088 0.600907 0.739229 0.621315 0.757370 0.623583 0.764172 0.643991 0.784580 0.673469 0.800454 0.689342 0.816327 0.721088 0.825397 0.743764 0.825397 0.752834 0.820862 0.777778 0.793651 0.775510 0.786848 0.795918 0.755102 0.793651 0.712018 0.766440 0.673469 0.755102 0.662132 0.725624 0.646259 0.689342 0.614512 0.616780 0.609977 0.596372 0.600907 0.585034 0.587302 0.569161 0.585034 0.560091 0.578231 0.553288 0.578231
0 0.766440 0.083900 0.739229 0.077098 0.702948 0.083900 0.675737 0.099773 0.632653 0.140590 0.619048 0.160998 0.612245 0.185941 0.598639 0.204082 0.596372 0.213152 0.589569 0.219955 0.587302 0.215420 0.587302 0.219955 0.609977 0.240363 0.614512 0.251701 0.628118 0.265306 0.628118 0.292517 0.619048 0.301587 0.614512 0.333333 0.643991 0.321995 0.673469 0.324263 0.702948 0.312925 0.757370 0.249433 0.791383 0.174603 0.791383 0.140590 0.786848 0.113379 0.777778 0.095238
0 0.414966 0.523810 0.408163 0.535147 0.394558 0.535147 0.374150 0.548753 0.333333 0.562358 0.306122 0.562358 0.292517 0.555556 0.263039 0.553288 0.249433 0.564626 0.219955 0.578231 0.206349 0.591837 0.183673 0.598639 0.120181 0.666667 0.117914 0.678005 0.106576 0.693878 0.106576 0.707483 0.099773 0.718821 0.104308 0.725624 0.106576 0.746032 0.145125 0.766440 0.149660 0.761905 0.195011 0.759637 0.215420 0.755102 0.238095 0.746032 0.244898 0.739229 0.258503 0.741497 0.272109 0.732426 0.299320 0.705215 0.315193 0.698413 0.349206 0.659864 0.353741 0.650794 0.351474 0.625850 0.358277 0.598639 0.385488 0.569161 0.401361 0.562358 0.410431 0.553288 0.408163 0.537415
0 0.192744 0.204082 0.192744 0.215420 0.206349 0.247166 0.231293 0.267574 0.253968 0.299320 0.265306 0.303855 0.287982 0.328798 0.299320 0.331066 0.326531 0.346939 0.374150 0.346939 0.383220 0.353741 0.390023 0.369615 0.408163 0.387755 0.414966 0.401361 0.426304 0.412698 0.430839 0.410431 0.433107 0.394558 0.442177 0.387755 0.446712 0.378685 0.444444 0.380952 0.435374 0.374150 0.410431 0.337868 0.403628 0.321995 0.403628 0.272109 0.390023 0.242630 0.351474 0.197279 0.303855 0.170068 0.269841 0.170068 0.224490 0.181406 0.204082 0.192744
0 0.877551 0.458050 0.868481 0.446712 0.845805 0.430839 0.829932 0.428571 0.818594 0.421769 0.780045 0.419501 0.752834 0.412698 0.748299 0.417234 0.732426 0.421769 0.702948 0.421769 0.671202 0.433107 0.664399 0.442177 0.650794 0.446712 0.634921 0.462585 0.612245 0.469388 0.596372 0.469388 0.569161 0.485261 0.566893 0.478458 0.564626 0.487528 0.569161 0.494331 0.580499 0.482993 0.603175 0.485261 0.619048 0.501134 0.623583 0.496599 0.641723 0.501134 0.671202 0.523810 0.682540 0.528345 0.696145 0.528345 0.712018 0.539683 0.746032 0.537415 0.766440 0.541950 0.800454 0.530612 0.818594 0.528345 0.843537 0.517007 0.875283 0.492063 0.879819 0.482993
0 0.492063 0.564626 0.478458 0.573696 0.455782 0.580499 0.453515 0.591837 0.435374 0.607710 0.405896 0.657596 0.405896 0.700680 0.396825 0.716553 0.399093 0.764172 0.414966 0.798186 0.433107 0.811791 0.455782 0.809524 0.498866 0.766440 0.512472 0.725624 0.512472 0.707483 0.519274 0.691610 0.519274 0.680272 0.523810 0.675737 0.523810 0.666667 0.517007 0.648526 0.519274 0.632653 0.512472 0.616780 0.496599 0.603175 0.492063 0.594104
0 0.244898 0.464853 0.247166 0.494331 0.267574 0.512472 0.294785 0.523810 0.344671 0.528345 0.358277 0.526077 0.369615 0.519274 0.403628 0.519274 0.421769 0.510204 0.442177 0.492063 0.442177 0.487528 0.430839 0.478458 0.428571 0.462585 0.433107 0.455782 0.421769 0.455782 0.408163 0.439909 0.394558 0.430839 0.396825 0.428571 0.380952 0.426304 0.362812 0.405896 0.358277 0.410431 0.324263 0.405896 0.317460 0.412698 0.310658 0.412698 0.308390 0.417234 0.285714 0.426304 0.265306 0.448980 0.253968 0.453515
0 0.585034 0.219955 0.573696 0.219955 0.544218 0.240363 0.519274 0.285714 0.512472 0.292517 0.505669 0.319728 0.492063 0.328798 0.492063 0.346939 0.496599 0.356009 0.496599 0.387755 0.505669 0.396825 0.503401 0.410431 0.507937 0.417234 0.503401 0.444444 0.532880 0.426304 0.548753 0.426304 0.546485 0.424036 0.571429 0.396825 0.578231 0.383220 0.589569 0.376417 0.605442 0.358277 0.605442 0.346939 0.614512 0.335601 0.612245 0.333333 0.616780 0.301587 0.625850 0.292517 0.625850 0.265306 0.612245 0.251701 0.607710 0.240363
0 0.532880 0.505669 0.530612 0.528345 0.517007 0.539683 0.537415 0.569161 0.560091 0.575964 0.569161 0.582766 0.585034 0.585034 0.587302 0.580499 0.623583 0.578231 0.637188 0.564626 0.641723 0.555556 0.641723 0.544218 0.634921 0.519274 0.625850 0.505669 0.619048 0.503401 0.607710 0.489796 0.580499 0.485261 0.569161 0.496599 0.564626 0.489796 0.557823 0.489796 0.541950 0.496599
0 0.455782 0.374150 0.435374 0.394558 0.426304 0.428571 0.435374 0.455782 0.442177 0.448980 0.458050 0.448980 0.478458 0.460317 0.489796 0.451247 0.505669 0.446712 0.501134 0.444444 0.505669 0.417234 0.492063 0.390023 0.482993 0.387755 0.473923 0.376417
0 0.444444 0.487528 0.444444 0.492063 0.428571 0.505669 0.428571 0.510204 0.414966 0.519274 0.417234 0.523810 0.410431 0.537415 0.410431 0.551020 0.417234 0.566893 0.435374 0.578231 0.464853 0.575964 0.487528 0.566893 0.494331 0.560091 0.498866 0.541950 0.505669 0.535147 0.492063 0.530612 0.482993 0.521542 0.482993 0.503401 0.453515 0.498866
0 0.571429 0.433107 0.553288 0.428571 0.532880 0.428571 0.507937 0.444444 0.517007 0.453515 0.519274 0.471655 0.535147 0.473923 0.541950 0.480726 0.541950 0.492063 0.537415 0.496599 0.562358 0.487528 0.562358 0.480726 0.575964 0.471655 0.580499 0.442177
0 0.437642 0.453515 0.430839 0.462585 0.433107 0.478458 0.444444 0.485261 0.453515 0.496599 0.471655 0.498866 0.455782 0.485261 0.455782 0.473923 0.469388 0.467120 0.471655 0.460317 0.458050 0.451247
0 0.530612 0.505669 0.521542 0.505669 0.512472 0.517007 0.498866 0.517007 0.496599 0.512472 0.485261 0.507937 0.485261 0.521542 0.492063 0.528345 0.514739 0.537415 0.528345 0.528345
0 0.514739 0.453515 0.507937 0.446712 0.503401 0.451247 0.489796 0.453515 0.476190 0.464853 0.473923 0.458050 0.473923 0.467120 0.482993 0.476190 0.487528 0.476190 0.492063 0.467120 0.501134 0.467120 0.517007 0.476190
0 0.458050 0.473923 0.458050 0.485261 0.471655 0.494331 0.473923 0.501134 0.482993 0.501134 0.498866 0.514739 0.512472 0.514739 0.521542 0.503401 0.532880 0.503401 0.539683 0.492063 0.539683 0.480726 0.528345 0.473923 0.519274 0.473923 0.517007 0.478458 0.512472 0.478458 0.501134 0.469388 0.492063 0.469388 0.492063 0.473923 0.482993 0.478458 0.471655 0.467120