0 0.458050 0.494331 0.453515 0.498866 0.442177 0.496599 0.392290 0.507937 0.374150 0.507937 0.337868 0.478458 0.285714 0.480726 0.276644 0.487528 0.235828 0.496599 0.204082 0.517007 0.170068 0.560091 0.167800 0.575964 0.176871 0.598639 0.201814 0.612245 0.267574 0.619048 0.301587 0.607710 0.321995 0.607710 0.337868 0.600907 0.362812 0.573696 0.371882 0.546485 0.390023 0.526077 0.428571 0.512472 0.442177 0.514739 0.453515 0.505669
0 0.473923 0.185941 0.460317 0.192744 0.437642 0.219955 0.437642 0.233560 0.428571 0.253968 0.428571 0.294785 0.433107 0.317460 0.446712 0.340136 0.460317 0.351474 0.492063 0.362812 0.501134 0.371882 0.510204 0.408163 0.519274 0.403628 0.517007 0.353741 0.541950 0.326531 0.551020 0.308390 0.548753 0.256236 0.544218 0.235828 0.532880 0.210884 0.512472 0.190476 0.498866 0.185941
0 0.569161 0.507937 0.578231 0.523810 0.587302 0.521542 0.639456 0.541950 0.648526 0.555556 0.650794 0.573696 0.657596 0.587302 0.668934 0.600907 0.687075 0.609977 0.712018 0.612245 0.739229 0.621315 0.775510 0.619048 0.807256 0.607710 0.823129 0.594104 0.829932 0.582766 0.832200 0.564626 0.825397 0.541950 0.818594 0.532880 0.766440 0.498866 0.702948 0.494331 0.648526 0.526077 0.621315 0.523810
0 0.367347 0.437642 0.374150 0.460317 0.385488 0.478458 0.394558 0.485261 0.408163 0.485261 0.419501 0.478458 0.437642 0.478458 0.460317 0.489796 0.471655 0.485261 0.448980 0.478458 0.435374 0.464853 0.439909 0.455782 0.439909 0.439909 0.396825 0.444444 0.378685 0.437642
0 0.739229 0.258503 0.723356 0.249433 0.675737 0.256236 0.666667 0.260771 0.623583 0.299320 0.600907 0.340136 0.600907 0.394558 0.585034 0.417234 0.573696 0.426304 0.564626 0.442177 0.628118 0.412698 0.637188 0.412698 0.648526 0.421769 0.666667 0.412698 0.693878 0.405896 0.712018 0.394558 0.741497 0.367347 0.746032 0.356009 0.757370 0.346939 0.766440 0.328798 0.768707 0.310658 0.761905 0.292517 0.750567 0.281179
0 0.528345 0.537415 0.539683 0.560091 0.553288 0.619048 0.551020 0.630385 0.526077 0.655329 0.526077 0.675737 0.530612 0.700680 0.535147 0.705215 0.532880 0.718821 0.537415 0.725624 0.537415 0.734694 0.573696 0.802721 0.603175 0.829932 0.630385 0.834467 0.646259 0.827664 0.653061 0.820862 0.657596 0.807256 0.662132 0.736961 0.653061 0.689342 0.637188 0.664399 0.637188 0.655329 0.630385 0.641723 0.609977 0.623583 0.594104 0.621315 0.575964 0.607710 0.551020 0.546485 0.557823 0.539683
0 0.267574 0.310658 0.267574 0.331066 0.283447 0.367347 0.333333 0.414966 0.358277 0.426304 0.367347 0.435374 0.378685 0.435374 0.396825 0.442177 0.446712 0.435374 0.460317 0.442177 0.482993 0.467120 0.489796 0.467120 0.494331 0.446712 0.485261 0.446712 0.455782 0.414966 0.451247 0.401361 0.458050 0.383220 0.458050 0.376417 0.451247 0.365079 0.453515 0.362812 0.430839 0.340136 0.424036 0.328798 0.390023 0.312925 0.380952 0.312925 0.351474 0.297052 0.319728 0.290249 0.287982 0.292517
0 0.473923 0.485261 0.458050 0.496599 0.455782 0.505669 0.446712 0.514739 0.433107 0.517007 0.426304 0.528345 0.410431 0.539683 0.396825 0.562358 0.392290 0.598639 0.396825 0.607710 0.410431 0.619048 0.430839 0.623583 0.448980 0.619048 0.471655 0.607710 0.489796 0.587302 0.496599 0.573696 0.505669 0.566893 0.505669 0.557823 0.512472 0.551020 0.514739 0.535147 0.512472 0.514739 0.487528 0.505669 0.476190 0.494331
0 0.528345 0.399093 0.505669 0.410431 0.494331 0.424036 0.492063 0.444444 0.496599 0.446712 0.496599 0.455782 0.492063 0.464853 0.507937 0.480726 0.539683 0.487528 0.546485 0.473923 0.553288 0.469388 0.557823 0.444444 0.564626 0.439909 0.553288 0.405896 0.546485 0.399093
0 0.507937 0.510204 0.517007 0.507937 0.528345 0.519274 0.528345 0.535147 0.551020 0.535147 0.560091 0.539683 0.575964 0.530612 0.575964 0.519274 0.566893 0.512472 0.566893 0.507937 0.560091 0.507937 0.551020 0.494331 0.541950 0.494331 0.535147 0.487528 0.521542 0.487528 0.517007 0.492063 0.514739 0.503401
0 0.598639 0.362812 0.589569 0.365079 0.571429 0.385488 0.571429 0.424036 0.582766 0.417234 0.598639 0.394558
0 0.480726 0.469388 0.476190 0.482993 0.478458 0.494331 0.492063 0.505669 0.507937 0.507937 0.514739 0.498866 0.514739 0.492063 0.523810 0.485261 0.507937 0.482993 0.492063 0.467120