0 0.648526 0.083900 0.621315 0.083900 0.575964 0.120181 0.553288 0.142857 0.541950 0.167800 0.523810 0.185941 0.512472 0.208617 0.505669 0.244898 0.503401 0.287982 0.514739 0.301587 0.514739 0.317460 0.526077 0.333333 0.530612 0.331066 0.541950 0.344671 0.541950 0.369615 0.521542 0.410431 0.517007 0.412698 0.514739 0.408163 0.514739 0.419501 0.505669 0.444444 0.485261 0.460317 0.498866 0.460317 0.510204 0.451247 0.523810 0.428571 0.546485 0.405896 0.551020 0.394558 0.571429 0.369615 0.596372 0.353741 0.612245 0.351474 0.648526 0.324263 0.666667 0.292517 0.684807 0.247166 0.684807 0.231293 0.689342 0.226757 0.691610 0.167800 0.687075 0.160998 0.687075 0.147392 0.680272 0.138322 0.680272 0.124717 0.666667 0.097506
0 0.555556 0.480726 0.560091 0.494331 0.571429 0.498866 0.575964 0.503401 0.575964 0.510204 0.562358 0.530612 0.546485 0.544218 0.546485 0.551020 0.551020 0.548753 0.564626 0.557823 0.580499 0.557823 0.609977 0.532880 0.609977 0.510204 0.596372 0.492063 0.585034 0.489796 0.580499 0.485261 0.562358 0.485261
0 0.380952 0.337868 0.378685 0.340136 0.385488 0.358277 0.385488 0.374150 0.401361 0.396825 0.412698 0.405896 0.410431 0.408163 0.417234 0.392290 0.417234 0.340136 0.412698 0.344671 0.408163 0.340136
0 0.376417 0.678005 0.358277 0.687075 0.324263 0.687075 0.319728 0.682540 0.312925 0.682540 0.312925 0.721088 0.319728 0.716553 0.342404 0.716553 0.346939 0.712018 0.353741 0.712018 0.367347 0.696145
0 0.079365 0.303855 0.074830 0.331066 0.081633 0.376417 0.079365 0.392290 0.092971 0.380952 0.138322 0.376417 0.181406 0.378685 0.183673 0.383220 0.204082 0.383220 0.224490 0.392290 0.238095 0.392290 0.242630 0.396825 0.256236 0.399093 0.281179 0.410431 0.301587 0.430839 0.315193 0.455782 0.324263 0.455782 0.349206 0.469388 0.346939 0.471655 0.353741 0.451247 0.349206 0.464853 0.346939 0.451247 0.342404 0.453515 0.317460 0.435374 0.299320 0.428571 0.285714 0.410431 0.285714 0.365079 0.281179 0.360544 0.263039 0.358277 0.247166 0.342404 0.229025 0.340136 0.222222 0.333333 0.222222 0.326531 0.199546 0.306122 0.195011 0.287982 0.185941 0.281179 0.115646 0.278912 0.092971 0.290249
0 0.464853 0.607710 0.473923 0.653061 0.473923 0.696145 0.460317 0.716553 0.437642 0.732426 0.433107 0.741497 0.426304 0.746032 0.426304 0.761905 0.430839 0.768707 0.430839 0.807256 0.435374 0.811791 0.435374 0.825397 0.446712 0.836735 0.460317 0.875283 0.480726 0.902494 0.501134 0.918367 0.514739 0.918367 0.526077 0.913832 0.546485 0.893424 0.553288 0.875283 0.560091 0.868481 0.562358 0.800454 0.566893 0.793651 0.569161 0.750567 0.564626 0.732426 0.566893 0.725624 0.544218 0.712018 0.523810 0.705215 0.503401 0.682540 0.498866 0.664399 0.487528 0.643991 0.487528 0.632653 0.482993 0.630385 0.482993 0.614512 0.473923 0.607710
0 0.387755 0.541950 0.378685 0.535147 0.367347 0.546485 0.358277 0.546485 0.353741 0.541950 0.315193 0.564626 0.297052 0.569161 0.292517 0.575964 0.285714 0.575964 0.260771 0.596372 0.222222 0.614512 0.199546 0.614512 0.170068 0.625850 0.138322 0.653061 0.129252 0.671202 0.102041 0.698413 0.088435 0.741497 0.077098 0.755102 0.070295 0.782313 0.070295 0.818594 0.074830 0.827664 0.074830 0.839002 0.086168 0.863946 0.097506 0.877551 0.106576 0.882086 0.124717 0.882086 0.174603 0.857143 0.206349 0.834467 0.229025 0.804989 0.242630 0.800454 0.249433 0.793651 0.267574 0.748299 0.287982 0.714286 0.294785 0.671202 0.299320 0.662132 0.297052 0.646259 0.281179 0.616780 0.281179 0.605442 0.301587 0.582766 0.315193 0.575964 0.324263 0.578231 0.335601 0.569161 0.342404 0.569161 0.376417 0.546485 0.380952 0.546485 0.383220 0.539683
0 0.537415 0.553288 0.544218 0.560091 0.564626 0.566893 0.612245 0.591837 0.623583 0.603175 0.628118 0.614512 0.641723 0.625850 0.664399 0.666667 0.666667 0.682540 0.668934 0.680272 0.680272 0.691610 0.736961 0.709751 0.759637 0.721088 0.782313 0.721088 0.809524 0.730159 0.836735 0.730159 0.854875 0.723356 0.886621 0.721088 0.916100 0.707483 0.936508 0.684807 0.936508 0.643991 0.909297 0.598639 0.884354 0.580499 0.873016 0.578231 0.852608 0.564626 0.809524 0.546485 0.782313 0.541950 0.773243 0.544218 0.752834 0.535147 0.693878 0.535147 0.671202 0.551020 0.664399 0.560091 0.655329 0.562358 0.648526 0.571429 0.585034 0.564626 0.582766 0.560091 0.564626 0.560091 0.551020 0.551020
0 0.154195 0.081633 0.138322 0.099773 0.133787 0.113379 0.133787 0.160998 0.140590 0.172336 0.145125 0.192744 0.158730 0.217687 0.158730 0.224490 0.188209 0.283447 0.197279 0.287982 0.201814 0.306122 0.224490 0.326531 0.224490 0.333333 0.229025 0.337868 0.247166 0.340136 0.263039 0.356009 0.278912 0.358277 0.306122 0.351474 0.310658 0.346939 0.326531 0.349206 0.342404 0.365079 0.342404 0.369615 0.360544 0.390023 0.360544 0.394558 0.378685 0.410431 0.383220 0.419501 0.392290 0.421769 0.401361 0.433107 0.412698 0.437642 0.419501 0.428571 0.419501 0.419501 0.383220 0.374150 0.378685 0.342404 0.362812 0.321995 0.362812 0.299320 0.369615 0.290249 0.369615 0.260771 0.360544 0.224490 0.346939 0.192744 0.290249 0.126984 0.242630 0.092971 0.197279 0.077098 0.163265 0.077098
0 0.417234 0.653061 0.410431 0.662132 0.380952 0.673469 0.374150 0.689342 0.353741 0.714286 0.346939 0.714286 0.342404 0.718821 0.319728 0.718821 0.306122 0.727891 0.310658 0.730159 0.278912 0.759637 0.272109 0.777778 0.265306 0.784580 0.265306 0.798186 0.251701 0.816327 0.251701 0.841270 0.242630 0.859410 0.242630 0.900227 0.247166 0.907029 0.244898 0.918367 0.251701 0.929705 0.251701 0.945578 0.276644 0.970522 0.290249 0.977324 0.315193 0.975057 0.358277 0.952381 0.371882 0.941043 0.412698 0.884354 0.412698 0.868481 0.433107 0.827664 0.433107 0.811791 0.428571 0.807256 0.428571 0.768707 0.424036 0.761905 0.426304 0.743764 0.417234 0.736961 0.403628 0.714286 0.410431 0.702948
0 0.804989 0.308390 0.793651 0.294785 0.770975 0.285714 0.732426 0.285714 0.691610 0.308390 0.671202 0.315193 0.609977 0.365079 0.598639 0.383220 0.578231 0.403628 0.571429 0.417234 0.569161 0.437642 0.551020 0.455782 0.537415 0.464853 0.519274 0.469388 0.512472 0.476190 0.523810 0.469388 0.548753 0.473923 0.562358 0.482993 0.564626 0.478458 0.585034 0.473923 0.603175 0.482993 0.616780 0.482993 0.623583 0.478458 0.655329 0.476190 0.664399 0.471655 0.673469 0.473923 0.696145 0.462585 0.705215 0.453515 0.714286 0.453515 0.743764 0.439909 0.791383 0.394558 0.800454 0.371882 0.814059 0.353741 0.814059 0.333333
0 0.070295 0.403628 0.068027 0.428571 0.074830 0.453515 0.097506 0.476190 0.140590 0.505669 0.158730 0.503401 0.190476 0.517007 0.217687 0.514739 0.222222 0.521542 0.240363 0.523810 0.253968 0.519274 0.292517 0.519274 0.312925 0.507937 0.340136 0.507937 0.349206 0.503401 0.360544 0.503401 0.351474 0.496599 0.351474 0.471655 0.349206 0.476190 0.337868 0.473923 0.324263 0.458050 0.315193 0.458050 0.308390 0.451247 0.299320 0.430839 0.281179 0.412698 0.256236 0.401361 0.242630 0.399093 0.238095 0.394558 0.224490 0.394558 0.204082 0.385488 0.183673 0.385488 0.181406 0.380952 0.138322 0.378685 0.092971 0.383220 0.081633 0.394558 0.077098 0.392290 0.077098 0.396825
0 0.494331 0.551020 0.482993 0.589569 0.473923 0.605442 0.485261 0.614512 0.485261 0.630385 0.489796 0.632653 0.489796 0.643991 0.501134 0.664399 0.505669 0.682540 0.523810 0.702948 0.544218 0.709751 0.555556 0.718821 0.564626 0.721088 0.573696 0.730159 0.625850 0.730159 0.650794 0.718821 0.664399 0.693878 0.664399 0.673469 0.639456 0.625850 0.625850 0.614512 0.621315 0.603175 0.605442 0.589569 0.539683 0.557823 0.503401 0.555556
0 0.487528 0.278912 0.478458 0.278912 0.462585 0.285714 0.433107 0.312925 0.428571 0.321995 0.428571 0.333333 0.419501 0.342404 0.419501 0.392290 0.412698 0.410431 0.419501 0.414966 0.421769 0.428571 0.414966 0.439909 0.439909 0.446712 0.446712 0.453515 0.446712 0.462585 0.439909 0.464853 0.446712 0.467120 0.442177 0.469388 0.458050 0.462585 0.487528 0.462585 0.482993 0.460317 0.503401 0.444444 0.512472 0.419501 0.512472 0.408163 0.519274 0.403628 0.528345 0.387755 0.526077 0.335601 0.512472 0.317460 0.512472 0.301587 0.507937 0.294785
0 0.383220 0.541950 0.380952 0.548753 0.353741 0.562358 0.351474 0.566893 0.328798 0.575964 0.308390 0.596372 0.299320 0.612245 0.299320 0.659864 0.306122 0.664399 0.315193 0.680272 0.324263 0.684807 0.358277 0.684807 0.387755 0.666667 0.396825 0.666667 0.410431 0.659864 0.421769 0.641723 0.421769 0.630385 0.433107 0.619048 0.433107 0.603175 0.437642 0.600907 0.428571 0.591837 0.421769 0.569161 0.410431 0.562358 0.392290 0.560091 0.383220 0.551020
0 0.523810 0.471655 0.512472 0.478458 0.505669 0.476190 0.501134 0.482993 0.494331 0.485261 0.492063 0.505669 0.482993 0.514739 0.482993 0.541950 0.492063 0.544218 0.503401 0.553288 0.535147 0.555556 0.571429 0.517007 0.573696 0.503401 0.557823 0.494331 0.553288 0.478458
0 0.378685 0.528345 0.360544 0.512472 0.360544 0.505669 0.356009 0.503401 0.356009 0.507937 0.349206 0.505669 0.340136 0.510204 0.312925 0.510204 0.294785 0.519274 0.301587 0.541950 0.319728 0.553288 0.335601 0.551020 0.356009 0.539683 0.365079 0.526077
0 0.394558 0.428571 0.380952 0.428571 0.376417 0.433107 0.360544 0.437642 0.349206 0.455782 0.349206 0.462585 0.349206 0.458050 0.353741 0.458050 0.353741 0.496599 0.362812 0.503401 0.362812 0.512472 0.383220 0.528345 0.390023 0.507937 0.399093 0.501134 0.421769 0.501134 0.424036 0.494331 0.442177 0.478458 0.439909 0.469388 0.444444 0.467120 0.437642 0.464853 0.444444 0.462585 0.444444 0.453515 0.439909 0.448980 0.419501 0.444444
0 0.492063 0.546485 0.482993 0.544218 0.464853 0.560091 0.424036 0.569161 0.430839 0.591837 0.437642 0.598639 0.453515 0.605442 0.471655 0.605442 0.480726 0.589569
0 0.446712 0.469388 0.444444 0.478458 0.428571 0.494331 0.467120 0.496599 0.478458 0.510204 0.480726 0.519274 0.492063 0.498866 0.489796 0.469388 0.485261 0.464853 0.458050 0.464853
0 0.399093 0.503401 0.390023 0.512472 0.387755 0.528345 0.378685 0.530612 0.390023 0.541950 0.385488 0.544218 0.385488 0.551020 0.396825 0.560091 0.410431 0.560091 0.421769 0.566893 0.433107 0.564626 0.433107 0.546485 0.412698 0.535147 0.414966 0.519274 0.424036 0.510204 0.424036 0.505669 0.419501 0.501134
0 0.426304 0.494331 0.421769 0.503401 0.426304 0.505669 0.426304 0.510204 0.417234 0.519274 0.414966 0.535147 0.435374 0.546485 0.435374 0.562358 0.451247 0.562358 0.478458 0.548753 0.480726 0.521542 0.471655 0.503401 0.460317 0.496599