0 0.585034 0.530612 0.630385 0.557823 0.637188 0.557823 0.630385 0.546485 0.609977 0.530612 0.598639 0.526077
0 0.233560 0.494331 0.242630 0.494331 0.265306 0.480726 0.303855 0.467120 0.249433 0.467120 0.238095 0.492063
0 0.643991 0.213152 0.639456 0.215420 0.639456 0.226757 0.630385 0.238095 0.630385 0.244898 0.614512 0.260771 0.594104 0.301587 0.571429 0.321995 0.566893 0.321995 0.557823 0.337868 0.541950 0.351474 0.548753 0.371882 0.546485 0.376417 0.541950 0.374150 0.544218 0.378685 0.560091 0.378685 0.564626 0.383220 0.571429 0.383220 0.582766 0.396825 0.607710 0.392290 0.628118 0.378685 0.666667 0.308390 0.673469 0.281179 0.673469 0.249433 0.662132 0.226757
0 0.147392 0.188209 0.142857 0.242630 0.149660 0.258503 0.149660 0.278912 0.163265 0.301587 0.192744 0.331066 0.204082 0.349206 0.219955 0.356009 0.222222 0.360544 0.249433 0.369615 0.251701 0.374150 0.276644 0.371882 0.290249 0.365079 0.335601 0.367347 0.374150 0.396825 0.374150 0.403628 0.414966 0.403628 0.405896 0.392290 0.396825 0.390023 0.387755 0.380952 0.383220 0.369615 0.369615 0.362812 0.358277 0.344671 0.360544 0.331066 0.351474 0.310658 0.346939 0.308390 0.346939 0.301587 0.342404 0.299320 0.333333 0.267574 0.333333 0.256236 0.321995 0.233560 0.315193 0.204082 0.310658 0.206349 0.278912 0.183673 0.251701 0.170068 0.206349 0.163265 0.170068 0.165533
0 0.907029 0.585034 0.902494 0.560091 0.904762 0.537415 0.891156 0.523810 0.877551 0.523810 0.870748 0.517007 0.873016 0.492063 0.852608 0.471655 0.834467 0.471655 0.818594 0.476190 0.775510 0.476190 0.770975 0.480726 0.734694 0.480726 0.721088 0.489796 0.696145 0.489796 0.691610 0.485261 0.662132 0.487528 0.643991 0.496599 0.580499 0.492063 0.553288 0.494331 0.539683 0.492063 0.537415 0.487528 0.523810 0.496599 0.548753 0.507937 0.605442 0.517007 0.623583 0.526077 0.630385 0.526077 0.648526 0.541950 0.648526 0.560091 0.655329 0.573696 0.673469 0.580499 0.700680 0.598639 0.730159 0.605442 0.741497 0.612245 0.802721 0.616780 0.820862 0.612245 0.829932 0.605442 0.843537 0.612245 0.873016 0.609977 0.879819 0.605442 0.895692 0.603175
0 0.396825 0.539683 0.392290 0.537415 0.385488 0.546485 0.351474 0.564626 0.333333 0.564626 0.315193 0.573696 0.319728 0.575964 0.308390 0.587302 0.272109 0.605442 0.247166 0.607710 0.213152 0.603175 0.183673 0.607710 0.170068 0.616780 0.154195 0.634921 0.133787 0.641723 0.108844 0.659864 0.081633 0.689342 0.070295 0.709751 0.049887 0.730159 0.040816 0.750567 0.047619 0.777778 0.086168 0.829932 0.120181 0.848073 0.140590 0.866213 0.154195 0.866213 0.190476 0.848073 0.222222 0.818594 0.249433 0.804989 0.263039 0.791383 0.281179 0.757370 0.287982 0.752834 0.290249 0.741497 0.303855 0.725624 0.303855 0.714286 0.308390 0.709751 0.306122 0.698413 0.317460 0.687075 0.312925 0.668934 0.299320 0.655329 0.297052 0.634921 0.301587 0.625850 0.344671 0.585034 0.387755 0.555556 0.394558 0.546485 0.399093 0.546485
0 0.501134 0.061224 0.494331 0.061224 0.455782 0.079365 0.442177 0.092971 0.439909 0.138322 0.444444 0.156463 0.439909 0.172336 0.433107 0.179138 0.428571 0.179138 0.433107 0.215420 0.448980 0.242630 0.444444 0.260771 0.453515 0.272109 0.453515 0.281179 0.460317 0.281179 0.467120 0.290249 0.482993 0.294785 0.487528 0.299320 0.492063 0.315193 0.503401 0.326531 0.503401 0.351474 0.494331 0.369615 0.487528 0.396825 0.482993 0.399093 0.523810 0.385488 0.523810 0.380952 0.519274 0.378685 0.535147 0.349206 0.546485 0.346939 0.564626 0.321995 0.591837 0.301587 0.612245 0.260771 0.623583 0.251701 0.628118 0.238095 0.637188 0.226757 0.643991 0.192744 0.639456 0.160998 0.621315 0.122449 0.607710 0.104308 0.573696 0.079365 0.546485 0.070295 0.532880 0.070295 0.519274 0.063492 0.507937 0.065760
0 0.000000 0.326531 0.000000 0.492063 0.009070 0.496599 0.043084 0.498866 0.068027 0.512472 0.154195 0.514739 0.172336 0.510204 0.192744 0.494331 0.199546 0.498866 0.215420 0.501134 0.217687 0.496599 0.235828 0.492063 0.242630 0.471655 0.256236 0.462585 0.321995 0.467120 0.356009 0.460317 0.349206 0.439909 0.337868 0.442177 0.328798 0.437642 0.317460 0.424036 0.285714 0.421769 0.278912 0.412698 0.258503 0.399093 0.240363 0.374150 0.222222 0.376417 0.197279 0.351474 0.174603 0.342404 0.154195 0.328798 0.126984 0.326531 0.111111 0.331066 0.090703 0.319728 0.056689 0.319728 0.047619 0.326531
0 0.916100 0.399093 0.902494 0.371882 0.877551 0.353741 0.836735 0.337868 0.793651 0.335601 0.773243 0.342404 0.755102 0.340136 0.721088 0.344671 0.714286 0.349206 0.687075 0.351474 0.671202 0.367347 0.653061 0.369615 0.637188 0.383220 0.616780 0.390023 0.607710 0.410431 0.582766 0.428571 0.587302 0.430839 0.587302 0.444444 0.569161 0.458050 0.589569 0.451247 0.607710 0.451247 0.639456 0.469388 0.648526 0.478458 0.653061 0.478458 0.659864 0.487528 0.675737 0.482993 0.691610 0.482993 0.696145 0.487528 0.721088 0.487528 0.734694 0.478458 0.770975 0.478458 0.775510 0.473923 0.818594 0.473923 0.834467 0.469388 0.852608 0.469388 0.859410 0.462585 0.875283 0.458050 0.895692 0.444444 0.911565 0.428571
0 0.399093 0.619048 0.376417 0.653061 0.362812 0.664399 0.353741 0.666667 0.349206 0.671202 0.349206 0.678005 0.331066 0.689342 0.324263 0.698413 0.324263 0.712018 0.301587 0.730159 0.290249 0.748299 0.290249 0.766440 0.274376 0.804989 0.276644 0.807256 0.269841 0.829932 0.269841 0.843537 0.265306 0.852608 0.265306 0.877551 0.274376 0.900227 0.274376 0.913832 0.281179 0.927438 0.303855 0.943311 0.319728 0.943311 0.367347 0.916100 0.390023 0.884354 0.412698 0.836735 0.414966 0.814059 0.424036 0.791383 0.421769 0.766440 0.426304 0.727891 0.419501 0.718821 0.424036 0.698413 0.405896 0.671202 0.410431 0.659864 0.410431 0.639456 0.401361 0.628118
0 0.353741 0.124717 0.331066 0.147392 0.319728 0.188209 0.321995 0.199546 0.317460 0.206349 0.324263 0.233560 0.335601 0.256236 0.335601 0.267574 0.344671 0.299320 0.349206 0.301587 0.349206 0.308390 0.353741 0.310658 0.360544 0.324263 0.367347 0.351474 0.385488 0.369615 0.390023 0.380952 0.396825 0.387755 0.405896 0.390023 0.417234 0.401361 0.414966 0.405896 0.426304 0.405896 0.455782 0.426304 0.460317 0.426304 0.455782 0.424036 0.455782 0.417234 0.446712 0.401361 0.462585 0.378685 0.462585 0.362812 0.458050 0.353741 0.460317 0.333333 0.451247 0.315193 0.453515 0.283447 0.451247 0.272109 0.448980 0.274376 0.442177 0.267574 0.444444 0.242630 0.428571 0.217687 0.430839 0.206349 0.424036 0.172336 0.405896 0.147392 0.385488 0.129252 0.369615 0.122449
0 0.532880 0.514739 0.532880 0.541950 0.523810 0.551020 0.503401 0.551020 0.501134 0.564626 0.517007 0.603175 0.539683 0.630385 0.553288 0.641723 0.562358 0.655329 0.589569 0.668934 0.598639 0.684807 0.616780 0.698413 0.655329 0.698413 0.684807 0.689342 0.696145 0.668934 0.696145 0.648526 0.691610 0.641723 0.691610 0.630385 0.684807 0.625850 0.671202 0.594104 0.641723 0.562358 0.612245 0.551020 0.587302 0.532880 0.569161 0.526077 0.566893 0.521542 0.555556 0.526077
0 0.414966 0.492063 0.405896 0.492063 0.401361 0.496599 0.378685 0.496599 0.360544 0.478458 0.356009 0.464853 0.342404 0.464853 0.321995 0.469388 0.306122 0.467120 0.283447 0.478458 0.265306 0.482993 0.242630 0.496599 0.217687 0.498866 0.226757 0.503401 0.224490 0.532880 0.242630 0.557823 0.253968 0.560091 0.274376 0.571429 0.319728 0.571429 0.333333 0.562358 0.351474 0.562358 0.378685 0.548753 0.392290 0.535147 0.396825 0.537415 0.401361 0.523810 0.410431 0.514739
0 0.471655 0.537415 0.444444 0.548753 0.437642 0.555556 0.419501 0.555556 0.403628 0.571429 0.399093 0.591837 0.399093 0.616780 0.412698 0.639456 0.412698 0.648526 0.437642 0.666667 0.453515 0.664399 0.480726 0.643991 0.494331 0.623583 0.507937 0.589569 0.501134 0.573696 0.498866 0.553288 0.489796 0.546485 0.473923 0.541950
0 0.356009 0.414966 0.351474 0.424036 0.353741 0.453515 0.358277 0.458050 0.356009 0.462585 0.362812 0.478458 0.378685 0.494331 0.401361 0.494331 0.405896 0.489796 0.442177 0.482993 0.442177 0.476190 0.433107 0.462585 0.433107 0.448980 0.444444 0.442177 0.460317 0.442177 0.462585 0.433107 0.458050 0.435374 0.458050 0.428571 0.426304 0.408163 0.403628 0.403628 0.376417 0.403628
0 0.487528 0.478458 0.492063 0.505669 0.480726 0.517007 0.473923 0.517007 0.469388 0.521542 0.469388 0.537415 0.471655 0.535147 0.473923 0.539683 0.489796 0.544218 0.498866 0.551020 0.523810 0.548753 0.530612 0.541950 0.530612 0.517007 0.523810 0.501134 0.521542 0.503401 0.517007 0.494331 0.503401 0.482993
0 0.399093 0.535147 0.401361 0.546485 0.421769 0.553288 0.437642 0.553288 0.444444 0.546485 0.455782 0.544218 0.451247 0.532880 0.419501 0.526077 0.412698 0.517007 0.403628 0.523810
0 0.469388 0.444444 0.444444 0.444444 0.435374 0.448980 0.435374 0.462585 0.444444 0.480726 0.458050 0.473923 0.476190 0.473923 0.482993 0.467120
0 0.482993 0.469388 0.476190 0.476190 0.448980 0.478458 0.442177 0.485261 0.414966 0.489796 0.417234 0.496599 0.412698 0.514739 0.417234 0.521542 0.426304 0.526077 0.446712 0.528345 0.455782 0.535147 0.458050 0.541950 0.464853 0.539683 0.467120 0.521542 0.489796 0.505669