0 0.569161 0.115646 0.541950 0.120181 0.507937 0.151927 0.480726 0.185941 0.473923 0.210884 0.455782 0.238095 0.453515 0.274376 0.448980 0.281179 0.451247 0.308390 0.467120 0.335601 0.494331 0.365079 0.494331 0.387755 0.485261 0.428571 0.473923 0.453515 0.467120 0.458050 0.473923 0.462585 0.476190 0.469388 0.496599 0.446712 0.494331 0.442177 0.507937 0.410431 0.512472 0.408163 0.526077 0.374150 0.546485 0.358277 0.562358 0.353741 0.571429 0.346939 0.598639 0.285714 0.603175 0.265306 0.605442 0.197279 0.600907 0.190476 0.603175 0.176871 0.587302 0.129252
0 0.605442 0.535147 0.603175 0.519274 0.580499 0.505669 0.546485 0.517007 0.532880 0.532880 0.494331 0.532880 0.480726 0.528345 0.492063 0.530612 0.507937 0.541950 0.526077 0.541950 0.535147 0.551020 0.532880 0.555556 0.548753 0.557823 0.582766 0.555556 0.594104 0.548753
0 0.342404 0.630385 0.317460 0.655329 0.310658 0.668934 0.310658 0.680272 0.303855 0.691610 0.306122 0.746032 0.312925 0.757370 0.328798 0.773243 0.356009 0.775510 0.383220 0.764172 0.412698 0.727891 0.394558 0.746032 0.362812 0.761905 0.340136 0.761905 0.326531 0.750567 0.317460 0.730159 0.317460 0.698413 0.328798 0.662132 0.342404 0.639456
0 0.712018 0.342404 0.700680 0.337868 0.673469 0.337868 0.639456 0.344671 0.621315 0.353741 0.609977 0.367347 0.596372 0.374150 0.573696 0.394558 0.569161 0.408163 0.564626 0.410431 0.589569 0.421769 0.603175 0.435374 0.603175 0.455782 0.596372 0.478458 0.625850 0.480726 0.643991 0.476190 0.687075 0.446712 0.712018 0.421769 0.712018 0.410431 0.723356 0.392290 0.727891 0.365079
0 0.081633 0.346939 0.079365 0.369615 0.083900 0.383220 0.113379 0.439909 0.122449 0.448980 0.136054 0.451247 0.176871 0.476190 0.192744 0.476190 0.204082 0.480726 0.256236 0.480726 0.281179 0.467120 0.294785 0.453515 0.317460 0.455782 0.342404 0.467120 0.344671 0.471655 0.376417 0.473923 0.360544 0.458050 0.312925 0.433107 0.299320 0.419501 0.292517 0.390023 0.281179 0.374150 0.278912 0.365079 0.258503 0.344671 0.235828 0.333333 0.229025 0.333333 0.222222 0.326531 0.195011 0.317460 0.136054 0.315193 0.111111 0.321995 0.095238 0.331066
0 0.464853 0.603175 0.464853 0.614512 0.480726 0.646259 0.482993 0.684807 0.478458 0.693878 0.448980 0.723356 0.448980 0.734694 0.453515 0.741497 0.448980 0.761905 0.455782 0.773243 0.455782 0.786848 0.471655 0.807256 0.487528 0.843537 0.535147 0.882086 0.548753 0.886621 0.560091 0.884354 0.580499 0.859410 0.585034 0.834467 0.589569 0.827664 0.589569 0.811791 0.580499 0.800454 0.587302 0.784580 0.587302 0.757370 0.580499 0.741497 0.582766 0.732426 0.575964 0.721088 0.578231 0.707483 0.560091 0.682540 0.546485 0.675737 0.523810 0.671202 0.507937 0.657596 0.505669 0.648526 0.492063 0.628118 0.489796 0.614512 0.482993 0.607710 0.485261 0.603175
0 0.387755 0.557823 0.378685 0.557823 0.365079 0.564626 0.315193 0.564626 0.315193 0.569161 0.308390 0.575964 0.290249 0.582766 0.272109 0.582766 0.249433 0.573696 0.215420 0.575964 0.188209 0.591837 0.145125 0.607710 0.092971 0.657596 0.074830 0.698413 0.074830 0.739229 0.104308 0.766440 0.160998 0.766440 0.188209 0.755102 0.204082 0.743764 0.215420 0.743764 0.238095 0.732426 0.249433 0.723356 0.253968 0.714286 0.287982 0.687075 0.310658 0.653061 0.310658 0.623583 0.317460 0.600907 0.335601 0.582766 0.371882 0.566893 0.380952 0.557823
0 0.517007 0.544218 0.517007 0.571429 0.526077 0.569161 0.537415 0.580499 0.548753 0.585034 0.566893 0.603175 0.575964 0.621315 0.575964 0.637188 0.598639 0.657596 0.641723 0.680272 0.680272 0.689342 0.696145 0.689342 0.705215 0.693878 0.723356 0.693878 0.730159 0.689342 0.757370 0.689342 0.775510 0.680272 0.798186 0.655329 0.800454 0.641723 0.777778 0.596372 0.766440 0.585034 0.718821 0.560091 0.707483 0.548753 0.689342 0.541950 0.657596 0.541950 0.607710 0.535147 0.594104 0.551020 0.582766 0.557823 0.548753 0.560091 0.532880 0.557823 0.523810 0.553288
0 0.312925 0.210884 0.303855 0.215420 0.294785 0.226757 0.283447 0.260771 0.285714 0.285714 0.297052 0.312925 0.294785 0.319728 0.299320 0.328798 0.299320 0.340136 0.319728 0.374150 0.321995 0.390023 0.344671 0.417234 0.356009 0.424036 0.374150 0.421769 0.387755 0.426304 0.408163 0.453515 0.414966 0.473923 0.430839 0.458050 0.435374 0.458050 0.430839 0.453515 0.430839 0.439909 0.426304 0.433107 0.424036 0.417234 0.437642 0.403628 0.448980 0.383220 0.451247 0.358277 0.444444 0.335601 0.435374 0.324263 0.435374 0.310658 0.414966 0.278912 0.410431 0.265306 0.380952 0.231293 0.351474 0.213152 0.328798 0.208617
0 0.435374 0.575964 0.412698 0.578231 0.412698 0.585034 0.394558 0.603175 0.374150 0.607710 0.349206 0.625850 0.331066 0.662132 0.319728 0.698413 0.319728 0.730159 0.324263 0.743764 0.335601 0.757370 0.362812 0.759637 0.394558 0.743764 0.414966 0.723356 0.430839 0.696145 0.433107 0.671202 0.442177 0.650794 0.439909 0.623583 0.430839 0.609977 0.430839 0.594104 0.437642 0.580499
0 0.596372 0.428571 0.569161 0.412698 0.551020 0.410431 0.532880 0.419501 0.512472 0.437642 0.503401 0.439909 0.482993 0.467120 0.473923 0.471655 0.482993 0.485261 0.482993 0.501134 0.478458 0.505669 0.478458 0.514739 0.485261 0.521542 0.485261 0.526077 0.514739 0.528345 0.535147 0.514739 0.544218 0.517007 0.566893 0.510204 0.587302 0.496599 0.594104 0.487528 0.594104 0.471655 0.600907 0.455782 0.600907 0.435374
0 0.281179 0.505669 0.278912 0.528345 0.283447 0.537415 0.312925 0.562358 0.365079 0.562358 0.378685 0.555556 0.387755 0.555556 0.399093 0.562358 0.399093 0.553288 0.405896 0.548753 0.414966 0.532880 0.408163 0.517007 0.419501 0.505669 0.396825 0.482993 0.380952 0.473923 0.374150 0.476190 0.342404 0.471655 0.306122 0.480726
0 0.517007 0.546485 0.498866 0.539683 0.485261 0.553288 0.462585 0.548753 0.462585 0.557823 0.455782 0.564626 0.442177 0.566893 0.437642 0.571429 0.439909 0.582766 0.458050 0.603175 0.485261 0.600907 0.487528 0.605442 0.498866 0.605442 0.510204 0.596372 0.517007 0.585034
0 0.439909 0.451247 0.437642 0.458050 0.430839 0.460317 0.417234 0.473923 0.417234 0.494331 0.421769 0.498866 0.419501 0.503401 0.448980 0.501134 0.458050 0.507937 0.455782 0.517007 0.467120 0.514739 0.480726 0.501134 0.480726 0.485261 0.471655 0.473923 0.471655 0.462585 0.458050 0.451247
0 0.399093 0.569161 0.410431 0.578231 0.433107 0.575964 0.442177 0.564626 0.455782 0.562358 0.460317 0.557823 0.460317 0.544218 0.437642 0.544218 0.417234 0.530612 0.408163 0.548753 0.401361 0.553288 0.403628 0.557823
0 0.476190 0.507937 0.471655 0.514739 0.458050 0.519274 0.464853 0.526077 0.473923 0.528345 0.476190 0.537415 0.462585 0.537415 0.458050 0.539683 0.458050 0.544218 0.460317 0.541950 0.467120 0.548753 0.485261 0.551020 0.496599 0.537415 0.478458 0.528345 0.482993 0.526077 0.482993 0.521542 0.476190 0.514739
0 0.410431 0.517007 0.414966 0.528345 0.419501 0.528345 0.437642 0.541950 0.455782 0.541950 0.462585 0.535147 0.473923 0.537415 0.473923 0.530612 0.464853 0.528345 0.453515 0.517007 0.455782 0.507937 0.451247 0.507937 0.448980 0.503401 0.426304 0.503401