0 0.412698 0.414966 0.399093 0.414966 0.385488 0.421769 0.367347 0.444444 0.387755 0.480726 0.387755 0.471655 0.383220 0.464853 0.383220 0.442177 0.392290 0.433107 0.405896 0.428571 0.430839 0.428571
0 0.410431 0.687075 0.387755 0.687075 0.360544 0.675737 0.367347 0.682540 0.367347 0.691610 0.360544 0.698413 0.356009 0.714286 0.356009 0.732426 0.362812 0.743764 0.387755 0.732426 0.408163 0.707483
0 0.582766 0.283447 0.560091 0.281179 0.544218 0.292517 0.535147 0.290249 0.535147 0.308390 0.541950 0.326531 0.546485 0.367347 0.519274 0.392290 0.519274 0.401361 0.528345 0.412698 0.528345 0.428571 0.532880 0.433107 0.541950 0.433107 0.539683 0.426304 0.553288 0.412698 0.557823 0.412698 0.557823 0.408163 0.571429 0.396825 0.594104 0.358277 0.594104 0.346939 0.598639 0.342404 0.598639 0.312925 0.585034 0.294785
0 0.825397 0.414966 0.798186 0.426304 0.780045 0.428571 0.759637 0.439909 0.752834 0.439909 0.750567 0.444444 0.723356 0.451247 0.705215 0.467120 0.700680 0.476190 0.668934 0.510204 0.668934 0.514739 0.684807 0.512472 0.707483 0.526077 0.730159 0.532880 0.752834 0.530612 0.786848 0.514739 0.807256 0.494331 0.811791 0.482993 0.811791 0.453515 0.814059 0.446712 0.827664 0.433107
0 0.562358 0.612245 0.551020 0.628118 0.555556 0.628118 0.564626 0.648526 0.582766 0.668934 0.594104 0.693878 0.587302 0.721088 0.573696 0.748299 0.573696 0.775510 0.587302 0.791383 0.587302 0.804989 0.603175 0.829932 0.605442 0.841270 0.628118 0.859410 0.641723 0.877551 0.673469 0.907029 0.730159 0.929705 0.770975 0.929705 0.786848 0.920635 0.807256 0.886621 0.809524 0.841270 0.802721 0.832200 0.802721 0.807256 0.770975 0.748299 0.761905 0.739229 0.748299 0.734694 0.743764 0.727891 0.702948 0.730159 0.632653 0.691610 0.619048 0.675737 0.603175 0.664399 0.587302 0.641723 0.575964 0.632653 0.573696 0.619048
0 0.793651 0.108844 0.759637 0.102041 0.752834 0.097506 0.730159 0.099773 0.684807 0.122449 0.648526 0.156463 0.641723 0.158730 0.628118 0.174603 0.598639 0.231293 0.589569 0.256236 0.589569 0.278912 0.587302 0.281179 0.585034 0.276644 0.585034 0.290249 0.600907 0.312925 0.600907 0.342404 0.596372 0.346939 0.596372 0.358277 0.573696 0.396825 0.560091 0.408163 0.562358 0.419501 0.555556 0.426304 0.555556 0.430839 0.548753 0.437642 0.544218 0.433107 0.555556 0.444444 0.557823 0.455782 0.575964 0.435374 0.582766 0.421769 0.603175 0.405896 0.607710 0.394558 0.619048 0.383220 0.625850 0.380952 0.630385 0.374150 0.659864 0.362812 0.659864 0.349206 0.666667 0.342404 0.709751 0.324263 0.727891 0.310658 0.739229 0.297052 0.764172 0.285714 0.798186 0.258503 0.814059 0.253968 0.809524 0.249433 0.823129 0.226757 0.829932 0.190476 0.827664 0.163265 0.816327 0.133787
0 0.385488 0.578231 0.378685 0.591837 0.360544 0.603175 0.349206 0.605442 0.331066 0.619048 0.294785 0.623583 0.276644 0.614512 0.256236 0.619048 0.240363 0.616780 0.233560 0.621315 0.224490 0.621315 0.204082 0.630385 0.181406 0.634921 0.149660 0.659864 0.129252 0.668934 0.095238 0.707483 0.077098 0.743764 0.074830 0.770975 0.088435 0.823129 0.102041 0.832200 0.113379 0.834467 0.176871 0.832200 0.197279 0.820862 0.206349 0.820862 0.231293 0.809524 0.249433 0.807256 0.272109 0.789116 0.317460 0.764172 0.337868 0.725624 0.353741 0.709751 0.356009 0.712018 0.356009 0.702948 0.365079 0.691610 0.365079 0.682540 0.353741 0.673469 0.353741 0.653061 0.358277 0.646259 0.362812 0.614512 0.367347 0.605442 0.378685 0.596372
0 0.739229 0.625850 0.739229 0.639456 0.750567 0.655329 0.750567 0.662132 0.757370 0.653061 0.761905 0.655329 0.761905 0.664399 0.770975 0.687075 0.770975 0.714286 0.786848 0.730159 0.791383 0.770975 0.798186 0.786848 0.809524 0.800454 0.809524 0.809524 0.804989 0.809524 0.804989 0.832200 0.811791 0.841270 0.811791 0.897959 0.823129 0.907029 0.841270 0.909297 0.868481 0.888889 0.879819 0.866213 0.882086 0.814059 0.870748 0.768707 0.845805 0.727891 0.841270 0.714286 0.823129 0.696145 0.818594 0.687075 0.764172 0.643991 0.750567 0.639456
0 0.122449 0.126984 0.122449 0.151927 0.163265 0.208617 0.204082 0.238095 0.240363 0.272109 0.265306 0.281179 0.281179 0.303855 0.308390 0.315193 0.326531 0.317460 0.346939 0.337868 0.371882 0.337868 0.387755 0.342404 0.401361 0.356009 0.435374 0.417234 0.433107 0.428571 0.442177 0.437642 0.460317 0.442177 0.473923 0.451247 0.448980 0.405896 0.442177 0.380952 0.426304 0.356009 0.414966 0.321995 0.405896 0.308390 0.399093 0.278912 0.380952 0.258503 0.360544 0.226757 0.342404 0.215420 0.337868 0.206349 0.301587 0.170068 0.297052 0.170068 0.260771 0.138322 0.244898 0.136054 0.238095 0.129252 0.206349 0.115646 0.195011 0.117914 0.176871 0.113379 0.136054 0.117914
0 0.494331 0.596372 0.487528 0.598639 0.487528 0.621315 0.482993 0.625850 0.482993 0.637188 0.473923 0.655329 0.448980 0.675737 0.412698 0.687075 0.410431 0.707483 0.387755 0.734694 0.371882 0.741497 0.351474 0.766440 0.340136 0.786848 0.335601 0.807256 0.324263 0.829932 0.324263 0.848073 0.317460 0.882086 0.319728 0.909297 0.337868 0.950113 0.349206 0.963719 0.362812 0.970522 0.394558 0.968254 0.426304 0.952381 0.451247 0.929705 0.473923 0.893424 0.492063 0.873016 0.496599 0.843537 0.512472 0.807256 0.507937 0.768707 0.510204 0.752834 0.503401 0.730159 0.503401 0.709751 0.494331 0.696145 0.489796 0.668934 0.492063 0.646259 0.501134 0.614512
0 0.904762 0.278912 0.879819 0.258503 0.848073 0.258503 0.825397 0.253968 0.818594 0.258503 0.798186 0.260771 0.764172 0.287982 0.739229 0.299320 0.727891 0.312925 0.709751 0.326531 0.666667 0.344671 0.662132 0.349206 0.662132 0.374150 0.641723 0.392290 0.641723 0.401361 0.628118 0.426304 0.607710 0.444444 0.578231 0.448980 0.614512 0.444444 0.625850 0.439909 0.662132 0.439909 0.691610 0.451247 0.698413 0.460317 0.712018 0.460317 0.723356 0.448980 0.750567 0.442177 0.752834 0.437642 0.759637 0.437642 0.780045 0.426304 0.798186 0.424036 0.814059 0.414966 0.823129 0.414966 0.825397 0.408163 0.834467 0.408163 0.852608 0.396825 0.891156 0.356009 0.900227 0.333333 0.909297 0.321995 0.909297 0.290249
0 0.074830 0.467120 0.077098 0.503401 0.086168 0.521542 0.106576 0.544218 0.136054 0.557823 0.181406 0.569161 0.208617 0.571429 0.217687 0.575964 0.281179 0.573696 0.292517 0.566893 0.312925 0.571429 0.328798 0.562358 0.346939 0.564626 0.353741 0.560091 0.362812 0.541950 0.378685 0.530612 0.444444 0.532880 0.426304 0.523810 0.405896 0.503401 0.401361 0.494331 0.396825 0.494331 0.394558 0.498866 0.374150 0.498866 0.358277 0.494331 0.337868 0.478458 0.308390 0.462585 0.299320 0.462585 0.269841 0.444444 0.229025 0.430839 0.163265 0.433107 0.140590 0.437642 0.133787 0.442177 0.099773 0.444444 0.086168 0.451247
0 0.578231 0.562358 0.578231 0.594104 0.562358 0.609977 0.575964 0.619048 0.578231 0.632653 0.589569 0.641723 0.609977 0.668934 0.619048 0.673469 0.632653 0.689342 0.702948 0.727891 0.741497 0.727891 0.750567 0.723356 0.755102 0.712018 0.752834 0.668934 0.748299 0.655329 0.736961 0.639456 0.736961 0.625850 0.741497 0.625850 0.739229 0.614512 0.730159 0.596372 0.727891 0.580499 0.707483 0.555556 0.698413 0.551020 0.680272 0.551020 0.668934 0.555556 0.630385 0.553288 0.585034 0.557823
0 0.467120 0.206349 0.455782 0.215420 0.442177 0.244898 0.437642 0.274376 0.437642 0.333333 0.444444 0.344671 0.448980 0.378685 0.464853 0.405896 0.460317 0.414966 0.485261 0.453515 0.482993 0.455782 0.487528 0.460317 0.487528 0.471655 0.498866 0.453515 0.514739 0.446712 0.514739 0.442177 0.521542 0.435374 0.528345 0.435374 0.526077 0.412698 0.517007 0.401361 0.517007 0.392290 0.544218 0.367347 0.544218 0.353741 0.532880 0.308390 0.532880 0.285714 0.526077 0.274376 0.523810 0.256236 0.517007 0.240363 0.489796 0.210884 0.480726 0.206349
0 0.482993 0.562358 0.458050 0.562358 0.448980 0.553288 0.444444 0.537415 0.442177 0.544218 0.399093 0.564626 0.390023 0.573696 0.380952 0.596372 0.369615 0.605442 0.365079 0.614512 0.358277 0.648526 0.360544 0.673469 0.387755 0.684807 0.414966 0.684807 0.444444 0.675737 0.469388 0.657596 0.480726 0.637188 0.480726 0.625850 0.485261 0.621315 0.485261 0.598639 0.492063 0.591837 0.492063 0.582766 0.480726 0.564626
0 0.385488 0.442177 0.385488 0.464853 0.392290 0.485261 0.390023 0.487528 0.394558 0.492063 0.401361 0.492063 0.426304 0.521542 0.446712 0.528345 0.458050 0.519274 0.485261 0.517007 0.485261 0.510204 0.476190 0.496599 0.476190 0.487528 0.487528 0.473923 0.485261 0.460317 0.460317 0.444444 0.442177 0.439909 0.435374 0.430839 0.428571 0.428571 0.405896 0.430839 0.392290 0.435374
0 0.501134 0.544218 0.496599 0.557823 0.489796 0.564626 0.482993 0.564626 0.494331 0.582766 0.492063 0.594104 0.498866 0.598639 0.503401 0.609977 0.537415 0.623583 0.553288 0.623583 0.560091 0.609977 0.575964 0.594104 0.575964 0.562358 0.560091 0.546485 0.537415 0.557823 0.521542 0.557823 0.514739 0.553288 0.512472 0.546485
0 0.530612 0.433107 0.528345 0.437642 0.521542 0.437642 0.514739 0.448980 0.498866 0.455782 0.494331 0.467120 0.489796 0.469388 0.505669 0.469388 0.521542 0.485261 0.521542 0.494331 0.546485 0.494331 0.564626 0.480726 0.566893 0.462585 0.555556 0.455782 0.555556 0.448980 0.548753 0.439909
0 0.444444 0.530612 0.448980 0.548753 0.458050 0.560091 0.489796 0.562358 0.498866 0.551020 0.498866 0.544218 0.503401 0.541950 0.480726 0.546485 0.473923 0.539683 0.473923 0.521542 0.458050 0.521542
0 0.557823 0.532880 0.544218 0.521542 0.544218 0.517007 0.530612 0.535147 0.519274 0.539683 0.514739 0.548753 0.521542 0.555556 0.537415 0.555556 0.557823 0.546485
0 0.489796 0.471655 0.478458 0.487528 0.478458 0.496599 0.487528 0.510204 0.487528 0.517007 0.482993 0.521542 0.476190 0.521542 0.476190 0.539683 0.480726 0.544218 0.492063 0.544218 0.496599 0.539683 0.514739 0.544218 0.519274 0.537415 0.530612 0.532880 0.537415 0.519274 0.544218 0.514739 0.544218 0.496599 0.521542 0.496599 0.519274 0.485261 0.505669 0.471655