0 0.410431 0.528345 0.392290 0.528345 0.383220 0.537415 0.337868 0.535147 0.319728 0.530612 0.337868 0.551020 0.353741 0.555556 0.394558 0.555556
0 0.591837 0.494331 0.589569 0.503401 0.596372 0.507937 0.603175 0.530612 0.621315 0.544218 0.653061 0.541950 0.671202 0.530612 0.680272 0.517007 0.680272 0.507937 0.666667 0.489796 0.648526 0.476190 0.625850 0.476190 0.605442 0.482993
0 0.471655 0.614512 0.453515 0.623583 0.414966 0.623583 0.396825 0.639456 0.387755 0.655329 0.385488 0.680272 0.387755 0.702948 0.392290 0.712018 0.390023 0.739229 0.396825 0.755102 0.410431 0.766440 0.424036 0.770975 0.453515 0.768707 0.482993 0.748299 0.496599 0.734694 0.503401 0.721088 0.512472 0.666667 0.505669 0.650794
0 0.521542 0.287982 0.521542 0.337868 0.510204 0.353741 0.498866 0.362812 0.498866 0.371882 0.519274 0.390023 0.519274 0.421769 0.510204 0.439909 0.507937 0.458050 0.501134 0.460317 0.507937 0.469388 0.514739 0.464853 0.514739 0.455782 0.519274 0.451247 0.530612 0.410431 0.537415 0.403628 0.562358 0.394558 0.580499 0.376417 0.582766 0.344671 0.578231 0.331066 0.560091 0.310658 0.530612 0.299320
0 0.294785 0.310658 0.290249 0.353741 0.299320 0.369615 0.301587 0.385488 0.319728 0.405896 0.346939 0.417234 0.362812 0.412698 0.403628 0.417234 0.444444 0.446712 0.453515 0.455782 0.453515 0.460317 0.453515 0.451247 0.458050 0.444444 0.417234 0.399093 0.412698 0.390023 0.414966 0.360544 0.408163 0.337868 0.394558 0.321995 0.360544 0.310658 0.346939 0.310658 0.317460 0.299320 0.308390 0.299320
0 0.845805 0.424036 0.834467 0.403628 0.823129 0.392290 0.795918 0.380952 0.746032 0.378685 0.721088 0.383220 0.675737 0.403628 0.657596 0.424036 0.637188 0.467120 0.623583 0.476190 0.648526 0.473923 0.657596 0.478458 0.682540 0.507937 0.682540 0.512472 0.684807 0.510204 0.709751 0.519274 0.755102 0.517007 0.809524 0.494331 0.832200 0.471655 0.845805 0.439909
0 0.444444 0.514739 0.428571 0.528345 0.408163 0.537415 0.394558 0.557823 0.360544 0.555556 0.362812 0.557823 0.351474 0.564626 0.299320 0.564626 0.278912 0.569161 0.267574 0.580499 0.253968 0.585034 0.204082 0.634921 0.192744 0.657596 0.192744 0.675737 0.188209 0.687075 0.204082 0.716553 0.204082 0.723356 0.217687 0.736961 0.240363 0.750567 0.281179 0.732426 0.294785 0.718821 0.319728 0.705215 0.342404 0.682540 0.349206 0.662132 0.369615 0.639456 0.369615 0.589569 0.394558 0.564626 0.426304 0.548753 0.430839 0.544218 0.433107 0.530612
0 0.517007 0.541950 0.521542 0.541950 0.541950 0.562358 0.544218 0.571429 0.560091 0.589569 0.564626 0.605442 0.562358 0.621315 0.555556 0.632653 0.560091 0.646259 0.560091 0.668934 0.573696 0.691610 0.580499 0.712018 0.634921 0.766440 0.655329 0.780045 0.684807 0.791383 0.702948 0.789116 0.716553 0.782313 0.732426 0.757370 0.732426 0.748299 0.725624 0.741497 0.730159 0.723356 0.723356 0.712018 0.721088 0.698413 0.714286 0.689342 0.714286 0.682540 0.700680 0.664399 0.689342 0.639456 0.625850 0.585034 0.596372 0.587302 0.571429 0.571429 0.541950 0.539683
0 0.437642 0.160998 0.417234 0.167800 0.401361 0.192744 0.396825 0.229025 0.401361 0.235828 0.403628 0.256236 0.396825 0.265306 0.396825 0.272109 0.405896 0.283447 0.405896 0.290249 0.417234 0.310658 0.417234 0.331066 0.428571 0.342404 0.435374 0.356009 0.455782 0.365079 0.469388 0.378685 0.478458 0.408163 0.478458 0.419501 0.473923 0.421769 0.482993 0.421769 0.494331 0.433107 0.494331 0.442177 0.501134 0.458050 0.505669 0.433107 0.503401 0.424036 0.496599 0.417234 0.489796 0.394558 0.492063 0.367347 0.507937 0.353741 0.519274 0.337868 0.519274 0.281179 0.503401 0.251701 0.503401 0.208617 0.496599 0.192744 0.464853 0.167800 0.448980 0.160998
0 0.292517 0.510204 0.303855 0.521542 0.321995 0.530612 0.383220 0.535147 0.392290 0.526077 0.410431 0.526077 0.426304 0.514739 0.435374 0.503401 0.444444 0.503401 0.458050 0.496599 0.462585 0.482993 0.458050 0.476190 0.451247 0.482993 0.439909 0.476190 0.433107 0.467120 0.403628 0.458050 0.358277 0.458050 0.333333 0.469388 0.326531 0.469388 0.312925 0.480726 0.299320 0.485261 0.292517 0.496599
0 0.494331 0.517007 0.469388 0.517007 0.464853 0.512472 0.444444 0.517007 0.433107 0.535147 0.433107 0.544218 0.408163 0.562358 0.408163 0.600907 0.414966 0.621315 0.453515 0.621315 0.480726 0.609977 0.492063 0.598639 0.512472 0.557823 0.512472 0.546485
0 0.655329 0.424036 0.646259 0.417234 0.641723 0.408163 0.634921 0.408163 0.616780 0.399093 0.589569 0.401361 0.551020 0.417234 0.530612 0.442177 0.526077 0.442177 0.523810 0.453515 0.519274 0.458050 0.519274 0.473923 0.523810 0.485261 0.530612 0.492063 0.548753 0.498866 0.589569 0.501134 0.589569 0.494331 0.598639 0.485261 0.634921 0.467120
0 0.476190 0.424036 0.455782 0.451247 0.455782 0.464853 0.464853 0.482993 0.462585 0.485261 0.494331 0.485261 0.503401 0.467120 0.496599 0.458050 0.492063 0.433107 0.482993 0.424036
0 0.494331 0.514739 0.510204 0.539683 0.544218 0.537415 0.551020 0.526077 0.551020 0.512472 0.546485 0.501134 0.526077 0.489796 0.523810 0.496599 0.510204 0.510204
0 0.521542 0.480726 0.519274 0.476190 0.505669 0.469388 0.494331 0.487528 0.460317 0.489796 0.460317 0.505669 0.469388 0.514739 0.492063 0.514739 0.496599 0.510204 0.510204 0.507937 0.521542 0.496599