0 0.360544 0.478458 0.362812 0.507937 0.369615 0.512472 0.371882 0.519274 0.392290 0.530612 0.412698 0.530612 0.439909 0.498866 0.460317 0.501134 0.464853 0.496599 0.439909 0.494331 0.433107 0.487528 0.433107 0.467120 0.426304 0.460317 0.410431 0.455782 0.383220 0.458050 0.374150 0.462585
0 0.560091 0.492063 0.571429 0.501134 0.575964 0.521542 0.582766 0.530612 0.591837 0.535147 0.625850 0.532880 0.639456 0.526077 0.648526 0.514739 0.646259 0.489796 0.632653 0.476190 0.612245 0.467120 0.596372 0.467120
0 0.473923 0.408163 0.469388 0.417234 0.478458 0.428571 0.489796 0.428571 0.496599 0.437642 0.487528 0.439909 0.480726 0.446712 0.480726 0.453515 0.489796 0.460317 0.492063 0.469388 0.492063 0.446712 0.496599 0.439909 0.498866 0.446712 0.501134 0.444444 0.501134 0.424036 0.489796 0.412698
0 0.494331 0.521542 0.487528 0.523810 0.482993 0.546485 0.451247 0.569161 0.448980 0.598639 0.455782 0.616780 0.453515 0.625850 0.460317 0.639456 0.485261 0.653061 0.492063 0.646259 0.498866 0.646259 0.521542 0.623583 0.528345 0.609977 0.526077 0.607710 0.530612 0.578231 0.521542 0.560091 0.501134 0.548753 0.494331 0.535147
0 0.519274 0.335601 0.496599 0.337868 0.485261 0.349206 0.478458 0.367347 0.478458 0.385488 0.485261 0.394558 0.487528 0.410431 0.498866 0.412698 0.503401 0.417234 0.503401 0.458050 0.498866 0.462585 0.498866 0.476190 0.503401 0.482993 0.510204 0.433107 0.517007 0.424036 0.541950 0.412698 0.548753 0.387755 0.548753 0.369615 0.532880 0.344671
0 0.424036 0.401361 0.417234 0.414966 0.414966 0.430839 0.428571 0.453515 0.439909 0.462585 0.460317 0.460317 0.480726 0.473923 0.482993 0.469388 0.473923 0.455782 0.478458 0.439909 0.473923 0.430839 0.476190 0.426304 0.467120 0.414966 0.460317 0.417234 0.430839 0.399093
0 0.498866 0.512472 0.494331 0.517007 0.496599 0.535147 0.503401 0.544218 0.512472 0.541950 0.519274 0.530612
0 0.582766 0.437642 0.571429 0.428571 0.560091 0.428571 0.539683 0.435374 0.530612 0.446712 0.519274 0.453515 0.517007 0.473923 0.512472 0.480726 0.503401 0.485261 0.526077 0.494331 0.562358 0.489796 0.580499 0.473923 0.587302 0.460317
0 0.485261 0.482993 0.467120 0.492063 0.467120 0.496599 0.460317 0.503401 0.462585 0.519274 0.482993 0.519274 0.485261 0.523810 0.498866 0.510204 0.496599 0.496599
0 0.496599 0.487528 0.494331 0.489796 0.498866 0.496599 0.498866 0.507937 0.505669 0.512472 0.517007 0.510204 0.521542 0.496599 0.512472 0.489796
0 0.485261 0.469388 0.480726 0.478458 0.492063 0.487528 0.501134 0.485261 0.496599 0.473923