0 0.458050 0.351474 0.433107 0.358277 0.417234 0.374150 0.417234 0.380952 0.444444 0.401361 0.442177 0.414966 0.453515 0.428571 0.453515 0.433107 0.451247 0.396825 0.453515 0.390023 0.460317 0.385488 0.460317 0.376417 0.455782 0.371882
0 0.537415 0.517007 0.517007 0.535147 0.507937 0.539683 0.494331 0.539683 0.496599 0.544218 0.492063 0.553288 0.492063 0.580499 0.501134 0.582766 0.514739 0.594104 0.526077 0.594104 0.535147 0.598639 0.548753 0.594104 0.557823 0.585034 0.560091 0.573696 0.571429 0.555556 0.569161 0.539683 0.560091 0.526077 0.551020 0.519274
0 0.471655 0.467120 0.494331 0.464853 0.501134 0.471655 0.519274 0.478458 0.521542 0.476190 0.517007 0.451247 0.498866 0.451247 0.485261 0.462585
0 0.414966 0.512472 0.417234 0.517007 0.385488 0.548753 0.371882 0.557823 0.351474 0.548753 0.333333 0.551020 0.299320 0.585034 0.290249 0.609977 0.290249 0.628118 0.294785 0.637188 0.294785 0.648526 0.317460 0.671202 0.335601 0.673469 0.353741 0.668934 0.365079 0.659864 0.374150 0.657596 0.394558 0.632653 0.403628 0.614512 0.403628 0.600907 0.392290 0.585034 0.387755 0.564626 0.419501 0.521542
0 0.684807 0.401361 0.671202 0.387755 0.643991 0.376417 0.614512 0.374150 0.578231 0.383220 0.555556 0.401361 0.544218 0.437642 0.519274 0.451247 0.521542 0.462585 0.532880 0.458050 0.546485 0.458050 0.555556 0.462585 0.566893 0.478458 0.585034 0.489796 0.607710 0.492063 0.619048 0.482993 0.628118 0.482993 0.650794 0.471655 0.680272 0.437642 0.684807 0.426304
0 0.226757 0.383220 0.226757 0.394558 0.233560 0.405896 0.244898 0.417234 0.278912 0.437642 0.310658 0.437642 0.337868 0.421769 0.351474 0.419501 0.383220 0.435374 0.390023 0.444444 0.412698 0.458050 0.403628 0.439909 0.369615 0.417234 0.349206 0.394558 0.356009 0.380952 0.356009 0.365079 0.340136 0.349206 0.331066 0.349206 0.324263 0.342404 0.299320 0.342404 0.292517 0.349206 0.281179 0.351474 0.267574 0.365079 0.244898 0.369615
0 0.451247 0.496599 0.453515 0.580499 0.437642 0.600907 0.435374 0.621315 0.439909 0.641723 0.462585 0.689342 0.476190 0.700680 0.476190 0.705215 0.503401 0.725624 0.519274 0.725624 0.528345 0.714286 0.535147 0.693878 0.532880 0.650794 0.523810 0.630385 0.523810 0.621315 0.507937 0.598639 0.507937 0.591837 0.501134 0.585034 0.473923 0.580499 0.464853 0.569161 0.460317 0.557823 0.462585 0.548753 0.458050 0.530612 0.460317 0.510204 0.455782 0.505669 0.455782 0.496599
0 0.535147 0.297052 0.507937 0.301587 0.485261 0.312925 0.473923 0.321995 0.467120 0.337868 0.469388 0.344671 0.460317 0.351474 0.458050 0.371882 0.462585 0.376417 0.464853 0.396825 0.478458 0.412698 0.469388 0.437642 0.455782 0.446712 0.462585 0.453515 0.462585 0.462585 0.498866 0.421769 0.521542 0.414966 0.539683 0.383220 0.546485 0.362812 0.560091 0.342404 0.560091 0.317460 0.553288 0.312925 0.548753 0.303855
0 0.290249 0.505669 0.306122 0.526077 0.340136 0.532880 0.344671 0.528345 0.380952 0.519274 0.410431 0.485261 0.419501 0.480726 0.430839 0.480726 0.437642 0.476190 0.437642 0.471655 0.419501 0.473923 0.412698 0.478458 0.399093 0.476190 0.385488 0.462585 0.340136 0.458050 0.317460 0.467120 0.294785 0.487528
0 0.451247 0.492063 0.458050 0.496599 0.462585 0.519274 0.476190 0.532880 0.487528 0.537415 0.507937 0.537415 0.517007 0.532880 0.537415 0.514739 0.541950 0.501134 0.521542 0.480726 0.501134 0.473923 0.494331 0.467120 0.467120 0.467120
0 0.439909 0.412698 0.421769 0.414966 0.405896 0.430839 0.405896 0.442177 0.414966 0.455782 0.412698 0.460317 0.417234 0.460317 0.424036 0.471655 0.437642 0.469388 0.437642 0.460317 0.444444 0.458050 0.455782 0.444444 0.455782 0.437642
0 0.442177 0.480726 0.419501 0.482993 0.410431 0.487528 0.412698 0.507937 0.426304 0.523810 0.433107 0.523810 0.448980 0.510204 0.451247 0.489796
0 0.455782 0.448980 0.444444 0.460317 0.439909 0.460317 0.437642 0.478458 0.442177 0.478458 0.451247 0.487528 0.464853 0.467120