0 0.424036 0.684807 0.419501 0.684807 0.412698 0.700680 0.405896 0.705215 0.405896 0.709751 0.399093 0.714286 0.394558 0.723356 0.371882 0.734694 0.369615 0.743764 0.374150 0.746032 0.367347 0.750567 0.401361 0.736961 0.421769 0.723356
0 0.893424 0.328798 0.882086 0.346939 0.870748 0.353741 0.861678 0.353741 0.843537 0.367347 0.870748 0.380952 0.884354 0.392290 0.884354 0.412698 0.879819 0.428571 0.897959 0.408163 0.909297 0.403628 0.918367 0.376417 0.918367 0.362812 0.909297 0.333333
0 0.206349 0.698413 0.206349 0.712018 0.188209 0.732426 0.158730 0.743764 0.154195 0.750567 0.140590 0.755102 0.131519 0.764172 0.124717 0.764172 0.111111 0.775510 0.095238 0.777778 0.086168 0.791383 0.068027 0.798186 0.070295 0.836735 0.077098 0.845805 0.079365 0.866213 0.083900 0.875283 0.113379 0.909297 0.133787 0.918367 0.172336 0.902494 0.172336 0.897959 0.179138 0.891156 0.190476 0.888889 0.201814 0.877551 0.206349 0.877551 0.222222 0.859410 0.235828 0.852608 0.258503 0.827664 0.274376 0.818594 0.285714 0.804989 0.292517 0.786848 0.287982 0.782313 0.285714 0.786848 0.256236 0.786848 0.235828 0.775510 0.229025 0.775510 0.219955 0.766440 0.208617 0.741497 0.206349 0.716553 0.210884 0.705215 0.208617 0.709751
0 0.600907 0.668934 0.598639 0.678005 0.653061 0.723356 0.664399 0.739229 0.712018 0.782313 0.721088 0.800454 0.734694 0.814059 0.743764 0.839002 0.755102 0.852608 0.766440 0.877551 0.766440 0.884354 0.777778 0.900227 0.780045 0.911565 0.784580 0.913832 0.786848 0.929705 0.791383 0.934240 0.791383 0.956916 0.795918 0.963719 0.795918 0.997732 0.852608 0.997732 0.888889 0.950113 0.888889 0.938776 0.897959 0.909297 0.882086 0.857143 0.854875 0.825397 0.841270 0.800454 0.818594 0.777778 0.816327 0.766440 0.798186 0.746032 0.782313 0.741497 0.782313 0.736961 0.786848 0.734694 0.784580 0.723356 0.761905 0.707483 0.752834 0.714286 0.723356 0.714286 0.698413 0.689342 0.675737 0.689342 0.653061 0.678005 0.650794 0.671202 0.641723 0.671202 0.634921 0.675737 0.616780 0.675737 0.609977 0.668934
0 0.344671 0.102041 0.346939 0.120181 0.365079 0.156463 0.365079 0.188209 0.374150 0.197279 0.371882 0.235828 0.380952 0.258503 0.403628 0.281179 0.410431 0.299320 0.412698 0.274376 0.419501 0.256236 0.414966 0.253968 0.410431 0.240363 0.408163 0.199546 0.392290 0.172336 0.392290 0.165533 0.374150 0.124717 0.360544 0.117914
0 0.000000 0.199546 0.002268 0.426304 0.034014 0.437642 0.061224 0.435374 0.077098 0.446712 0.111111 0.446712 0.122449 0.442177 0.149660 0.446712 0.172336 0.437642 0.192744 0.424036 0.238095 0.417234 0.226757 0.417234 0.222222 0.412698 0.217687 0.396825 0.195011 0.394558 0.165533 0.362812 0.145125 0.349206 0.126984 0.326531 0.102041 0.287982 0.099773 0.235828 0.065760 0.215420 0.056689 0.215420 0.029478 0.204082
0 0.367347 0.746032 0.356009 0.757370 0.340136 0.764172 0.324263 0.777778 0.294785 0.784580 0.287982 0.804989 0.274376 0.820862 0.258503 0.829932 0.235828 0.854875 0.222222 0.861678 0.206349 0.879819 0.174603 0.897959 0.179138 0.902494 0.181406 0.916100 0.167800 0.929705 0.147392 0.961451 0.151927 0.977324 0.158730 0.979592 0.167800 0.990930 0.183673 0.997732 0.360544 0.997732 0.356009 0.956916 0.358277 0.947846 0.374150 0.929705 0.374150 0.907029 0.369615 0.902494 0.367347 0.884354 0.378685 0.875283 0.378685 0.868481 0.369615 0.857143 0.358277 0.832200 0.356009 0.791383 0.360544 0.784580 0.360544 0.766440
0 0.997732 0.027211 0.984127 0.027211 0.977324 0.031746 0.965986 0.031746 0.941043 0.040816 0.877551 0.104308 0.873016 0.104308 0.857143 0.120181 0.850340 0.133787 0.839002 0.145125 0.839002 0.149660 0.832200 0.154195 0.832200 0.160998 0.814059 0.179138 0.800454 0.185941 0.789116 0.199546 0.784580 0.199546 0.782313 0.206349 0.759637 0.219955 0.750567 0.238095 0.743764 0.242630 0.741497 0.251701 0.730159 0.260771 0.732426 0.297052 0.725624 0.315193 0.691610 0.353741 0.682540 0.353741 0.682540 0.358277 0.684807 0.353741 0.702948 0.349206 0.736961 0.349206 0.750567 0.356009 0.759637 0.356009 0.764172 0.360544 0.789116 0.362812 0.791383 0.367347 0.841270 0.367347 0.845805 0.360544 0.854875 0.358277 0.861678 0.351474 0.870748 0.351474 0.882086 0.344671 0.888889 0.335601 0.891156 0.321995 0.902494 0.312925 0.925170 0.308390 0.952381 0.278912 0.997732 0.253968
0 0.000000 0.138322 0.002268 0.188209 0.056689 0.197279 0.104308 0.199546 0.113379 0.204082 0.126984 0.219955 0.154195 0.206349 0.174603 0.204082 0.172336 0.197279 0.129252 0.195011 0.088435 0.185941 0.079365 0.179138 0.068027 0.176871 0.049887 0.160998 0.027211 0.154195
0 0.736961 0.612245 0.736961 0.646259 0.748299 0.646259 0.804989 0.696145 0.811791 0.709751 0.811791 0.743764 0.820862 0.764172 0.820862 0.777778 0.825397 0.782313 0.843537 0.786848 0.863946 0.811791 0.897959 0.839002 0.938776 0.848073 0.950113 0.854875 0.968254 0.857143 0.981859 0.866213 0.997732 0.868481 0.997732 0.664399 0.968254 0.655329 0.954649 0.655329 0.938776 0.646259 0.920635 0.646259 0.916100 0.639456 0.902494 0.639456 0.891156 0.643991 0.888889 0.648526 0.873016 0.648526 0.863946 0.639456 0.839002 0.646259 0.832200 0.641723 0.832200 0.637188 0.820862 0.641723 0.807256 0.641723 0.777778 0.632653 0.755102 0.616780
0 0.000000 0.435374 0.000000 0.560091 0.043084 0.557823 0.058957 0.544218 0.083900 0.544218 0.088435 0.548753 0.097506 0.546485 0.113379 0.535147 0.126984 0.535147 0.136054 0.544218 0.145125 0.544218 0.154195 0.537415 0.172336 0.537415 0.174603 0.541950 0.181406 0.541950 0.204082 0.553288 0.267574 0.553288 0.278912 0.548753 0.292517 0.548753 0.278912 0.546485 0.260771 0.528345 0.258503 0.521542 0.256236 0.526077 0.242630 0.526077 0.183673 0.517007 0.140590 0.496599 0.111111 0.467120 0.102041 0.467120 0.095238 0.473923 0.088435 0.473923 0.029478 0.442177
0 0.938776 0.000000 0.764172 0.000000 0.764172 0.040816 0.759637 0.043084 0.759637 0.054422 0.752834 0.061224 0.741497 0.142857 0.732426 0.156463 0.730159 0.176871 0.723356 0.190476 0.714286 0.195011 0.707483 0.204082 0.705215 0.224490 0.700680 0.233560 0.691610 0.240363 0.682540 0.258503 0.666667 0.272109 0.657596 0.274376 0.655329 0.278912 0.641723 0.285714 0.641723 0.294785 0.609977 0.337868 0.600907 0.344671 0.594104 0.342404 0.605442 0.353741 0.607710 0.365079 0.612245 0.369615 0.612245 0.392290 0.675737 0.312925 0.723356 0.260771 0.727891 0.263039 0.739229 0.251701 0.741497 0.242630 0.748299 0.238095 0.757370 0.219955 0.782313 0.204082 0.784580 0.197279 0.789116 0.197279 0.800454 0.183673 0.814059 0.176871 0.829932 0.160998 0.829932 0.154195 0.836735 0.149660 0.848073 0.129252 0.873016 0.102041 0.879819 0.099773 0.893424 0.074830 0.936508 0.018141 0.934240 0.006803
0 0.514739 0.632653 0.505669 0.637188 0.503401 0.646259 0.485261 0.666667 0.473923 0.655329 0.469388 0.714286 0.458050 0.746032 0.451247 0.752834 0.451247 0.768707 0.437642 0.807256 0.380952 0.886621 0.378685 0.877551 0.369615 0.884354 0.371882 0.902494 0.376417 0.907029 0.376417 0.929705 0.360544 0.947846 0.358277 0.956916 0.362812 0.997732 0.587302 0.997732 0.580499 0.990930 0.580499 0.977324 0.569161 0.954649 0.569161 0.947846 0.562358 0.938776 0.562358 0.929705 0.546485 0.913832 0.546485 0.909297 0.521542 0.873016 0.507937 0.841270 0.505669 0.827664 0.489796 0.800454 0.489796 0.730159 0.501134 0.714286 0.501134 0.705215 0.505669 0.700680 0.510204 0.668934 0.514739 0.659864
0 0.000000 0.011338 0.000000 0.136054 0.004535 0.140590 0.049887 0.158730 0.068027 0.174603 0.079365 0.176871 0.088435 0.183673 0.129252 0.192744 0.208617 0.192744 0.224490 0.195011 0.231293 0.199546 0.247166 0.199546 0.274376 0.208617 0.299320 0.233560 0.351474 0.269841 0.358277 0.287982 0.378685 0.308390 0.378685 0.324263 0.385488 0.333333 0.385488 0.340136 0.392290 0.349206 0.405896 0.356009 0.403628 0.367347 0.394558 0.376417 0.405896 0.385488 0.412698 0.385488 0.408163 0.383220 0.417234 0.380952 0.417234 0.374150 0.426304 0.369615 0.426304 0.365079 0.421769 0.360544 0.408163 0.358277 0.410431 0.301587 0.401361 0.281179 0.378685 0.258503 0.369615 0.235828 0.371882 0.197279 0.362812 0.188209 0.362812 0.156463 0.344671 0.120181 0.340136 0.079365 0.321995 0.065760 0.306122 0.063492 0.297052 0.070295 0.285714 0.070295 0.272109 0.058957 0.224490 0.043084 0.213152 0.047619 0.188209 0.031746 0.145125 0.024943 0.124717 0.018141 0.111111 0.018141 0.079365 0.004535 0.029478 0.002268
0 0.997732 0.641723 0.997732 0.437642 0.979592 0.433107 0.909297 0.435374 0.900227 0.433107 0.891156 0.421769 0.877551 0.430839 0.877551 0.435374 0.868481 0.439909 0.863946 0.446712 0.852608 0.448980 0.848073 0.460317 0.829932 0.476190 0.818594 0.480726 0.814059 0.487528 0.802721 0.489796 0.791383 0.498866 0.770975 0.503401 0.768707 0.507937 0.750567 0.510204 0.748299 0.514739 0.666667 0.517007 0.646259 0.510204 0.659864 0.521542 0.664399 0.535147 0.682540 0.551020 0.689342 0.551020 0.689342 0.546485 0.712018 0.551020 0.721088 0.557823 0.757370 0.569161 0.814059 0.603175 0.832200 0.619048 0.854875 0.621315 0.866213 0.630385 0.866213 0.639456 0.873016 0.646259 0.888889 0.646259 0.891156 0.641723 0.900227 0.639456 0.911565 0.630385 0.918367 0.632653 0.920635 0.643991
0 0.362812 0.573696 0.331066 0.571429 0.324263 0.564626 0.317460 0.564626 0.306122 0.557823 0.233560 0.562358 0.217687 0.555556 0.190476 0.551020 0.181406 0.544218 0.174603 0.544218 0.172336 0.539683 0.154195 0.539683 0.145125 0.546485 0.136054 0.546485 0.126984 0.537415 0.106576 0.539683 0.097506 0.548753 0.088435 0.551020 0.083900 0.546485 0.058957 0.546485 0.043084 0.560091 0.002268 0.560091 0.000000 0.820862 0.027211 0.809524 0.043084 0.809524 0.054422 0.802721 0.061224 0.802721 0.068027 0.795918 0.086168 0.789116 0.095238 0.775510 0.111111 0.773243 0.124717 0.761905 0.131519 0.761905 0.140590 0.752834 0.154195 0.748299 0.158730 0.741497 0.188209 0.730159 0.204082 0.712018 0.204082 0.698413 0.208617 0.698413 0.208617 0.707483 0.226757 0.691610 0.235828 0.655329 0.240363 0.653061 0.242630 0.641723 0.258503 0.616780 0.276644 0.605442 0.331066 0.591837 0.337868 0.585034
0 0.523810 0.528345 0.523810 0.535147 0.541950 0.555556 0.544218 0.582766 0.557823 0.600907 0.560091 0.616780 0.571429 0.634921 0.573696 0.628118 0.575964 0.641723 0.603175 0.666667 0.609977 0.666667 0.616780 0.673469 0.634921 0.673469 0.641723 0.668934 0.693878 0.671202 0.702948 0.662132 0.721088 0.657596 0.734694 0.646259 0.734694 0.609977 0.718821 0.580499 0.689342 0.553288 0.675737 0.548753 0.662132 0.535147 0.657596 0.521542 0.639456 0.505669 0.619048 0.498866 0.569161 0.498866 0.566893 0.494331 0.555556 0.517007 0.548753 0.521542 0.535147 0.521542
0 0.539683 0.580499 0.539683 0.594104 0.532880 0.607710 0.532880 0.619048 0.517007 0.632653 0.521542 0.634921 0.521542 0.657596 0.517007 0.671202 0.519274 0.687075 0.514739 0.700680 0.510204 0.705215 0.503401 0.705215 0.503401 0.714286 0.492063 0.730159 0.492063 0.800454 0.507937 0.827664 0.510204 0.841270 0.523810 0.873016 0.548753 0.909297 0.548753 0.913832 0.564626 0.929705 0.564626 0.938776 0.571429 0.947846 0.571429 0.954649 0.582766 0.977324 0.582766 0.990930 0.589569 0.997732 0.793651 0.997732 0.793651 0.963719 0.789116 0.956916 0.789116 0.934240 0.784580 0.929705 0.782313 0.913832 0.777778 0.911565 0.775510 0.900227 0.768707 0.893424 0.755102 0.857143 0.741497 0.839002 0.732426 0.814059 0.718821 0.800454 0.709751 0.782313 0.687075 0.759637 0.675737 0.752834 0.653061 0.725624 0.596372 0.678005 0.596372 0.668934 0.575964 0.648526 0.578231 0.643991 0.573696 0.641723 0.573696 0.630385 0.571429 0.628118 0.571429 0.637188 0.564626 0.630385 0.557823 0.616780 0.555556 0.600907
0 0.256236 0.494331 0.256236 0.507937 0.263039 0.519274 0.260771 0.523810 0.278912 0.544218 0.292517 0.546485 0.301587 0.555556 0.324263 0.562358 0.331066 0.569161 0.365079 0.571429 0.414966 0.551020 0.426304 0.535147 0.428571 0.539683 0.428571 0.512472 0.435374 0.505669 0.453515 0.501134 0.446712 0.482993 0.435374 0.469388 0.417234 0.455782 0.412698 0.455782 0.396825 0.442177 0.324263 0.439909 0.312925 0.448980 0.294785 0.453515 0.272109 0.469388
0 0.761905 0.000000 0.621315 0.000000 0.605442 0.015873 0.596372 0.043084 0.580499 0.056689 0.569161 0.088435 0.555556 0.106576 0.551020 0.120181 0.551020 0.147392 0.535147 0.183673 0.537415 0.190476 0.528345 0.204082 0.530612 0.215420 0.535147 0.217687 0.535147 0.244898 0.530612 0.247166 0.541950 0.260771 0.541950 0.267574 0.560091 0.301587 0.560091 0.328798 0.553288 0.342404 0.553288 0.353741 0.548753 0.358277 0.548753 0.371882 0.562358 0.365079 0.562358 0.360544 0.569161 0.356009 0.569161 0.344671 0.573696 0.340136 0.587302 0.340136 0.591837 0.344671 0.591837 0.324263 0.607710 0.303855 0.628118 0.297052 0.641723 0.283447 0.655329 0.276644 0.657596 0.272109 0.666667 0.269841 0.671202 0.263039 0.675737 0.263039 0.689342 0.240363 0.698413 0.233560 0.705215 0.215420 0.705215 0.204082 0.714286 0.192744 0.721088 0.190476 0.727891 0.176871 0.730159 0.156463 0.739229 0.142857 0.750567 0.061224 0.757370 0.054422 0.757370 0.043084 0.761905 0.040816
0 0.596372 0.346939 0.589569 0.346939 0.587302 0.342404 0.573696 0.342404 0.571429 0.356009 0.564626 0.360544 0.564626 0.365079 0.551020 0.371882 0.537415 0.385488 0.530612 0.385488 0.507937 0.410431 0.505669 0.428571 0.514739 0.435374 0.519274 0.444444 0.517007 0.473923 0.521542 0.467120 0.566893 0.471655 0.571429 0.476190 0.571429 0.485261 0.575964 0.485261 0.591837 0.467120 0.594104 0.455782 0.600907 0.448980 0.600907 0.430839 0.605442 0.426304 0.607710 0.408163 0.612245 0.405896 0.609977 0.369615 0.605442 0.365079 0.603175 0.353741
0 0.102041 0.240363 0.104308 0.287982 0.120181 0.308390 0.122449 0.317460 0.145125 0.346939 0.165533 0.360544 0.195011 0.392290 0.217687 0.394558 0.222222 0.399093 0.226757 0.414966 0.253968 0.414966 0.258503 0.430839 0.265306 0.437642 0.292517 0.435374 0.317460 0.439909 0.399093 0.439909 0.396825 0.426304 0.392290 0.421769 0.390023 0.376417 0.401361 0.367347 0.403628 0.356009 0.392290 0.351474 0.383220 0.340136 0.383220 0.333333 0.376417 0.324263 0.376417 0.308390 0.356009 0.287982 0.349206 0.269841 0.299320 0.235828 0.274376 0.210884 0.247166 0.201814 0.231293 0.201814 0.224490 0.197279 0.179138 0.195011 0.174603 0.197279 0.176871 0.204082 0.172336 0.208617 0.154195 0.208617 0.136054 0.215420 0.133787 0.219955 0.124717 0.222222 0.108844 0.242630
0 0.698413 0.668934 0.700680 0.689342 0.723356 0.712018 0.752834 0.712018 0.766440 0.698413 0.775510 0.696145 0.782313 0.687075 0.782313 0.682540 0.770975 0.682540 0.761905 0.675737 0.743764 0.671202 0.741497 0.659864 0.730159 0.659864 0.727891 0.655329 0.707483 0.662132
0 0.523810 0.523810 0.498866 0.523810 0.485261 0.519274 0.453515 0.532880 0.430839 0.535147 0.430839 0.553288 0.435374 0.564626 0.435374 0.598639 0.442177 0.612245 0.442177 0.621315 0.455782 0.637188 0.464853 0.641723 0.464853 0.646259 0.482993 0.664399 0.501134 0.646259 0.507937 0.632653 0.519274 0.630385 0.530612 0.619048 0.530612 0.607710 0.537415 0.594104 0.537415 0.580499 0.541950 0.578231 0.539683 0.555556 0.521542 0.535147
0 0.882086 0.392290 0.845805 0.369615 0.791383 0.369615 0.789116 0.365079 0.764172 0.362812 0.759637 0.358277 0.750567 0.358277 0.736961 0.351474 0.702948 0.351474 0.684807 0.356009 0.680272 0.362812 0.666667 0.362812 0.650794 0.378685 0.639456 0.378685 0.621315 0.396825 0.614512 0.396825 0.614512 0.405896 0.609977 0.408163 0.607710 0.426304 0.603175 0.430839 0.603175 0.448980 0.598639 0.451247 0.596372 0.462585 0.582766 0.478458 0.582766 0.482993 0.569161 0.489796 0.569161 0.496599 0.619048 0.496599 0.666667 0.514739 0.748299 0.512472 0.750567 0.507937 0.768707 0.505669 0.770975 0.501134 0.791383 0.496599 0.793651 0.492063 0.814059 0.485261 0.818594 0.478458 0.839002 0.467120 0.852608 0.446712 0.863946 0.444444 0.868481 0.437642 0.875283 0.435374 0.882086 0.412698
0 0.392290 0.376417 0.394558 0.421769 0.401361 0.433107 0.401361 0.444444 0.435374 0.467120 0.444444 0.478458 0.455782 0.455782 0.460317 0.455782 0.462585 0.451247 0.482993 0.448980 0.482993 0.430839 0.492063 0.421769 0.485261 0.421769 0.455782 0.390023 0.446712 0.385488 0.405896 0.387755
0 0.430839 0.539683 0.428571 0.541950 0.426304 0.537415 0.426304 0.541950 0.414966 0.553288 0.371882 0.569161 0.362812 0.578231 0.351474 0.580499 0.331066 0.594104 0.276644 0.607710 0.258503 0.619048 0.244898 0.641723 0.242630 0.653061 0.238095 0.655329 0.229025 0.691610 0.213152 0.705215 0.208617 0.716553 0.210884 0.741497 0.222222 0.766440 0.229025 0.773243 0.235828 0.773243 0.256236 0.784580 0.285714 0.784580 0.287982 0.780045 0.292517 0.784580 0.299320 0.780045 0.324263 0.775510 0.333333 0.766440 0.365079 0.748299 0.371882 0.732426 0.394558 0.721088 0.403628 0.705215 0.410431 0.700680 0.417234 0.684807 0.439909 0.664399 0.448980 0.659864 0.462585 0.659864 0.462585 0.641723 0.455782 0.639456 0.442177 0.625850 0.433107 0.598639 0.433107 0.564626 0.428571 0.553288
0 0.569161 0.476190 0.521542 0.469388 0.521542 0.485261 0.510204 0.507937 0.494331 0.519274 0.523810 0.521542 0.526077 0.526077 0.535147 0.519274 0.548753 0.519274 0.555556 0.514739 0.560091 0.498866 0.571429 0.487528
0 0.476190 0.208617 0.442177 0.226757 0.428571 0.240363 0.424036 0.256236 0.419501 0.258503 0.412698 0.287982 0.410431 0.358277 0.421769 0.358277 0.428571 0.365079 0.428571 0.369615 0.419501 0.374150 0.417234 0.383220 0.410431 0.383220 0.446712 0.383220 0.455782 0.387755 0.485261 0.419501 0.505669 0.424036 0.505669 0.410431 0.530612 0.383220 0.537415 0.383220 0.546485 0.376417 0.546485 0.358277 0.551020 0.353741 0.551020 0.342404 0.557823 0.328798 0.557823 0.301587 0.523810 0.233560 0.517007 0.231293 0.501134 0.215420
0 0.451247 0.662132 0.439909 0.666667 0.424036 0.682540 0.424036 0.721088 0.428571 0.721088 0.430839 0.732426 0.448980 0.755102 0.455782 0.746032 0.464853 0.718821 0.451247 0.678005
0 0.480726 0.517007 0.453515 0.498866 0.453515 0.503401 0.446712 0.503401 0.430839 0.512472 0.430839 0.532880 0.453515 0.530612
0 0.498866 0.424036 0.485261 0.430839 0.485261 0.448980 0.480726 0.453515 0.462585 0.453515 0.453515 0.460317 0.448980 0.478458 0.444444 0.480726 0.448980 0.482993 0.451247 0.494331 0.482993 0.519274 0.503401 0.512472 0.519274 0.485261 0.519274 0.473923 0.514739 0.473923 0.517007 0.444444 0.512472 0.435374