0 0.453515 0.333333 0.430839 0.335601 0.408163 0.353741 0.403628 0.374150 0.405896 0.390023 0.412698 0.399093 0.430839 0.405896 0.433107 0.410431 0.435374 0.405896 0.444444 0.403628 0.469388 0.403628 0.480726 0.396825 0.485261 0.387755 0.487528 0.374150 0.476190 0.351474 0.464853 0.337868
0 0.444444 0.539683 0.453515 0.551020 0.453515 0.560091 0.446712 0.573696 0.428571 0.589569 0.414966 0.607710 0.426304 0.625850 0.439909 0.632653 0.462585 0.632653 0.476190 0.628118 0.485261 0.614512 0.487528 0.575964 0.458050 0.553288 0.469388 0.541950 0.467120 0.539683
0 0.521542 0.560091 0.519274 0.587302 0.526077 0.596372 0.546485 0.609977 0.591837 0.616780 0.607710 0.607710 0.619048 0.594104 0.614512 0.560091 0.605442 0.566893 0.560091 0.564626 0.528345 0.553288
0 0.247166 0.480726 0.247166 0.489796 0.258503 0.517007 0.276644 0.532880 0.308390 0.544218 0.344671 0.541950 0.353741 0.537415 0.362812 0.528345 0.369615 0.505669 0.390023 0.489796 0.433107 0.489796 0.430839 0.485261 0.417234 0.480726 0.412698 0.485261 0.369615 0.482993 0.353741 0.469388 0.353741 0.462585 0.342404 0.446712 0.331066 0.442177 0.299320 0.439909 0.263039 0.458050
0 0.594104 0.285714 0.566893 0.281179 0.546485 0.287982 0.521542 0.303855 0.510204 0.319728 0.507937 0.335601 0.498866 0.346939 0.494331 0.360544 0.494331 0.383220 0.507937 0.403628 0.507937 0.419501 0.492063 0.451247 0.485261 0.453515 0.485261 0.473923 0.485261 0.469388 0.514739 0.437642 0.526077 0.430839 0.557823 0.428571 0.580499 0.410431 0.605442 0.358277 0.609977 0.317460 0.603175 0.297052
0 0.249433 0.317460 0.249433 0.365079 0.267574 0.396825 0.281179 0.405896 0.299320 0.426304 0.335601 0.439909 0.349206 0.437642 0.351474 0.433107 0.367347 0.426304 0.378685 0.428571 0.399093 0.439909 0.424036 0.462585 0.421769 0.437642 0.417234 0.439909 0.392290 0.412698 0.399093 0.378685 0.387755 0.365079 0.376417 0.340136 0.367347 0.335601 0.356009 0.321995 0.319728 0.301587 0.297052 0.299320 0.274376 0.301587 0.258503 0.308390
0 0.476190 0.487528 0.476190 0.494331 0.485261 0.501134 0.485261 0.505669 0.492063 0.503401 0.521542 0.553288 0.528345 0.551020 0.548753 0.560091 0.573696 0.564626 0.605442 0.564626 0.612245 0.557823 0.616780 0.557823 0.628118 0.541950 0.628118 0.528345 0.623583 0.517007 0.598639 0.492063 0.571429 0.478458 0.521542 0.469388 0.505669 0.473923 0.496599 0.487528
0 0.424036 0.473923 0.419501 0.480726 0.430839 0.482993 0.435374 0.489796 0.412698 0.494331 0.419501 0.501134 0.428571 0.496599 0.437642 0.505669 0.424036 0.517007 0.408163 0.519274 0.403628 0.526077 0.383220 0.521542 0.344671 0.573696 0.342404 0.614512 0.349206 0.623583 0.358277 0.628118 0.376417 0.628118 0.399093 0.616780 0.421769 0.598639 0.426304 0.589569 0.444444 0.573696 0.451247 0.560091 0.451247 0.551020 0.435374 0.526077 0.439909 0.521542 0.442177 0.523810 0.442177 0.517007 0.448980 0.507937 0.430839 0.498866 0.435374 0.494331 0.435374 0.482993 0.430839 0.482993
0 0.430839 0.410431 0.424036 0.421769 0.426304 0.476190 0.437642 0.482993 0.451247 0.482993 0.458050 0.476190 0.467120 0.476190 0.476190 0.485261 0.482993 0.478458 0.482993 0.453515 0.487528 0.448980 0.476190 0.412698 0.469388 0.405896 0.444444 0.405896 0.435374 0.408163 0.433107 0.412698
0 0.460317 0.496599 0.453515 0.482993 0.437642 0.485261 0.437642 0.494331 0.433107 0.498866 0.446712 0.503401
0 0.458050 0.478458 0.455782 0.482993 0.462585 0.496599 0.473923 0.492063 0.467120 0.478458