0 0.294785 0.510204 0.297052 0.544218 0.310658 0.557823 0.333333 0.562358 0.340136 0.566893 0.335601 0.551020 0.344671 0.546485 0.349206 0.539683 0.367347 0.532880 0.380952 0.519274 0.360544 0.519274 0.342404 0.496599 0.324263 0.507937
0 0.505669 0.426304 0.473923 0.424036 0.448980 0.437642 0.444444 0.448980 0.430839 0.464853 0.430839 0.478458 0.437642 0.487528 0.437642 0.496599 0.444444 0.503401 0.444444 0.510204 0.453515 0.507937 0.458050 0.517007 0.467120 0.519274 0.464853 0.517007 0.473923 0.512472 0.476190 0.501134 0.482993 0.498866 0.487528 0.489796 0.494331 0.485261 0.503401 0.471655 0.501134 0.464853 0.510204 0.439909 0.510204 0.430839
0 0.587302 0.555556 0.582766 0.537415 0.555556 0.517007 0.539683 0.519274 0.519274 0.539683 0.496599 0.539683 0.480726 0.530612 0.480726 0.541950 0.492063 0.541950 0.505669 0.548753 0.519274 0.562358 0.523810 0.578231 0.537415 0.587302 0.560091 0.587302 0.573696 0.580499
0 0.346939 0.360544 0.337868 0.369615 0.335601 0.380952 0.340136 0.399093 0.351474 0.419501 0.365079 0.428571 0.369615 0.428571 0.371882 0.414966 0.376417 0.417234 0.376417 0.426304 0.387755 0.421769 0.390023 0.426304 0.385488 0.430839 0.390023 0.430839 0.403628 0.448980 0.419501 0.480726 0.419501 0.492063 0.421769 0.489796 0.433107 0.494331 0.412698 0.448980 0.412698 0.428571 0.419501 0.421769 0.424036 0.421769 0.435374 0.408163 0.435374 0.362812 0.424036 0.351474 0.408163 0.349206 0.378685 0.351474 0.371882 0.356009
0 0.437642 0.548753 0.428571 0.546485 0.428571 0.551020 0.408163 0.566893 0.408163 0.575964 0.396825 0.594104 0.383220 0.605442 0.374150 0.607710 0.362812 0.598639 0.346939 0.600907 0.333333 0.607710 0.310658 0.630385 0.297052 0.671202 0.294785 0.696145 0.297052 0.709751 0.310658 0.727891 0.333333 0.736961 0.342404 0.736961 0.358277 0.732426 0.390023 0.709751 0.410431 0.664399 0.410431 0.646259 0.399093 0.634921 0.394558 0.625850 0.394558 0.614512 0.414966 0.580499 0.424036 0.571429 0.428571 0.555556
0 0.621315 0.403628 0.605442 0.396825 0.560091 0.401361 0.544218 0.417234 0.528345 0.426304 0.505669 0.455782 0.510204 0.482993 0.492063 0.498866 0.478458 0.501134 0.476190 0.512472 0.467120 0.517007 0.480726 0.514739 0.517007 0.498866 0.528345 0.498866 0.546485 0.507937 0.566893 0.507937 0.587302 0.498866 0.598639 0.487528 0.609977 0.482993 0.634921 0.439909 0.630385 0.419501
0 0.215420 0.408163 0.215420 0.433107 0.219955 0.451247 0.231293 0.471655 0.244898 0.485261 0.272109 0.503401 0.287982 0.503401 0.292517 0.507937 0.324263 0.505669 0.344671 0.492063 0.356009 0.492063 0.405896 0.514739 0.405896 0.507937 0.365079 0.482993 0.356009 0.473923 0.353741 0.451247 0.335601 0.419501 0.319728 0.408163 0.297052 0.396825 0.263039 0.394558 0.231293 0.396825
0 0.442177 0.551020 0.451247 0.566893 0.451247 0.589569 0.435374 0.607710 0.428571 0.628118 0.433107 0.657596 0.442177 0.678005 0.467120 0.707483 0.485261 0.716553 0.494331 0.716553 0.519274 0.696145 0.526077 0.675737 0.521542 0.628118 0.512472 0.607710 0.498866 0.594104 0.485261 0.587302 0.476190 0.587302 0.467120 0.580499 0.458050 0.560091 0.453515 0.557823 0.453515 0.551020
0 0.426304 0.530612 0.421769 0.532880 0.421769 0.526077 0.412698 0.519274 0.383220 0.519274 0.367347 0.535147 0.349206 0.541950 0.344671 0.548753 0.337868 0.551020 0.342404 0.569161 0.358277 0.585034 0.394558 0.580499 0.426304 0.546485
0 0.428571 0.528345 0.428571 0.544218 0.439909 0.548753 0.453515 0.548753 0.455782 0.553288 0.464853 0.553288 0.478458 0.544218 0.478458 0.528345 0.460317 0.519274 0.448980 0.517007 0.437642 0.528345
0 0.405896 0.498866 0.408163 0.517007 0.417234 0.519274 0.426304 0.528345 0.437642 0.526077 0.446712 0.517007 0.442177 0.503401 0.430839 0.494331 0.414966 0.492063