0 0.405896 0.369615 0.403628 0.374150 0.390023 0.378685 0.383220 0.385488 0.374150 0.403628 0.371882 0.421769 0.378685 0.433107 0.376417 0.437642 0.390023 0.444444 0.421769 0.444444 0.435374 0.453515 0.437642 0.442177 0.446712 0.433107 0.446712 0.419501 0.426304 0.392290 0.421769 0.378685
0 0.537415 0.628118 0.539683 0.687075 0.530612 0.727891 0.530612 0.766440 0.532880 0.773243 0.551020 0.773243 0.575964 0.761905 0.589569 0.743764 0.594104 0.730159 0.594104 0.682540 0.580499 0.664399 0.575964 0.646259 0.569161 0.639456 0.553288 0.632653 0.539683 0.632653
0 0.476190 0.258503 0.453515 0.283447 0.455782 0.319728 0.464853 0.346939 0.496599 0.371882 0.480726 0.337868
0 0.467120 0.526077 0.439909 0.530612 0.433107 0.535147 0.430839 0.541950 0.410431 0.564626 0.367347 0.598639 0.346939 0.596372 0.326531 0.587302 0.294785 0.587302 0.281179 0.591837 0.260771 0.612245 0.244898 0.619048 0.224490 0.641723 0.197279 0.696145 0.197279 0.714286 0.206349 0.736961 0.222222 0.748299 0.244898 0.752834 0.253968 0.748299 0.269841 0.748299 0.276644 0.743764 0.306122 0.739229 0.319728 0.730159 0.337868 0.725624 0.360544 0.709751 0.376417 0.693878 0.387755 0.668934 0.387755 0.616780 0.392290 0.603175 0.439909 0.548753 0.451247 0.551020 0.451247 0.541950
0 0.882086 0.319728 0.868481 0.306122 0.854875 0.299320 0.825397 0.301587 0.818594 0.297052 0.807256 0.297052 0.800454 0.301587 0.789116 0.299320 0.777778 0.308390 0.750567 0.319728 0.746032 0.326531 0.739229 0.326531 0.721088 0.335601 0.718821 0.346939 0.702948 0.358277 0.693878 0.380952 0.693878 0.401361 0.687075 0.424036 0.673469 0.439909 0.664399 0.442177 0.678005 0.437642 0.718821 0.439909 0.727891 0.448980 0.746032 0.455782 0.759637 0.471655 0.775510 0.476190 0.784580 0.471655 0.804989 0.471655 0.820862 0.464853 0.850340 0.437642 0.861678 0.433107 0.870748 0.424036 0.882086 0.403628 0.893424 0.356009
0 0.213152 0.106576 0.195011 0.129252 0.195011 0.154195 0.208617 0.206349 0.231293 0.240363 0.242630 0.269841 0.258503 0.287982 0.278912 0.301587 0.306122 0.328798 0.331066 0.337868 0.367347 0.335601 0.387755 0.344671 0.405896 0.367347 0.424036 0.378685 0.428571 0.392290 0.448980 0.419501 0.446712 0.428571 0.460317 0.414966 0.446712 0.403628 0.442177 0.385488 0.428571 0.369615 0.396825 0.312925 0.392290 0.287982 0.396825 0.251701 0.390023 0.233560 0.365079 0.190476 0.324263 0.138322 0.281179 0.108844 0.251701 0.102041
0 0.814059 0.099773 0.804989 0.095238 0.777778 0.095238 0.743764 0.106576 0.712018 0.129252 0.673469 0.167800 0.655329 0.181406 0.625850 0.240363 0.623583 0.251701 0.623583 0.281179 0.616780 0.292517 0.616780 0.303855 0.625850 0.321995 0.625850 0.342404 0.616780 0.360544 0.596372 0.385488 0.578231 0.401361 0.575964 0.408163 0.573696 0.403628 0.573696 0.433107 0.643991 0.362812 0.671202 0.353741 0.693878 0.353741 0.705215 0.346939 0.716553 0.346939 0.716553 0.337868 0.739229 0.324263 0.746032 0.324263 0.748299 0.312925 0.764172 0.301587 0.784580 0.278912 0.820862 0.219955 0.836735 0.170068 0.834467 0.133787 0.825397 0.111111
0 0.566893 0.557823 0.564626 0.571429 0.573696 0.580499 0.596372 0.587302 0.614512 0.600907 0.625850 0.603175 0.646259 0.623583 0.655329 0.641723 0.664399 0.673469 0.691610 0.700680 0.766440 0.752834 0.818594 0.775510 0.834467 0.777778 0.854875 0.786848 0.875283 0.784580 0.882086 0.789116 0.920635 0.786848 0.934240 0.780045 0.945578 0.764172 0.945578 0.739229 0.941043 0.723356 0.929705 0.705215 0.877551 0.650794 0.825397 0.616780 0.807256 0.607710 0.800454 0.607710 0.761905 0.585034 0.732426 0.587302 0.725624 0.582766 0.712018 0.582766 0.684807 0.594104 0.668934 0.594104 0.634921 0.582766 0.632653 0.578231 0.625850 0.578231 0.621315 0.573696 0.614512 0.573696 0.585034 0.555556 0.575964 0.555556 0.571429 0.551020
0 0.086168 0.426304 0.088435 0.451247 0.104308 0.471655 0.129252 0.485261 0.170068 0.487528 0.179138 0.494331 0.215420 0.494331 0.233560 0.485261 0.258503 0.487528 0.278912 0.480726 0.297052 0.482993 0.310658 0.473923 0.315193 0.478458 0.319728 0.467120 0.331066 0.458050 0.335601 0.458050 0.337868 0.453515 0.369615 0.446712 0.374150 0.437642 0.369615 0.442177 0.362812 0.439909 0.353741 0.428571 0.342404 0.424036 0.328798 0.408163 0.312925 0.399093 0.281179 0.369615 0.256236 0.367347 0.244898 0.360544 0.233560 0.360544 0.210884 0.351474 0.183673 0.346939 0.138322 0.346939 0.111111 0.360544 0.099773 0.376417
0 0.560091 0.106576 0.551020 0.106576 0.528345 0.120181 0.510204 0.140590 0.494331 0.172336 0.492063 0.204082 0.482993 0.235828 0.482993 0.249433 0.478458 0.253968 0.476190 0.251701 0.480726 0.258503 0.482993 0.337868 0.503401 0.380952 0.503401 0.408163 0.496599 0.419501 0.510204 0.414966 0.519274 0.405896 0.535147 0.399093 0.530612 0.392290 0.535147 0.380952 0.560091 0.362812 0.573696 0.346939 0.582766 0.308390 0.591837 0.292517 0.594104 0.265306 0.598639 0.258503 0.598639 0.242630 0.603175 0.229025 0.605442 0.170068 0.589569 0.133787 0.569161 0.111111
0 0.487528 0.555556 0.476190 0.560091 0.480726 0.564626 0.480726 0.573696 0.451247 0.607710 0.451247 0.625850 0.437642 0.646259 0.435374 0.668934 0.428571 0.687075 0.430839 0.702948 0.421769 0.725624 0.424036 0.741497 0.430839 0.752834 0.430839 0.780045 0.446712 0.793651 0.455782 0.793651 0.469388 0.802721 0.487528 0.802721 0.492063 0.807256 0.512472 0.800454 0.530612 0.775510 0.528345 0.727891 0.537415 0.687075 0.537415 0.639456 0.535147 0.632653 0.528345 0.630385 0.523810 0.623583 0.528345 0.605442 0.512472 0.585034 0.519274 0.580499 0.514739 0.573696 0.496599 0.562358 0.496599 0.557823
0 0.551020 0.587302 0.557823 0.591837 0.564626 0.609977 0.580499 0.621315 0.591837 0.621315 0.600907 0.616780 0.614512 0.603175 0.605442 0.594104 0.573696 0.582766 0.564626 0.573696 0.560091 0.573696 0.560091 0.578231
0 0.773243 0.476190 0.759637 0.473923 0.746032 0.458050 0.727891 0.451247 0.718821 0.442177 0.678005 0.439909 0.659864 0.446712 0.641723 0.446712 0.634921 0.453515 0.623583 0.453515 0.614512 0.467120 0.598639 0.462585 0.562358 0.489796 0.553288 0.489796 0.551020 0.485261 0.546485 0.485261 0.546485 0.501134 0.564626 0.521542 0.575964 0.528345 0.575964 0.532880 0.589569 0.532880 0.598639 0.539683 0.639456 0.548753 0.643991 0.544218 0.675737 0.548753 0.723356 0.535147 0.761905 0.501134 0.766440 0.485261
0 0.315193 0.480726 0.317460 0.494331 0.326531 0.507937 0.358277 0.530612 0.367347 0.530612 0.380952 0.537415 0.430839 0.535147 0.439909 0.528345 0.455782 0.526077 0.451247 0.501134 0.460317 0.496599 0.448980 0.485261 0.437642 0.451247 0.435374 0.455782 0.421769 0.446712 0.390023 0.446712 0.374150 0.439909 0.369615 0.448980 0.337868 0.455782 0.335601 0.460317 0.331066 0.460317 0.321995 0.467120
0 0.560091 0.396825 0.541950 0.396825 0.503401 0.419501 0.514739 0.444444 0.517007 0.473923 0.532880 0.464853 0.546485 0.482993 0.551020 0.482993 0.571429 0.467120 0.571429 0.442177 0.575964 0.435374 0.571429 0.433107 0.571429 0.408163
0 0.551020 0.505669 0.539683 0.519274 0.517007 0.519274 0.512472 0.546485 0.505669 0.555556 0.496599 0.560091 0.503401 0.562358 0.519274 0.578231 0.530612 0.578231 0.551020 0.585034 0.562358 0.571429 0.562358 0.562358 0.571429 0.548753 0.571429 0.528345
0 0.501134 0.419501 0.496599 0.421769 0.482993 0.414966 0.455782 0.419501 0.439909 0.442177 0.444444 0.471655 0.460317 0.494331 0.476190 0.478458 0.485261 0.478458 0.487528 0.482993 0.501134 0.482993 0.514739 0.473923 0.512472 0.444444
0 0.514739 0.528345 0.498866 0.514739 0.478458 0.517007 0.464853 0.523810 0.469388 0.528345 0.453515 0.541950 0.453515 0.551020 0.448980 0.553288 0.455782 0.562358 0.462585 0.555556 0.501134 0.555556 0.507937 0.551020
0 0.532880 0.467120 0.510204 0.478458 0.514739 0.503401 0.505669 0.512472 0.505669 0.519274 0.510204 0.519274 0.512472 0.526077 0.517007 0.517007 0.539683 0.517007 0.548753 0.505669 0.544218 0.501134 0.544218 0.480726
0 0.507937 0.480726 0.501134 0.485261 0.487528 0.485261 0.485261 0.480726 0.476190 0.480726 0.469388 0.485261 0.462585 0.496599 0.453515 0.501134 0.458050 0.526077 0.487528 0.512472 0.498866 0.512472 0.503401 0.517007 0.503401 0.512472 0.512472 0.503401