0 0.358277 0.546485 0.344671 0.553288 0.333333 0.564626 0.328798 0.575964 0.328798 0.596372 0.340136 0.609977 0.358277 0.619048 0.385488 0.619048 0.392290 0.612245 0.396825 0.598639 0.401361 0.596372 0.401361 0.589569 0.410431 0.580499 0.401361 0.573696 0.399093 0.564626 0.385488 0.551020 0.374150 0.546485
0 0.421769 0.331066 0.405896 0.351474 0.405896 0.358277 0.394558 0.383220 0.401361 0.424036 0.405896 0.424036 0.414966 0.405896 0.424036 0.401361 0.435374 0.401361 0.462585 0.430839 0.471655 0.433107 0.476190 0.394558 0.437642 0.358277 0.435374 0.328798
0 0.517007 0.662132 0.487528 0.659864 0.485261 0.664399 0.482993 0.734694 0.473923 0.750567 0.473923 0.757370 0.460317 0.768707 0.462585 0.775510 0.473923 0.777778 0.510204 0.768707 0.530612 0.746032 0.539683 0.727891 0.541950 0.700680 0.537415 0.684807 0.528345 0.668934
0 0.548753 0.562358 0.560091 0.580499 0.560091 0.591837 0.564626 0.589569 0.582766 0.603175 0.585034 0.632653 0.589569 0.646259 0.609977 0.673469 0.673469 0.700680 0.716553 0.698413 0.734694 0.693878 0.750567 0.682540 0.755102 0.673469 0.757370 0.648526 0.736961 0.614512 0.702948 0.580499 0.678005 0.569161 0.643991 0.564626 0.607710 0.582766 0.596372 0.582766 0.587302 0.578231 0.569161 0.578231
0 0.435374 0.594104 0.424036 0.596372 0.414966 0.591837 0.403628 0.600907 0.399093 0.598639 0.394558 0.612245 0.385488 0.621315 0.367347 0.621315 0.367347 0.625850 0.362812 0.625850 0.356009 0.634921 0.346939 0.639456 0.331066 0.641723 0.312925 0.628118 0.253968 0.646259 0.222222 0.678005 0.210884 0.696145 0.208617 0.707483 0.199546 0.718821 0.199546 0.746032 0.195011 0.755102 0.195011 0.770975 0.208617 0.795918 0.217687 0.800454 0.281179 0.789116 0.319728 0.766440 0.340136 0.743764 0.344671 0.730159 0.360544 0.712018 0.358277 0.662132 0.369615 0.648526 0.369615 0.643991 0.394558 0.619048 0.419501 0.600907
0 0.521542 0.163265 0.489796 0.172336 0.462585 0.204082 0.455782 0.219955 0.451247 0.276644 0.444444 0.290249 0.446712 0.319728 0.442177 0.326531 0.437642 0.324263 0.439909 0.358277 0.478458 0.394558 0.473923 0.428571 0.478458 0.430839 0.476190 0.446712 0.487528 0.505669 0.492063 0.505669 0.489796 0.478458 0.503401 0.399093 0.514739 0.385488 0.551020 0.367347 0.555556 0.358277 0.555556 0.344671 0.569161 0.326531 0.578231 0.299320 0.578231 0.249433 0.573696 0.240363 0.573696 0.226757 0.560091 0.199546 0.546485 0.181406
0 0.510204 0.628118 0.521542 0.637188 0.521542 0.646259 0.537415 0.664399 0.562358 0.712018 0.557823 0.725624 0.544218 0.743764 0.546485 0.782313 0.557823 0.795918 0.564626 0.825397 0.607710 0.870748 0.614512 0.882086 0.657596 0.911565 0.712018 0.913832 0.721088 0.909297 0.732426 0.886621 0.730159 0.820862 0.718821 0.802721 0.705215 0.761905 0.691610 0.755102 0.673469 0.734694 0.664399 0.709751 0.637188 0.698413 0.612245 0.696145 0.585034 0.687075 0.555556 0.659864 0.537415 0.630385
0 0.133787 0.405896 0.133787 0.453515 0.147392 0.482993 0.174603 0.501134 0.222222 0.521542 0.244898 0.523810 0.256236 0.530612 0.299320 0.528345 0.324263 0.512472 0.346939 0.510204 0.358277 0.517007 0.408163 0.530612 0.414966 0.535147 0.412698 0.539683 0.424036 0.535147 0.426304 0.530612 0.412698 0.519274 0.403628 0.519274 0.396825 0.512472 0.353741 0.489796 0.340136 0.469388 0.337868 0.448980 0.328798 0.442177 0.324263 0.433107 0.315193 0.424036 0.299320 0.417234 0.287982 0.405896 0.274376 0.399093 0.265306 0.399093 0.229025 0.385488 0.215420 0.385488 0.208617 0.380952 0.163265 0.378685 0.149660 0.385488
0 0.739229 0.380952 0.732426 0.374150 0.698413 0.369615 0.673469 0.378685 0.659864 0.394558 0.630385 0.405896 0.609977 0.426304 0.594104 0.433107 0.580499 0.444444 0.578231 0.453515 0.569161 0.464853 0.566893 0.485261 0.562358 0.489796 0.557823 0.487528 0.532880 0.510204 0.514739 0.544218 0.523810 0.544218 0.544218 0.526077 0.573696 0.512472 0.594104 0.512472 0.607710 0.521542 0.648526 0.521542 0.662132 0.512472 0.691610 0.503401 0.732426 0.476190 0.746032 0.458050 0.752834 0.433107 0.750567 0.403628
0 0.480726 0.598639 0.473923 0.603175 0.458050 0.600907 0.442177 0.619048 0.433107 0.623583 0.428571 0.634921 0.412698 0.650794 0.405896 0.664399 0.405896 0.673469 0.394558 0.698413 0.385488 0.743764 0.392290 0.764172 0.392290 0.786848 0.401361 0.800454 0.424036 0.800454 0.442177 0.789116 0.471655 0.757370 0.471655 0.750567 0.478458 0.741497 0.482993 0.718821 0.482993 0.664399 0.487528 0.657596 0.473923 0.634921 0.473923 0.603175
0 0.519274 0.546485 0.503401 0.560091 0.492063 0.560091 0.496599 0.569161 0.496599 0.580499 0.485261 0.596372 0.507937 0.628118 0.541950 0.628118 0.560091 0.614512 0.562358 0.596372 0.557823 0.591837 0.557823 0.580499 0.546485 0.560091 0.532880 0.548753
0 0.535147 0.469388 0.519274 0.469388 0.510204 0.476190 0.514739 0.501134 0.507937 0.507937 0.517007 0.514739 0.521542 0.505669 0.532880 0.507937 0.555556 0.487528
0 0.424036 0.403628 0.414966 0.408163 0.399093 0.442177 0.396825 0.476190 0.403628 0.487528 0.403628 0.503401 0.410431 0.517007 0.428571 0.528345 0.426304 0.535147 0.428571 0.530612 0.444444 0.530612 0.455782 0.537415 0.464853 0.537415 0.467120 0.521542 0.473923 0.514739 0.487528 0.510204 0.476190 0.451247 0.471655 0.446712 0.471655 0.439909 0.435374 0.403628
0 0.428571 0.532880 0.405896 0.551020 0.401361 0.566893 0.417234 0.589569 0.424036 0.594104 0.442177 0.594104 0.448980 0.591837 0.453515 0.585034 0.453515 0.537415 0.444444 0.532880
0 0.489796 0.507937 0.487528 0.512472 0.473923 0.517007 0.471655 0.523810 0.473923 0.519274 0.480726 0.519274 0.498866 0.535147 0.496599 0.548753 0.489796 0.555556 0.503401 0.557823 0.517007 0.546485 0.512472 0.541950 0.521542 0.523810 0.505669 0.507937
0 0.453515 0.589569 0.460317 0.598639 0.473923 0.600907 0.482993 0.596372 0.492063 0.585034 0.464853 0.578231
0 0.469388 0.521542 0.467120 0.537415 0.453515 0.539683 0.453515 0.551020 0.458050 0.557823 0.455782 0.582766 0.464853 0.575964 0.492063 0.582766 0.494331 0.569161 0.489796 0.564626 0.487528 0.553288 0.494331 0.548753 0.496599 0.535147 0.480726 0.521542 0.473923 0.521542 0.471655 0.526077