0 0.444444 0.655329 0.442177 0.659864 0.428571 0.662132 0.414966 0.675737 0.403628 0.693878 0.403628 0.723356 0.410431 0.739229 0.421769 0.752834 0.435374 0.741497 0.439909 0.732426 0.439909 0.718821 0.451247 0.714286 0.446712 0.712018 0.444444 0.698413
0 0.374150 0.641723 0.365079 0.646259 0.365079 0.650794 0.358277 0.655329 0.321995 0.653061 0.301587 0.662132 0.256236 0.659864 0.240363 0.678005 0.219955 0.693878 0.213152 0.709751 0.199546 0.727891 0.195011 0.755102 0.185941 0.780045 0.195011 0.814059 0.195011 0.827664 0.215420 0.850340 0.238095 0.850340 0.260771 0.841270 0.265306 0.845805 0.265306 0.836735 0.274376 0.816327 0.278912 0.814059 0.278912 0.807256 0.312925 0.775510 0.333333 0.768707 0.360544 0.750567 0.367347 0.741497 0.371882 0.725624 0.358277 0.687075 0.358277 0.671202 0.374150 0.648526
0 0.421769 0.092971 0.394558 0.136054 0.380952 0.172336 0.380952 0.204082 0.374150 0.219955 0.374150 0.238095 0.385488 0.281179 0.380952 0.299320 0.385488 0.312925 0.396825 0.326531 0.421769 0.340136 0.428571 0.340136 0.442177 0.328798 0.448980 0.315193 0.460317 0.310658 0.458050 0.308390 0.464853 0.294785 0.469388 0.269841 0.462585 0.265306 0.453515 0.190476 0.428571 0.129252 0.428571 0.115646
0 0.557823 0.641723 0.564626 0.657596 0.562358 0.682540 0.566893 0.680272 0.589569 0.702948 0.591837 0.712018 0.609977 0.725624 0.607710 0.732426 0.614512 0.743764 0.614512 0.752834 0.600907 0.782313 0.600907 0.798186 0.612245 0.825397 0.616780 0.848073 0.630385 0.861678 0.643991 0.866213 0.666667 0.888889 0.684807 0.897959 0.718821 0.904762 0.743764 0.913832 0.730159 0.897959 0.696145 0.884354 0.680272 0.868481 0.671202 0.848073 0.662132 0.841270 0.662132 0.834467 0.646259 0.809524 0.641723 0.795918 0.625850 0.780045 0.630385 0.702948 0.623583 0.687075 0.603175 0.684807
0 0.015873 0.224490 0.020408 0.233560 0.020408 0.276644 0.027211 0.292517 0.038549 0.303855 0.052154 0.328798 0.052154 0.335601 0.063492 0.346939 0.077098 0.376417 0.126984 0.433107 0.158730 0.451247 0.183673 0.460317 0.249433 0.451247 0.256236 0.455782 0.269841 0.455782 0.328798 0.482993 0.333333 0.473923 0.346939 0.469388 0.303855 0.444444 0.292517 0.433107 0.292517 0.426304 0.283447 0.414966 0.263039 0.410431 0.238095 0.387755 0.238095 0.380952 0.233560 0.376417 0.233560 0.362812 0.242630 0.356009 0.247166 0.346939 0.258503 0.342404 0.267574 0.333333 0.260771 0.317460 0.242630 0.301587 0.229025 0.301587 0.217687 0.294785 0.192744 0.290249 0.170068 0.276644 0.102041 0.253968 0.077098 0.242630 0.065760 0.231293 0.058957 0.231293 0.054422 0.226757 0.040816 0.222222
0 0.882086 0.120181 0.868481 0.115646 0.845805 0.115646 0.836735 0.122449 0.820862 0.122449 0.793651 0.133787 0.727891 0.199546 0.707483 0.231293 0.702948 0.251701 0.675737 0.274376 0.659864 0.306122 0.659864 0.319728 0.648526 0.342404 0.650794 0.358277 0.646259 0.369615 0.653061 0.383220 0.648526 0.410431 0.641723 0.424036 0.616780 0.451247 0.594104 0.469388 0.582766 0.469388 0.582766 0.505669 0.666667 0.453515 0.689342 0.444444 0.709751 0.442177 0.716553 0.437642 0.770975 0.437642 0.802721 0.419501 0.814059 0.419501 0.854875 0.378685 0.882086 0.340136 0.902494 0.319728 0.907029 0.294785 0.925170 0.238095 0.922902 0.176871 0.911565 0.147392 0.895692 0.140590 0.886621 0.131519 0.886621 0.124717
0 0.439909 0.632653 0.424036 0.634921 0.419501 0.650794 0.408163 0.657596 0.399093 0.671202 0.387755 0.700680 0.374150 0.721088 0.369615 0.741497 0.362812 0.750567 0.333333 0.770975 0.312925 0.777778 0.281179 0.807256 0.281179 0.814059 0.276644 0.816327 0.267574 0.836735 0.265306 0.857143 0.242630 0.882086 0.199546 0.950113 0.197279 0.970522 0.192744 0.979592 0.195011 0.988662 0.190476 0.997732 0.433107 0.997732 0.428571 0.961451 0.430839 0.952381 0.442177 0.941043 0.442177 0.916100 0.437642 0.907029 0.437642 0.893424 0.446712 0.886621 0.446712 0.873016 0.433107 0.854875 0.430839 0.843537 0.424036 0.839002 0.424036 0.820862 0.419501 0.814059 0.417234 0.798186 0.408163 0.782313 0.408163 0.773243 0.401361 0.773243 0.392290 0.764172 0.387755 0.752834 0.392290 0.736961 0.392290 0.716553 0.394558 0.709751 0.401361 0.705215 0.401361 0.693878 0.412698 0.675737 0.426304 0.662132 0.421769 0.657596 0.428571 0.641723
0 0.585034 0.632653 0.589569 0.641723 0.598639 0.646259 0.616780 0.664399 0.632653 0.702948 0.628118 0.780045 0.643991 0.795918 0.648526 0.809524 0.664399 0.834467 0.664399 0.841270 0.673469 0.848073 0.682540 0.868481 0.696145 0.882086 0.730159 0.895692 0.746032 0.911565 0.746032 0.918367 0.748299 0.916100 0.764172 0.929705 0.789116 0.936508 0.843537 0.979592 0.868481 0.984127 0.879819 0.990930 0.911565 0.990930 0.938776 0.979592 0.950113 0.970522 0.959184 0.956916 0.963719 0.929705 0.970522 0.916100 0.963719 0.891156 0.965986 0.852608 0.943311 0.816327 0.927438 0.800454 0.922902 0.786848 0.911565 0.770975 0.888889 0.748299 0.866213 0.739229 0.845805 0.718821 0.839002 0.718821 0.816327 0.705215 0.802721 0.702948 0.789116 0.689342 0.789116 0.680272 0.784580 0.684807 0.682540 0.680272 0.653061 0.666667 0.646259 0.666667 0.614512 0.648526 0.605442 0.639456
0 0.000000 0.163265 0.000000 0.215420 0.009070 0.213152 0.015873 0.219955 0.013605 0.222222 0.040816 0.219955 0.054422 0.224490 0.058957 0.229025 0.065760 0.229025 0.077098 0.240363 0.102041 0.251701 0.115646 0.253968 0.124717 0.260771 0.170068 0.274376 0.192744 0.287982 0.217687 0.292517 0.229025 0.299320 0.251701 0.297052 0.263039 0.290249 0.272109 0.299320 0.272109 0.303855 0.287982 0.301587 0.294785 0.306122 0.294785 0.310658 0.317460 0.294785 0.306122 0.285714 0.267574 0.238095 0.229025 0.217687 0.215420 0.206349 0.199546 0.201814 0.120181 0.158730 0.097506 0.151927 0.063492 0.154195 0.054422 0.149660 0.036281 0.149660
0 0.256236 0.537415 0.224490 0.523810 0.210884 0.523810 0.185941 0.507937 0.151927 0.494331 0.120181 0.489796 0.115646 0.492063 0.099773 0.478458 0.072562 0.476190 0.045351 0.487528 0.034014 0.487528 0.020408 0.478458 0.002268 0.482993 0.000000 0.696145 0.011338 0.698413 0.022676 0.689342 0.036281 0.687075 0.054422 0.675737 0.063492 0.675737 0.070295 0.680272 0.090703 0.678005 0.104308 0.671202 0.117914 0.657596 0.140590 0.657596 0.170068 0.632653 0.190476 0.630385 0.213152 0.614512 0.217687 0.596372 0.217687 0.562358 0.222222 0.553288 0.235828 0.541950 0.247166 0.541950
0 0.426304 0.000000 0.419501 0.011338 0.424036 0.027211 0.417234 0.047619 0.419501 0.063492 0.426304 0.074830 0.424036 0.095238 0.428571 0.104308 0.430839 0.129252 0.455782 0.190476 0.460317 0.242630 0.464853 0.249433 0.464853 0.265306 0.471655 0.269841 0.467120 0.294785 0.460317 0.308390 0.464853 0.312925 0.487528 0.317460 0.507937 0.344671 0.510204 0.362812 0.528345 0.396825 0.528345 0.442177 0.523810 0.453515 0.532880 0.451247 0.530612 0.442177 0.539683 0.419501 0.548753 0.367347 0.571429 0.328798 0.589569 0.312925 0.589569 0.285714 0.596372 0.274376 0.596372 0.260771 0.591837 0.251701 0.603175 0.229025 0.600907 0.195011 0.607710 0.185941 0.612245 0.149660 0.603175 0.129252 0.603175 0.113379 0.594104 0.092971 0.591837 0.074830 0.578231 0.056689 0.557823 0.004535 0.553288 0.000000
0 0.442177 0.718821 0.442177 0.732426 0.437642 0.741497 0.424036 0.752834 0.421769 0.761905 0.408163 0.768707 0.410431 0.782313 0.419501 0.798186 0.421769 0.814059 0.426304 0.820862 0.426304 0.839002 0.433107 0.843537 0.435374 0.854875 0.448980 0.873016 0.448980 0.886621 0.439909 0.893424 0.439909 0.907029 0.444444 0.916100 0.444444 0.941043 0.433107 0.952381 0.430839 0.961451 0.435374 0.997732 0.537415 0.997732 0.537415 0.990930 0.548753 0.975057 0.548753 0.956916 0.557823 0.941043 0.557823 0.904762 0.544218 0.832200 0.526077 0.804989 0.526077 0.791383 0.510204 0.770975 0.512472 0.757370 0.503401 0.755102 0.485261 0.741497 0.469388 0.736961 0.451247 0.718821
0 0.235828 0.362812 0.235828 0.376417 0.240363 0.380952 0.240363 0.387755 0.263039 0.408163 0.283447 0.412698 0.294785 0.428571 0.317460 0.448980 0.344671 0.460317 0.346939 0.464853 0.353741 0.464853 0.369615 0.455782 0.390023 0.455782 0.396825 0.464853 0.405896 0.469388 0.419501 0.467120 0.419501 0.433107 0.412698 0.417234 0.414966 0.383220 0.405896 0.378685 0.403628 0.383220 0.401361 0.380952 0.401361 0.362812 0.392290 0.353741 0.394558 0.342404 0.376417 0.324263 0.378685 0.308390 0.369615 0.292517 0.349206 0.285714 0.319728 0.294785 0.274376 0.326531 0.265306 0.340136 0.247166 0.349206 0.244898 0.356009
0 0.537415 0.569161 0.537415 0.585034 0.541950 0.596372 0.553288 0.605442 0.553288 0.609977 0.573696 0.621315 0.582766 0.630385 0.605442 0.637188 0.632653 0.657596 0.682540 0.678005 0.784580 0.682540 0.791383 0.678005 0.791383 0.671202 0.798186 0.668934 0.795918 0.666667 0.807256 0.648526 0.798186 0.612245 0.789116 0.594104 0.777778 0.582766 0.773243 0.569161 0.759637 0.569161 0.736961 0.551020 0.705215 0.544218 0.673469 0.526077 0.662132 0.526077 0.630385 0.512472 0.594104 0.517007 0.587302 0.510204 0.582766 0.510204 0.553288 0.555556
0 0.219955 0.562358 0.219955 0.596372 0.215420 0.607710 0.217687 0.634921 0.222222 0.643991 0.240363 0.657596 0.301587 0.659864 0.321995 0.650794 0.358277 0.653061 0.365079 0.643991 0.374150 0.639456 0.376417 0.641723 0.383220 0.632653 0.392290 0.637188 0.403628 0.632653 0.390023 0.625850 0.383220 0.609977 0.383220 0.591837 0.396825 0.578231 0.396825 0.569161 0.374150 0.569161 0.340136 0.537415 0.283447 0.535147 0.278912 0.539683 0.253968 0.539683 0.247166 0.544218 0.235828 0.544218 0.224490 0.553288
0 0.455782 0.312925 0.448980 0.317460 0.444444 0.328798 0.421769 0.346939 0.408163 0.378685 0.417234 0.383220 0.414966 0.417234 0.421769 0.433107 0.419501 0.462585 0.444444 0.460317 0.458050 0.464853 0.460317 0.469388 0.473923 0.476190 0.478458 0.482993 0.478458 0.494331 0.478458 0.489796 0.498866 0.467120 0.528345 0.462585 0.528345 0.453515 0.521542 0.453515 0.526077 0.442177 0.526077 0.396825 0.512472 0.374150 0.505669 0.344671 0.494331 0.326531 0.482993 0.317460
0 0.537415 0.587302 0.532880 0.587302 0.526077 0.596372 0.507937 0.605442 0.489796 0.605442 0.485261 0.600907 0.476190 0.600907 0.469388 0.607710 0.462585 0.623583 0.458050 0.628118 0.448980 0.628118 0.451247 0.630385 0.446712 0.634921 0.446712 0.643991 0.451247 0.646259 0.446712 0.653061 0.446712 0.698413 0.448980 0.712018 0.453515 0.714286 0.448980 0.716553 0.469388 0.734694 0.485261 0.739229 0.503401 0.752834 0.512472 0.755102 0.528345 0.748299 0.544218 0.732426 0.560091 0.702948 0.562358 0.657596 0.553288 0.634921 0.551020 0.605442 0.539683 0.596372
0 0.369615 0.458050 0.331066 0.478458 0.326531 0.489796 0.326531 0.510204 0.335601 0.532880 0.374150 0.566893 0.399093 0.569161 0.419501 0.537415 0.419501 0.523810 0.396825 0.512472 0.392290 0.505669 0.392290 0.494331 0.405896 0.489796 0.419501 0.469388 0.405896 0.471655 0.396825 0.467120 0.390023 0.458050
0 0.573696 0.458050 0.551020 0.458050 0.530612 0.453515 0.530612 0.462585 0.526077 0.467120 0.498866 0.469388 0.480726 0.489796 0.480726 0.501134 0.498866 0.521542 0.498866 0.537415 0.503401 0.541950 0.514739 0.544218 0.521542 0.551020 0.526077 0.569161 0.530612 0.573696 0.535147 0.573696 0.535147 0.569161 0.551020 0.555556 0.582766 0.507937 0.580499 0.469388
0 0.412698 0.548753 0.412698 0.553288 0.399093 0.571429 0.399093 0.578231 0.385488 0.591837 0.385488 0.609977 0.392290 0.625850 0.403628 0.628118 0.405896 0.634921 0.437642 0.632653 0.448980 0.625850 0.458050 0.625850 0.473923 0.600907 0.469388 0.600907 0.455782 0.587302 0.448980 0.569161 0.437642 0.575964 0.426304 0.573696 0.419501 0.566893
0 0.394558 0.494331 0.394558 0.505669 0.399093 0.512472 0.421769 0.523810 0.419501 0.532880 0.444444 0.532880 0.455782 0.523810 0.462585 0.510204 0.485261 0.505669 0.476190 0.496599 0.476190 0.482993 0.471655 0.476190 0.444444 0.462585 0.421769 0.462585 0.421769 0.469388 0.405896 0.492063
0 0.514739 0.546485 0.505669 0.546485 0.501134 0.575964 0.487528 0.598639 0.489796 0.603175 0.507937 0.603175 0.526077 0.594104 0.535147 0.585034 0.535147 0.575964 0.530612 0.575964 0.523810 0.569161 0.523810 0.562358
0 0.473923 0.507937 0.462585 0.512472 0.458050 0.523810 0.444444 0.535147 0.421769 0.535147 0.414966 0.551020 0.426304 0.571429 0.437642 0.573696 0.448980 0.566893 0.453515 0.580499 0.469388 0.598639 0.485261 0.598639 0.494331 0.587302 0.501134 0.566893 0.501134 0.553288 0.507937 0.544218 0.503401 0.544218 0.496599 0.537415 0.494331 0.517007 0.482993 0.507937