0 0.460317 0.521542 0.455782 0.555556 0.460317 0.582766 0.439909 0.600907 0.433107 0.612245 0.433107 0.619048 0.448980 0.646259 0.458050 0.653061 0.476190 0.655329 0.494331 0.646259 0.498866 0.639456 0.501134 0.603175 0.496599 0.596372 0.478458 0.591837 0.464853 0.573696 0.467120 0.571429 0.460317 0.555556
0 0.430839 0.380952 0.426304 0.387755 0.428571 0.410431 0.448980 0.417234 0.467120 0.417234 0.473923 0.424036 0.473923 0.433107 0.476190 0.426304 0.489796 0.414966 0.487528 0.394558 0.482993 0.387755 0.460317 0.378685
0 0.523810 0.494331 0.510204 0.487528 0.519274 0.498866 0.519274 0.510204 0.510204 0.519274 0.492063 0.521542 0.523810 0.519274 0.528345 0.507937
0 0.401361 0.458050 0.403628 0.482993 0.430839 0.489796 0.435374 0.478458 0.419501 0.476190
0 0.482993 0.482993 0.501134 0.485261 0.517007 0.476190 0.530612 0.476190 0.551020 0.494331 0.578231 0.496599 0.585034 0.487528 0.585034 0.471655 0.578231 0.462585 0.575964 0.451247 0.548753 0.424036 0.539683 0.424036 0.523810 0.439909 0.526077 0.460317 0.505669 0.476190
0 0.283447 0.528345 0.290249 0.539683 0.303855 0.548753 0.310658 0.548753 0.321995 0.555556 0.344671 0.555556 0.371882 0.546485 0.392290 0.512472 0.421769 0.510204 0.430839 0.505669 0.428571 0.501134 0.390023 0.505669 0.360544 0.476190 0.328798 0.476190 0.312925 0.480726 0.294785 0.496599 0.294785 0.503401 0.283447 0.517007
0 0.467120 0.519274 0.476190 0.521542 0.496599 0.539683 0.505669 0.555556 0.505669 0.562358 0.498866 0.573696 0.501134 0.587302 0.528345 0.621315 0.564626 0.637188 0.578231 0.634921 0.587302 0.628118 0.594104 0.612245 0.587302 0.596372 0.587302 0.582766 0.551020 0.544218 0.510204 0.541950 0.496599 0.532880 0.489796 0.521542
0 0.403628 0.408163 0.396825 0.417234 0.399093 0.424036 0.394558 0.435374 0.394558 0.446712 0.399093 0.455782 0.408163 0.460317 0.419501 0.473923 0.435374 0.476190 0.444444 0.492063 0.453515 0.492063 0.448980 0.478458 0.464853 0.467120 0.464853 0.444444 0.469388 0.439909 0.471655 0.424036 0.467120 0.419501 0.448980 0.419501 0.442177 0.414966 0.433107 0.414966 0.417234 0.405896
0 0.455782 0.514739 0.444444 0.514739 0.433107 0.507937 0.433107 0.512472 0.426304 0.514739 0.408163 0.532880 0.399093 0.548753 0.399093 0.573696 0.405896 0.582766 0.421769 0.585034 0.451247 0.564626 0.460317 0.519274
0 0.455782 0.494331 0.467120 0.503401 0.458050 0.512472 0.462585 0.519274 0.510204 0.517007 0.517007 0.510204 0.517007 0.498866 0.507937 0.487528 0.489796 0.487528 0.480726 0.482993
0 0.428571 0.492063 0.433107 0.505669 0.439909 0.505669 0.448980 0.496599 0.453515 0.496599 0.437642 0.489796
0 0.464853 0.503401 0.455782 0.496599 0.437642 0.507937 0.444444 0.512472 0.455782 0.512472