0 0.487528 0.358277 0.473923 0.356009 0.437642 0.362812 0.433107 0.369615 0.419501 0.376417 0.414966 0.390023 0.430839 0.405896 0.453515 0.390023 0.485261 0.383220 0.480726 0.378685 0.485261 0.374150
0 0.473923 0.517007 0.496599 0.541950 0.487528 0.560091 0.492063 0.573696 0.501134 0.585034 0.505669 0.585034 0.514739 0.594104 0.548753 0.594104 0.557823 0.585034 0.569161 0.557823 0.569161 0.548753 0.564626 0.537415 0.553288 0.526077 0.530612 0.517007 0.521542 0.519274 0.505669 0.532880 0.501134 0.532880 0.482993 0.514739
0 0.523810 0.462585 0.505669 0.469388 0.487528 0.469388 0.485261 0.480726 0.494331 0.487528 0.514739 0.482993 0.521542 0.476190
0 0.437642 0.505669 0.428571 0.501134 0.424036 0.510204 0.394558 0.539683 0.378685 0.546485 0.369615 0.541950 0.349206 0.541950 0.340136 0.546485 0.321995 0.566893 0.308390 0.587302 0.308390 0.596372 0.303855 0.600907 0.303855 0.616780 0.326531 0.648526 0.335601 0.653061 0.356009 0.655329 0.369615 0.650794 0.392290 0.632653 0.410431 0.605442 0.410431 0.585034 0.399093 0.566893 0.399093 0.548753 0.433107 0.505669
0 0.655329 0.408163 0.632653 0.392290 0.623583 0.390023 0.580499 0.390023 0.571429 0.396825 0.548753 0.403628 0.537415 0.412698 0.532880 0.424036 0.532880 0.439909 0.519274 0.451247 0.496599 0.451247 0.480726 0.464853 0.505669 0.467120 0.521542 0.460317 0.532880 0.460317 0.560091 0.487528 0.589569 0.489796 0.596372 0.485261 0.605442 0.485261 0.623583 0.478458 0.653061 0.448980 0.657596 0.433107
0 0.260771 0.385488 0.260771 0.401361 0.269841 0.421769 0.285714 0.439909 0.290249 0.439909 0.310658 0.455782 0.335601 0.455782 0.353741 0.442177 0.371882 0.439909 0.396825 0.451247 0.405896 0.460317 0.417234 0.458050 0.367347 0.421769 0.371882 0.396825 0.369615 0.387755 0.358277 0.371882 0.349206 0.371882 0.340136 0.362812 0.285714 0.360544 0.274376 0.367347
0 0.451247 0.510204 0.451247 0.541950 0.446712 0.553288 0.433107 0.566893 0.435374 0.609977 0.448980 0.646259 0.467120 0.662132 0.485261 0.666667 0.494331 0.657596 0.507937 0.630385 0.507937 0.612245 0.496599 0.589569 0.498866 0.582766 0.489796 0.573696 0.482993 0.551020 0.467120 0.548753 0.460317 0.541950 0.458050 0.517007 0.462585 0.514739
0 0.492063 0.378685 0.485261 0.385488 0.453515 0.392290 0.426304 0.410431 0.428571 0.448980 0.446712 0.471655 0.451247 0.471655 0.451247 0.467120 0.458050 0.464853 0.460317 0.458050 0.482993 0.458050 0.498866 0.442177 0.498866 0.433107 0.505669 0.421769 0.507937 0.392290
0 0.358277 0.478458 0.360544 0.498866 0.369615 0.507937 0.383220 0.512472 0.403628 0.512472 0.408163 0.507937 0.414966 0.507937 0.424036 0.496599 0.428571 0.496599 0.426304 0.482993 0.408163 0.464853 0.405896 0.467120 0.392290 0.458050 0.383220 0.458050 0.374150 0.464853 0.367347 0.464853
0 0.458050 0.469388 0.446712 0.485261 0.446712 0.505669 0.464853 0.514739 0.492063 0.512472 0.498866 0.505669 0.498866 0.489796 0.489796 0.487528 0.482993 0.480726 0.478458 0.467120
0 0.426304 0.444444 0.417234 0.453515 0.419501 0.458050 0.408163 0.462585 0.428571 0.482993 0.430839 0.498866 0.439909 0.507937 0.446712 0.503401 0.444444 0.485261 0.448980 0.476190 0.430839 0.455782