0 0.458050 0.530612 0.469388 0.544218 0.480726 0.548753 0.487528 0.544218 0.489796 0.546485 0.480726 0.523810 0.478458 0.528345
0 0.668934 0.553288 0.664399 0.557823 0.598639 0.557823 0.598639 0.562358 0.607710 0.571429 0.625850 0.580499 0.643991 0.575964 0.666667 0.560091
0 0.501134 0.260771 0.482993 0.267574 0.467120 0.287982 0.458050 0.308390 0.458050 0.335601 0.467120 0.362812 0.487528 0.378685 0.487528 0.385488 0.496599 0.394558 0.505669 0.396825 0.505669 0.426304 0.519274 0.439909 0.514739 0.435374 0.517007 0.380952 0.521542 0.371882 0.537415 0.367347 0.551020 0.358277 0.555556 0.335601 0.551020 0.331066 0.553288 0.308390 0.546485 0.285714 0.532880 0.269841 0.517007 0.260771
0 0.489796 0.548753 0.480726 0.564626 0.471655 0.571429 0.433107 0.564626 0.414966 0.573696 0.396825 0.591837 0.390023 0.594104 0.376417 0.625850 0.376417 0.657596 0.385488 0.680272 0.394558 0.689342 0.421769 0.698413 0.433107 0.698413 0.469388 0.684807 0.478458 0.675737 0.498866 0.641723 0.498866 0.625850 0.487528 0.596372 0.487528 0.580499 0.498866 0.560091
0 0.800454 0.444444 0.795918 0.437642 0.791383 0.414966 0.777778 0.399093 0.768707 0.394558 0.707483 0.396825 0.666667 0.410431 0.653061 0.426304 0.646259 0.448980 0.632653 0.462585 0.619048 0.469388 0.598639 0.469388 0.589569 0.476190 0.630385 0.476190 0.637188 0.480726 0.648526 0.480726 0.682540 0.494331 0.689342 0.503401 0.696145 0.501134 0.709751 0.505669 0.725624 0.505669 0.750567 0.496599 0.766440 0.485261 0.773243 0.485261 0.795918 0.462585
0 0.455782 0.421769 0.435374 0.392290 0.417234 0.385488 0.374150 0.387755 0.367347 0.394558 0.360544 0.394558 0.326531 0.414966 0.301587 0.442177 0.292517 0.458050 0.301587 0.464853 0.324263 0.455782 0.344671 0.437642 0.369615 0.444444 0.396825 0.442177 0.401361 0.446712 0.428571 0.446712 0.448980 0.435374 0.460317 0.439909
0 0.551020 0.532880 0.544218 0.557823 0.551020 0.560091 0.569161 0.598639 0.557823 0.650794 0.575964 0.696145 0.589569 0.707483 0.607710 0.734694 0.653061 0.757370 0.659864 0.764172 0.671202 0.755102 0.682540 0.752834 0.691610 0.743764 0.700680 0.725624 0.702948 0.689342 0.698413 0.682540 0.693878 0.655329 0.678005 0.623583 0.657596 0.600907 0.643991 0.591837 0.625850 0.585034 0.596372 0.582766 0.578231 0.571429 0.553288 0.544218
0 0.678005 0.263039 0.646259 0.263039 0.616780 0.278912 0.596372 0.299320 0.589569 0.312925 0.573696 0.331066 0.562358 0.335601 0.566893 0.344671 0.564626 0.369615 0.571429 0.383220 0.571429 0.392290 0.557823 0.417234 0.546485 0.428571 0.541950 0.428571 0.537415 0.437642 0.532880 0.437642 0.526077 0.444444 0.523810 0.442177 0.519274 0.460317 0.537415 0.453515 0.546485 0.455782 0.573696 0.426304 0.591837 0.417234 0.630385 0.419501 0.648526 0.410431 0.675737 0.383220 0.678005 0.371882 0.689342 0.358277 0.700680 0.328798 0.698413 0.287982
0 0.498866 0.507937 0.496599 0.501134 0.492063 0.503401 0.485261 0.498866 0.480726 0.482993 0.473923 0.476190 0.473923 0.460317 0.458050 0.439909 0.448980 0.437642 0.428571 0.448980 0.401361 0.448980 0.396825 0.444444 0.369615 0.446712 0.349206 0.442177 0.365079 0.455782 0.367347 0.473923 0.383220 0.496599 0.408163 0.517007 0.414966 0.517007 0.430839 0.526077 0.478458 0.526077
0 0.544218 0.501134 0.546485 0.505669 0.557823 0.510204 0.555556 0.514739 0.546485 0.512472 0.546485 0.521542 0.548753 0.517007 0.553288 0.517007 0.566893 0.535147 0.596372 0.555556 0.664399 0.555556 0.668934 0.551020 0.671202 0.555556 0.693878 0.532880 0.691610 0.505669 0.682540 0.496599 0.657596 0.485261 0.637188 0.482993 0.630385 0.478458 0.562358 0.478458 0.562358 0.485261 0.555556 0.496599
0 0.541950 0.501134 0.530612 0.512472 0.517007 0.512472 0.498866 0.505669 0.498866 0.512472 0.482993 0.523810 0.487528 0.539683 0.492063 0.541950 0.492063 0.548753 0.501134 0.560091 0.501134 0.569161 0.523810 0.575964 0.544218 0.562358 0.541950 0.551020 0.548753 0.530612 0.544218 0.521542
0 0.433107 0.390023 0.442177 0.396825 0.458050 0.421769 0.464853 0.448980 0.471655 0.453515 0.476190 0.464853 0.496599 0.469388 0.517007 0.467120 0.514739 0.453515 0.519274 0.451247 0.521542 0.442177 0.517007 0.442177 0.505669 0.430839 0.501134 0.414966 0.487528 0.399093 0.462585 0.387755
0 0.555556 0.458050 0.537415 0.455782 0.519274 0.462585 0.519274 0.467120 0.514739 0.469388 0.532880 0.485261 0.539683 0.501134 0.553288 0.496599 0.560091 0.485261 0.560091 0.478458 0.564626 0.476190 0.564626 0.469388
0 0.487528 0.469388 0.487528 0.485261 0.501134 0.503401 0.517007 0.510204 0.530612 0.510204 0.537415 0.503401 0.535147 0.492063 0.519274 0.473923