0 0.390023 0.360544 0.380952 0.365079 0.365079 0.385488 0.365079 0.412698 0.378685 0.435374 0.410431 0.439909 0.417234 0.437642 0.428571 0.419501 0.444444 0.412698 0.437642 0.410431 0.439909 0.399093 0.433107 0.399093 0.428571 0.394558 0.426304 0.371882 0.421769 0.367347 0.414966 0.367347 0.403628 0.360544
0 0.541950 0.530612 0.557823 0.535147 0.571429 0.548753 0.578231 0.575964 0.585034 0.580499 0.594104 0.580499 0.596372 0.585034 0.598639 0.582766 0.614512 0.589569 0.619048 0.585034 0.630385 0.585034 0.639456 0.580499 0.650794 0.564626 0.648526 0.541950 0.625850 0.519274 0.598639 0.517007 0.573696 0.535147 0.557823 0.532880 0.557823 0.528345
0 0.510204 0.310658 0.498866 0.317460 0.480726 0.319728 0.435374 0.344671 0.428571 0.356009 0.430839 0.394558 0.467120 0.396825 0.485261 0.412698 0.487528 0.428571 0.482993 0.430839 0.482993 0.435374 0.496599 0.458050 0.498866 0.469388 0.494331 0.403628 0.489796 0.399093 0.492063 0.378685 0.519274 0.349206 0.519274 0.342404 0.512472 0.333333
0 0.482993 0.535147 0.473923 0.557823 0.455782 0.575964 0.448980 0.578231 0.442177 0.573696 0.417234 0.573696 0.403628 0.578231 0.392290 0.587302 0.392290 0.594104 0.369615 0.625850 0.365079 0.643991 0.369615 0.675737 0.380952 0.689342 0.399093 0.696145 0.421769 0.693878 0.453515 0.680272 0.478458 0.653061 0.480726 0.641723 0.485261 0.637188 0.485261 0.621315 0.471655 0.594104 0.471655 0.585034 0.485261 0.557823 0.485261 0.546485 0.489796 0.544218
0 0.764172 0.362812 0.748299 0.349206 0.723356 0.346939 0.687075 0.353741 0.650794 0.374150 0.609977 0.410431 0.607710 0.419501 0.612245 0.439909 0.607710 0.448980 0.555556 0.478458 0.555556 0.482993 0.566893 0.485261 0.566893 0.480726 0.625850 0.460317 0.639456 0.460317 0.666667 0.469388 0.684807 0.469388 0.725624 0.448980 0.743764 0.435374 0.746032 0.424036 0.764172 0.399093
0 0.192744 0.435374 0.192744 0.453515 0.201814 0.471655 0.204082 0.485261 0.224490 0.505669 0.253968 0.517007 0.272109 0.517007 0.287982 0.523810 0.326531 0.521542 0.335601 0.514739 0.346939 0.512472 0.374150 0.480726 0.399093 0.478458 0.424036 0.489796 0.451247 0.492063 0.433107 0.480726 0.426304 0.467120 0.414966 0.469388 0.399093 0.464853 0.376417 0.453515 0.358277 0.435374 0.324263 0.426304 0.312925 0.419501 0.294785 0.419501 0.263039 0.412698 0.251701 0.417234 0.235828 0.414966 0.208617 0.421769
0 0.517007 0.523810 0.514739 0.539683 0.530612 0.553288 0.546485 0.587302 0.546485 0.607710 0.539683 0.619048 0.537415 0.637188 0.539683 0.653061 0.548753 0.664399 0.557823 0.687075 0.605442 0.743764 0.646259 0.759637 0.664399 0.755102 0.673469 0.748299 0.680272 0.730159 0.680272 0.687075 0.662132 0.646259 0.646259 0.623583 0.612245 0.589569 0.598639 0.585034 0.596372 0.587302 0.594104 0.582766 0.585034 0.582766 0.569161 0.573696 0.528345 0.532880 0.530612 0.530612 0.523810 0.530612
0 0.541950 0.269841 0.530612 0.276644 0.517007 0.294785 0.510204 0.308390 0.514739 0.312925 0.514739 0.333333 0.521542 0.342404 0.521542 0.349206 0.494331 0.378685 0.498866 0.378685 0.505669 0.387755 0.505669 0.414966 0.521542 0.419501 0.530612 0.428571 0.530612 0.433107 0.514739 0.453515 0.512472 0.464853 0.507937 0.467120 0.517007 0.476190 0.521542 0.467120 0.526077 0.469388 0.537415 0.460317 0.537415 0.448980 0.541950 0.439909 0.573696 0.419501 0.596372 0.360544 0.591837 0.349206 0.594104 0.324263 0.587302 0.301587 0.564626 0.274376
0 0.478458 0.514739 0.469388 0.505669 0.451247 0.507937 0.437642 0.496599 0.410431 0.498866 0.399093 0.503401 0.390023 0.501134 0.371882 0.512472 0.356009 0.517007 0.335601 0.537415 0.324263 0.566893 0.335601 0.580499 0.344671 0.585034 0.387755 0.587302 0.408163 0.573696 0.428571 0.571429 0.458050 0.544218 0.460317 0.526077 0.473923 0.514739
0 0.446712 0.414966 0.428571 0.421769 0.417234 0.442177 0.430839 0.476190 0.446712 0.485261 0.453515 0.494331 0.467120 0.498866 0.469388 0.489796 0.476190 0.482993 0.487528 0.489796 0.485261 0.476190 0.498866 0.471655 0.480726 0.435374 0.480726 0.428571 0.469388 0.419501
0 0.539683 0.448980 0.539683 0.460317 0.526077 0.471655 0.526077 0.482993 0.510204 0.503401 0.512472 0.512472 0.519274 0.517007 0.517007 0.521542 0.523810 0.528345 0.535147 0.530612 0.564626 0.526077 0.573696 0.521542 0.580499 0.512472 0.580499 0.496599 0.573696 0.489796 0.553288 0.482993 0.553288 0.476190 0.546485 0.469388
0 0.507937 0.501134 0.496599 0.510204 0.480726 0.514739 0.478458 0.528345 0.489796 0.541950 0.501134 0.548753 0.510204 0.544218 0.514739 0.532880 0.517007 0.517007 0.510204 0.512472
0 0.469388 0.494331 0.469388 0.503401 0.478458 0.512472 0.487528 0.512472 0.503401 0.501134 0.489796 0.487528 0.487528 0.492063 0.476190 0.485261
0 0.487528 0.476190 0.494331 0.492063 0.510204 0.501134 0.523810 0.482993 0.523810 0.478458 0.517007 0.478458 0.507937 0.469388