0 0.396825 0.637188 0.365079 0.643991 0.342404 0.653061 0.342404 0.682540 0.362812 0.666667 0.374150 0.662132 0.385488 0.646259
0 0.526077 0.269841 0.512472 0.278912 0.512472 0.297052 0.492063 0.308390 0.496599 0.360544 0.514739 0.349206 0.537415 0.346939 0.555556 0.365079 0.562358 0.365079 0.575964 0.337868 0.575964 0.328798 0.580499 0.321995 0.580499 0.297052 0.587302 0.281179 0.569161 0.285714 0.548753 0.269841
0 0.297052 0.310658 0.301587 0.312925 0.301587 0.326531 0.312925 0.356009 0.312925 0.365079 0.331066 0.380952 0.326531 0.360544 0.317460 0.346939 0.317460 0.312925 0.321995 0.310658
0 0.920635 0.374150 0.916100 0.360544 0.902494 0.353741 0.875283 0.371882 0.845805 0.376417 0.809524 0.401361 0.791383 0.401361 0.755102 0.387755 0.725624 0.390023 0.709751 0.399093 0.691610 0.403628 0.684807 0.417234 0.655329 0.442177 0.648526 0.442177 0.634921 0.451247 0.600907 0.464853 0.614512 0.471655 0.632653 0.471655 0.630385 0.469388 0.634921 0.464853 0.657596 0.460317 0.662132 0.455782 0.705215 0.455782 0.721088 0.467120 0.730159 0.478458 0.773243 0.494331 0.780045 0.494331 0.784580 0.489796 0.804989 0.492063 0.814059 0.487528 0.827664 0.487528 0.877551 0.458050 0.902494 0.433107 0.918367 0.399093
0 0.269841 0.594104 0.224490 0.637188 0.185941 0.655329 0.151927 0.664399 0.092971 0.668934 0.092971 0.675737 0.079365 0.691610 0.074830 0.705215 0.058957 0.730159 0.052154 0.757370 0.061224 0.814059 0.086168 0.836735 0.088435 0.843537 0.117914 0.843537 0.133787 0.839002 0.147392 0.827664 0.197279 0.804989 0.219955 0.786848 0.263039 0.773243 0.276644 0.759637 0.283447 0.734694 0.315193 0.702948 0.312925 0.700680 0.317460 0.675737 0.312925 0.666667 0.312925 0.648526 0.290249 0.648526 0.272109 0.630385
0 0.585034 0.616780 0.582766 0.623583 0.569161 0.637188 0.582766 0.650794 0.596372 0.678005 0.596372 0.684807 0.605442 0.696145 0.607710 0.725624 0.605442 0.736961 0.589569 0.761905 0.589569 0.800454 0.594104 0.807256 0.596372 0.839002 0.607710 0.854875 0.607710 0.861678 0.619048 0.873016 0.619048 0.879819 0.643991 0.916100 0.659864 0.927438 0.666667 0.938776 0.712018 0.975057 0.741497 0.981859 0.773243 0.997732 0.800454 0.997732 0.839002 0.981859 0.850340 0.965986 0.861678 0.963719 0.861678 0.954649 0.866213 0.950113 0.870748 0.929705 0.870748 0.886621 0.863946 0.859410 0.854875 0.841270 0.834467 0.814059 0.818594 0.782313 0.786848 0.746032 0.748299 0.718821 0.739229 0.705215 0.727891 0.698413 0.718821 0.687075 0.657596 0.684807 0.643991 0.678005 0.616780 0.653061
0 0.290249 0.070295 0.331066 0.104308 0.362812 0.151927 0.376417 0.188209 0.383220 0.197279 0.396825 0.265306 0.408163 0.265306 0.433107 0.287982 0.442177 0.301587 0.451247 0.331066 0.460317 0.344671 0.473923 0.378685 0.473923 0.387755 0.489796 0.369615 0.494331 0.353741 0.482993 0.344671 0.480726 0.333333 0.462585 0.306122 0.462585 0.299320 0.451247 0.285714 0.437642 0.244898 0.437642 0.190476 0.433107 0.181406 0.433107 0.158730 0.417234 0.126984 0.390023 0.117914 0.376417 0.099773 0.351474 0.086168
0 0.000000 0.299320 0.000000 0.458050 0.013605 0.467120 0.031746 0.469388 0.043084 0.485261 0.063492 0.496599 0.104308 0.498866 0.126984 0.492063 0.133787 0.498866 0.156463 0.498866 0.181406 0.489796 0.213152 0.487528 0.210884 0.485261 0.242630 0.460317 0.272109 0.444444 0.290249 0.448980 0.310658 0.448980 0.324263 0.455782 0.367347 0.462585 0.405896 0.480726 0.401361 0.471655 0.401361 0.455782 0.399093 0.458050 0.360544 0.442177 0.335601 0.437642 0.281179 0.410431 0.269841 0.396825 0.260771 0.376417 0.226757 0.335601 0.215420 0.331066 0.197279 0.333333 0.179138 0.319728 0.167800 0.319728 0.158730 0.315193 0.129252 0.315193 0.102041 0.301587 0.065760 0.301587 0.049887 0.292517 0.043084 0.292517 0.024943 0.301587
0 0.414966 0.634921 0.403628 0.634921 0.392290 0.641723 0.374150 0.664399 0.362812 0.668934 0.346939 0.682540 0.337868 0.684807 0.340136 0.687075 0.335601 0.693878 0.324263 0.696145 0.285714 0.734694 0.278912 0.759637 0.263039 0.775510 0.219955 0.789116 0.197279 0.807256 0.147392 0.829932 0.133787 0.841270 0.117914 0.845805 0.086168 0.845805 0.079365 0.861678 0.049887 0.895692 0.031746 0.943311 0.034014 0.979592 0.043084 0.997732 0.240363 0.997732 0.260771 0.990930 0.272109 0.981859 0.285714 0.979592 0.285714 0.975057 0.299320 0.959184 0.306122 0.941043 0.328798 0.922902 0.340136 0.897959 0.321995 0.875283 0.315193 0.852608 0.315193 0.839002 0.308390 0.823129 0.308390 0.804989 0.315193 0.793651 0.317460 0.770975 0.340136 0.723356 0.362812 0.696145 0.371882 0.678005
0 0.997732 0.133787 0.968254 0.126984 0.943311 0.133787 0.916100 0.136054 0.907029 0.145125 0.841270 0.174603 0.823129 0.195011 0.807256 0.206349 0.791383 0.238095 0.752834 0.276644 0.752834 0.281179 0.739229 0.292517 0.714286 0.301587 0.707483 0.328798 0.689342 0.358277 0.655329 0.385488 0.625850 0.403628 0.612245 0.417234 0.600907 0.421769 0.573696 0.448980 0.569161 0.458050 0.560091 0.458050 0.564626 0.462585 0.566893 0.478458 0.573696 0.464853 0.589569 0.464853 0.600907 0.451247 0.605442 0.451247 0.623583 0.435374 0.628118 0.435374 0.684807 0.399093 0.696145 0.401361 0.736961 0.385488 0.755102 0.385488 0.782313 0.396825 0.809524 0.399093 0.845805 0.374150 0.875283 0.369615 0.907029 0.349206 0.902494 0.346939 0.922902 0.333333 0.936508 0.331066 0.961451 0.315193 0.997732 0.281179
0 0.113379 0.049887 0.102041 0.072562 0.102041 0.086168 0.108844 0.099773 0.111111 0.126984 0.131519 0.167800 0.154195 0.199546 0.174603 0.219955 0.197279 0.235828 0.213152 0.256236 0.233560 0.269841 0.242630 0.269841 0.253968 0.276644 0.260771 0.287982 0.274376 0.299320 0.299320 0.308390 0.319728 0.308390 0.351474 0.294785 0.356009 0.278912 0.365079 0.278912 0.385488 0.265306 0.394558 0.265306 0.380952 0.197279 0.374150 0.188209 0.360544 0.151927 0.328798 0.104308 0.306122 0.088435 0.287982 0.070295 0.269841 0.058957 0.260771 0.058957 0.240363 0.040816 0.210884 0.027211 0.195011 0.024943 0.149660 0.024943 0.133787 0.031746
0 0.668934 0.609977 0.673469 0.616780 0.689342 0.623583 0.705215 0.641723 0.712018 0.673469 0.725624 0.693878 0.739229 0.702948 0.748299 0.716553 0.755102 0.718821 0.768707 0.732426 0.770975 0.727891 0.777778 0.730159 0.793651 0.743764 0.823129 0.755102 0.845805 0.768707 0.854875 0.768707 0.891156 0.789116 0.907029 0.786848 0.927438 0.791383 0.997732 0.791383 0.997732 0.628118 0.988662 0.628118 0.954649 0.603175 0.927438 0.598639 0.893424 0.582766 0.845805 0.582766 0.836735 0.573696 0.786848 0.573696 0.752834 0.589569 0.743764 0.589569 0.723356 0.607710 0.707483 0.612245
0 0.408163 0.496599 0.294785 0.496599 0.276644 0.487528 0.215420 0.487528 0.181406 0.492063 0.156463 0.501134 0.122449 0.501134 0.115646 0.505669 0.077098 0.510204 0.070295 0.517007 0.049887 0.523810 0.040816 0.532880 0.031746 0.532880 0.000000 0.564626 0.000000 0.643991 0.009070 0.650794 0.054422 0.668934 0.072562 0.668934 0.081633 0.664399 0.099773 0.666667 0.151927 0.662132 0.185941 0.653061 0.224490 0.634921 0.272109 0.589569 0.272109 0.582766 0.292517 0.548753 0.319728 0.523810 0.360544 0.505669 0.405896 0.503401
0 0.793651 0.122449 0.775510 0.115646 0.752834 0.113379 0.712018 0.124717 0.700680 0.122449 0.691610 0.136054 0.680272 0.140590 0.628118 0.199546 0.594104 0.263039 0.594104 0.272109 0.582766 0.297052 0.582766 0.321995 0.578231 0.328798 0.578231 0.337868 0.564626 0.360544 0.564626 0.367347 0.578231 0.390023 0.573696 0.421769 0.582766 0.414966 0.582766 0.410431 0.598639 0.390023 0.616780 0.387755 0.628118 0.371882 0.637188 0.371882 0.650794 0.365079 0.653061 0.351474 0.662132 0.346939 0.678005 0.326531 0.693878 0.324263 0.712018 0.306122 0.714286 0.299320 0.725624 0.297052 0.746032 0.285714 0.750567 0.276644 0.789116 0.238095 0.804989 0.208617 0.802721 0.188209 0.807256 0.165533 0.804989 0.145125
0 0.494331 0.555556 0.487528 0.555556 0.482993 0.560091 0.469388 0.589569 0.453515 0.605442 0.439909 0.612245 0.380952 0.668934 0.365079 0.696145 0.342404 0.723356 0.317460 0.777778 0.317460 0.793651 0.310658 0.804989 0.310658 0.823129 0.317460 0.839002 0.317460 0.852608 0.324263 0.875283 0.342404 0.895692 0.374150 0.895692 0.387755 0.891156 0.417234 0.873016 0.448980 0.841270 0.467120 0.811791 0.485261 0.761905 0.489796 0.736961 0.501134 0.723356 0.501134 0.705215 0.510204 0.689342 0.505669 0.653061 0.496599 0.630385 0.501134 0.621315 0.487528 0.605442 0.487528 0.571429 0.496599 0.557823
0 0.321995 0.308390 0.324263 0.310658 0.319728 0.312925 0.319728 0.346939 0.328798 0.360544 0.333333 0.383220 0.340136 0.387755 0.365079 0.424036 0.399093 0.446712 0.405896 0.437642 0.424036 0.433107 0.448980 0.433107 0.460317 0.437642 0.473923 0.435374 0.473923 0.390023 0.464853 0.360544 0.448980 0.331066 0.439909 0.301587 0.430839 0.287982 0.408163 0.267574 0.385488 0.267574 0.365079 0.281179 0.356009 0.281179 0.356009 0.290249 0.351474 0.297052
0 0.573696 0.467120 0.571429 0.501134 0.564626 0.510204 0.557823 0.510204 0.555556 0.517007 0.562358 0.523810 0.573696 0.553288 0.591837 0.564626 0.605442 0.580499 0.630385 0.596372 0.659864 0.605442 0.664399 0.609977 0.707483 0.609977 0.723356 0.605442 0.746032 0.582766 0.768707 0.571429 0.770975 0.539683 0.766440 0.523810 0.752834 0.503401 0.743764 0.498866 0.732426 0.498866 0.687075 0.476190 0.659864 0.471655 0.614512 0.473923 0.598639 0.464853
0 0.482993 0.555556 0.458050 0.535147 0.453515 0.519274 0.433107 0.517007 0.412698 0.503401 0.360544 0.507937 0.340136 0.514739 0.310658 0.532880 0.294785 0.548753 0.281179 0.569161 0.272109 0.591837 0.274376 0.630385 0.290249 0.646259 0.312925 0.646259 0.317460 0.650794 0.344671 0.650794 0.365079 0.641723 0.385488 0.639456 0.403628 0.632653 0.417234 0.632653 0.439909 0.609977 0.453515 0.603175 0.467120 0.589569
0 0.555556 0.510204 0.541950 0.514739 0.541950 0.519274 0.528345 0.532880 0.519274 0.535147 0.510204 0.553288 0.496599 0.555556 0.498866 0.557823 0.489796 0.571429 0.489796 0.605442 0.503401 0.621315 0.503401 0.625850 0.523810 0.637188 0.541950 0.641723 0.566893 0.637188 0.580499 0.623583 0.582766 0.607710 0.589569 0.596372 0.587302 0.569161 0.571429 0.553288 0.566893 0.537415 0.553288 0.517007
0 0.537415 0.349206 0.514739 0.351474 0.494331 0.362812 0.487528 0.376417 0.476190 0.387755 0.473923 0.437642 0.480726 0.442177 0.492063 0.462585 0.507937 0.464853 0.498866 0.467120 0.501134 0.469388 0.510204 0.469388 0.510204 0.464853 0.528345 0.455782 0.557823 0.455782 0.575964 0.424036 0.571429 0.421769 0.575964 0.390023 0.562358 0.367347 0.555556 0.367347
0 0.401361 0.448980 0.410431 0.501134 0.439909 0.517007 0.451247 0.517007 0.451247 0.507937 0.467120 0.492063 0.469388 0.482993 0.476190 0.476190 0.492063 0.471655 0.496599 0.464853 0.505669 0.464853 0.492063 0.464853 0.476190 0.439909 0.460317 0.439909 0.448980 0.435374 0.405896 0.439909
0 0.510204 0.467120 0.519274 0.471655 0.530612 0.492063 0.546485 0.501134 0.546485 0.512472 0.551020 0.507937 0.566893 0.505669 0.569161 0.480726 0.564626 0.478458 0.562358 0.462585 0.557823 0.458050 0.528345 0.458050
0 0.453515 0.507937 0.460317 0.535147 0.485261 0.555556 0.505669 0.553288 0.512472 0.546485 0.514739 0.548753 0.510204 0.544218 0.489796 0.539683 0.460317 0.503401
0 0.496599 0.467120 0.492063 0.473923 0.476190 0.478458 0.469388 0.492063 0.458050 0.501134 0.489796 0.537415 0.512472 0.544218 0.519274 0.532880 0.528345 0.530612 0.539683 0.519274 0.539683 0.514739 0.544218 0.512472 0.544218 0.501134 0.523810 0.487528 0.517007 0.471655 0.501134 0.471655