0 0.365079 0.414966 0.358277 0.426304 0.358277 0.439909 0.367347 0.453515 0.369615 0.464853 0.396825 0.469388 0.408163 0.476190 0.419501 0.476190 0.424036 0.467120 0.430839 0.467120 0.435374 0.473923 0.462585 0.492063 0.455782 0.471655 0.453515 0.478458 0.442177 0.467120 0.444444 0.439909 0.439909 0.430839 0.421769 0.412698 0.405896 0.405896 0.383220 0.403628
0 0.571429 0.632653 0.585034 0.648526 0.585034 0.655329 0.596372 0.666667 0.598639 0.662132 0.603175 0.666667 0.603175 0.678005 0.619048 0.675737 0.625850 0.668934 0.628118 0.655329 0.607710 0.641723 0.591837 0.619048 0.578231 0.632653
0 0.417234 0.634921 0.387755 0.634921 0.362812 0.664399 0.358277 0.680272 0.358277 0.712018 0.362812 0.721088 0.362812 0.736961 0.374150 0.752834 0.376417 0.739229 0.371882 0.732426 0.371882 0.714286 0.383220 0.702948 0.383220 0.687075 0.396825 0.666667 0.401361 0.653061 0.410431 0.641723 0.421769 0.637188
0 0.541950 0.294785 0.514739 0.315193 0.498866 0.342404 0.496599 0.358277 0.492063 0.365079 0.494331 0.385488 0.498866 0.394558 0.523810 0.417234 0.523810 0.433107 0.519274 0.446712 0.514739 0.448980 0.526077 0.469388 0.526077 0.462585 0.532880 0.455782 0.537415 0.442177 0.530612 0.448980 0.530612 0.437642 0.560091 0.385488 0.564626 0.362812 0.564626 0.340136 0.544218 0.319728
0 0.718821 0.390023 0.698413 0.403628 0.684807 0.401361 0.662132 0.412698 0.659864 0.462585 0.664399 0.467120 0.664399 0.476190 0.641723 0.501134 0.655329 0.501134 0.666667 0.505669 0.705215 0.530612 0.734694 0.532880 0.766440 0.519274 0.775510 0.510204 0.780045 0.492063 0.777778 0.460317 0.768707 0.433107 0.755102 0.417234 0.757370 0.405896 0.736961 0.390023
0 0.117914 0.480726 0.117914 0.494331 0.131519 0.512472 0.149660 0.519274 0.170068 0.537415 0.197279 0.548753 0.219955 0.551020 0.233560 0.560091 0.253968 0.562358 0.299320 0.548753 0.328798 0.517007 0.333333 0.519274 0.324263 0.503401 0.324263 0.489796 0.335601 0.473923 0.326531 0.478458 0.285714 0.439909 0.260771 0.426304 0.233560 0.419501 0.197279 0.419501 0.165533 0.424036 0.126984 0.451247 0.122449 0.473923
0 0.539683 0.630385 0.555556 0.648526 0.575964 0.691610 0.575964 0.700680 0.562358 0.725624 0.562358 0.734694 0.553288 0.748299 0.555556 0.759637 0.571429 0.789116 0.573696 0.809524 0.582766 0.827664 0.612245 0.857143 0.616780 0.866213 0.653061 0.900227 0.662132 0.900227 0.709751 0.922902 0.725624 0.922902 0.739229 0.916100 0.752834 0.900227 0.761905 0.877551 0.761905 0.836735 0.750567 0.795918 0.727891 0.752834 0.687075 0.707483 0.657596 0.696145 0.625850 0.693878 0.603175 0.680272 0.600907 0.666667 0.596372 0.662132 0.596372 0.668934 0.582766 0.655329 0.582766 0.648526 0.569161 0.630385
0 0.671202 0.104308 0.630385 0.120181 0.589569 0.160998 0.560091 0.210884 0.555556 0.235828 0.544218 0.258503 0.541950 0.278912 0.546485 0.287982 0.544218 0.315193 0.566893 0.340136 0.566893 0.362812 0.562358 0.385488 0.544218 0.417234 0.539683 0.437642 0.544218 0.430839 0.582766 0.414966 0.603175 0.376417 0.616780 0.367347 0.628118 0.367347 0.657596 0.356009 0.678005 0.333333 0.684807 0.312925 0.696145 0.301587 0.709751 0.274376 0.727891 0.210884 0.725624 0.160998 0.712018 0.133787 0.693878 0.115646
0 0.453515 0.555556 0.444444 0.562358 0.417234 0.562358 0.394558 0.578231 0.385488 0.578231 0.342404 0.594104 0.312925 0.591837 0.281179 0.578231 0.256236 0.578231 0.247166 0.582766 0.233560 0.582766 0.224490 0.587302 0.217687 0.585034 0.201814 0.591837 0.183673 0.591837 0.170068 0.596372 0.160998 0.607710 0.142857 0.612245 0.092971 0.641723 0.086168 0.648526 0.086168 0.655329 0.074830 0.673469 0.077098 0.687075 0.092971 0.707483 0.154195 0.730159 0.201814 0.730159 0.217687 0.725624 0.240363 0.727891 0.256236 0.723356 0.294785 0.705215 0.340136 0.673469 0.346939 0.662132 0.349206 0.637188 0.362812 0.619048 0.424036 0.587302 0.430839 0.580499 0.442177 0.580499 0.462585 0.591837 0.453515 0.575964
0 0.587302 0.560091 0.596372 0.571429 0.596372 0.594104 0.598639 0.589569 0.605442 0.589569 0.630385 0.603175 0.643991 0.619048 0.650794 0.648526 0.675737 0.673469 0.696145 0.682540 0.702948 0.689342 0.718821 0.693878 0.748299 0.709751 0.757370 0.709751 0.782313 0.718821 0.795918 0.727891 0.809524 0.730159 0.875283 0.730159 0.893424 0.718821 0.897959 0.709751 0.897959 0.687075 0.888889 0.666667 0.882086 0.657596 0.875283 0.657596 0.868481 0.650794 0.863946 0.639456 0.832200 0.621315 0.823129 0.612245 0.777778 0.591837 0.757370 0.594104 0.748299 0.585034 0.723356 0.573696 0.689342 0.571429 0.668934 0.578231 0.643991 0.580499 0.605442 0.571429
0 0.362812 0.145125 0.344671 0.151927 0.335601 0.160998 0.328798 0.176871 0.326531 0.231293 0.331066 0.238095 0.331066 0.249433 0.340136 0.267574 0.340136 0.278912 0.349206 0.303855 0.362812 0.326531 0.365079 0.349206 0.380952 0.360544 0.403628 0.385488 0.428571 0.396825 0.437642 0.405896 0.455782 0.446712 0.455782 0.458050 0.458050 0.444444 0.469388 0.428571 0.462585 0.417234 0.467120 0.383220 0.482993 0.353741 0.478458 0.301587 0.471655 0.290249 0.471655 0.269841 0.451247 0.222222 0.428571 0.185941 0.405896 0.160998 0.390023 0.149660
0 0.492063 0.591837 0.464853 0.591837 0.460317 0.607710 0.446712 0.614512 0.430839 0.637188 0.410431 0.643991 0.385488 0.687075 0.385488 0.702948 0.374150 0.714286 0.374150 0.732426 0.378685 0.739229 0.376417 0.757370 0.385488 0.773243 0.394558 0.804989 0.408163 0.816327 0.424036 0.816327 0.442177 0.807256 0.458050 0.791383 0.485261 0.741497 0.487528 0.716553 0.494331 0.707483 0.494331 0.700680 0.510204 0.682540 0.501134 0.655329 0.503401 0.639456 0.498866 0.621315 0.489796 0.603175 0.492063 0.598639 0.498866 0.600907
0 0.659864 0.414966 0.655329 0.414966 0.639456 0.401361 0.598639 0.403628 0.582766 0.417234 0.544218 0.433107 0.537415 0.439909 0.537415 0.451247 0.528345 0.462585 0.526077 0.485261 0.514739 0.503401 0.507937 0.503401 0.553288 0.505669 0.557823 0.512472 0.557823 0.523810 0.553288 0.532880 0.603175 0.521542 0.630385 0.505669 0.641723 0.503401 0.639456 0.501134 0.662132 0.476190 0.662132 0.467120 0.657596 0.462585
0 0.326531 0.489796 0.326531 0.503401 0.335601 0.514739 0.333333 0.521542 0.360544 0.551020 0.390023 0.564626 0.405896 0.566893 0.417234 0.560091 0.444444 0.560091 0.455782 0.548753 0.469388 0.541950 0.469388 0.537415 0.476190 0.537415 0.476190 0.532880 0.464853 0.519274 0.464853 0.503401 0.437642 0.476190 0.408163 0.478458 0.396825 0.471655 0.385488 0.471655 0.367347 0.464853 0.362812 0.469388 0.340136 0.473923 0.331066 0.480726
0 0.548753 0.535147 0.535147 0.548753 0.514739 0.555556 0.514739 0.571429 0.494331 0.591837 0.498866 0.594104 0.503401 0.607710 0.530612 0.628118 0.578231 0.630385 0.594104 0.609977 0.594104 0.571429 0.571429 0.546485
0 0.471655 0.426304 0.460317 0.444444 0.455782 0.460317 0.455782 0.469388 0.460317 0.473923 0.460317 0.482993 0.464853 0.489796 0.460317 0.496599 0.467120 0.503401 0.467120 0.507937 0.478458 0.501134 0.514739 0.501134 0.523810 0.485261 0.523810 0.469388 0.512472 0.448980 0.514739 0.446712 0.482993 0.426304
0 0.453515 0.553288 0.455782 0.575964 0.462585 0.589569 0.494331 0.589569 0.512472 0.571429 0.512472 0.557823 0.505669 0.557823 0.494331 0.564626 0.476190 0.562358 0.471655 0.553288 0.471655 0.539683
0 0.471655 0.505669 0.467120 0.510204 0.467120 0.519274 0.478458 0.532880 0.473923 0.541950 0.476190 0.560091 0.494331 0.562358 0.505669 0.555556 0.512472 0.555556 0.528345 0.532880 0.526077 0.519274 0.512472 0.514739 0.501134 0.505669 0.503401 0.503401