0 0.421769 0.401361 0.421769 0.419501 0.426304 0.428571 0.448980 0.448980 0.453515 0.458050 0.453515 0.476190 0.460317 0.478458 0.460317 0.444444 0.464853 0.439909 0.482993 0.437642 0.489796 0.428571 0.489796 0.419501 0.482993 0.410431 0.469388 0.403628 0.460317 0.403628 0.451247 0.396825
0 0.442177 0.580499 0.446712 0.591837 0.473923 0.605442 0.496599 0.603175 0.503401 0.582766 0.482993 0.571429 0.473923 0.562358 0.473923 0.555556
0 0.403628 0.482993 0.410431 0.496599 0.419501 0.503401 0.444444 0.505669 0.439909 0.505669 0.430839 0.494331 0.426304 0.480726 0.408163 0.478458
0 0.628118 0.387755 0.598639 0.371882 0.578231 0.371882 0.557823 0.378685 0.530612 0.405896 0.532880 0.446712 0.489796 0.487528 0.503401 0.485261 0.512472 0.471655 0.535147 0.460317 0.553288 0.460317 0.560091 0.469388 0.585034 0.469388 0.609977 0.458050 0.630385 0.421769
0 0.319728 0.539683 0.326531 0.548753 0.346939 0.560091 0.394558 0.555556 0.401361 0.551020 0.405896 0.541950 0.408163 0.521542 0.414966 0.514739 0.446712 0.514739 0.460317 0.510204 0.419501 0.505669 0.408163 0.496599 0.405896 0.487528 0.399093 0.485261 0.390023 0.471655 0.371882 0.462585 0.356009 0.462585 0.333333 0.471655 0.326531 0.480726 0.326531 0.501134 0.321995 0.507937
0 0.485261 0.526077 0.476190 0.537415 0.480726 0.537415 0.503401 0.562358 0.505669 0.582766 0.498866 0.596372 0.501134 0.623583 0.507937 0.630385 0.514739 0.646259 0.528345 0.662132 0.548753 0.675737 0.580499 0.675737 0.591837 0.659864 0.594104 0.623583 0.585034 0.603175 0.575964 0.598639 0.562358 0.575964 0.541950 0.566893 0.519274 0.569161 0.512472 0.564626 0.485261 0.532880
0 0.380952 0.385488 0.371882 0.403628 0.371882 0.421769 0.378685 0.439909 0.403628 0.467120 0.412698 0.471655 0.435374 0.473923 0.448980 0.494331 0.455782 0.496599 0.455782 0.489796 0.462585 0.478458 0.458050 0.480726 0.446712 0.473923 0.444444 0.458050 0.448980 0.453515 0.424036 0.428571 0.419501 0.419501 0.419501 0.401361 0.396825 0.383220
0 0.478458 0.532880 0.462585 0.530612 0.460317 0.523810 0.453515 0.521542 0.430839 0.521542 0.412698 0.537415 0.408163 0.566893 0.410431 0.580499 0.417234 0.585034 0.437642 0.582766 0.451247 0.569161 0.469388 0.557823 0.473923 0.551020 0.473923 0.537415
0 0.541950 0.492063 0.526077 0.480726 0.507937 0.480726 0.503401 0.487528 0.489796 0.489796 0.473923 0.507937 0.482993 0.521542 0.482993 0.528345 0.485261 0.523810 0.512472 0.523810 0.537415 0.510204
0 0.478458 0.473923 0.464853 0.476190 0.458050 0.489796 0.460317 0.507937 0.473923 0.510204 0.471655 0.505669 0.487528 0.489796 0.487528 0.480726
0 0.448980 0.514739 0.451247 0.519274 0.460317 0.521542 0.462585 0.528345 0.480726 0.528345 0.476190 0.512472 0.462585 0.510204 0.458050 0.514739