0 0.646259 0.535147 0.653061 0.569161 0.671202 0.555556 0.673469 0.544218
0 0.510204 0.249433 0.496599 0.267574 0.494331 0.276644 0.482993 0.287982 0.476190 0.303855 0.478458 0.342404 0.487528 0.353741 0.485261 0.356009 0.496599 0.351474 0.512472 0.351474 0.535147 0.360544 0.555556 0.358277 0.571429 0.344671 0.578231 0.328798 0.580499 0.297052 0.575964 0.281179 0.557823 0.253968 0.546485 0.244898 0.523810 0.244898
0 0.492063 0.566893 0.489796 0.578231 0.480726 0.587302 0.469388 0.591837 0.455782 0.589569 0.437642 0.594104 0.414966 0.619048 0.403628 0.653061 0.408163 0.691610 0.417234 0.709751 0.428571 0.721088 0.453515 0.732426 0.448980 0.721088 0.448980 0.668934 0.460317 0.648526 0.460317 0.639456 0.473923 0.605442 0.492063 0.580499
0 0.832200 0.412698 0.814059 0.380952 0.804989 0.374150 0.734694 0.369615 0.705215 0.385488 0.687075 0.408163 0.673469 0.414966 0.662132 0.442177 0.653061 0.451247 0.628118 0.462585 0.605442 0.464853 0.603175 0.469388 0.589569 0.473923 0.585034 0.469388 0.575964 0.485261 0.598639 0.480726 0.603175 0.476190 0.680272 0.471655 0.727891 0.496599 0.755102 0.498866 0.777778 0.485261 0.798186 0.478458 0.829932 0.451247 0.834467 0.442177
0 0.206349 0.353741 0.210884 0.362812 0.231293 0.378685 0.274376 0.380952 0.278912 0.387755 0.290249 0.385488 0.319728 0.405896 0.344671 0.405896 0.351474 0.401361 0.360544 0.401361 0.358277 0.396825 0.367347 0.376417 0.383220 0.362812 0.396825 0.360544 0.390023 0.353741 0.362812 0.342404 0.351474 0.342404 0.321995 0.328798 0.290249 0.326531 0.281179 0.319728 0.219955 0.324263 0.208617 0.331066
0 0.562358 0.575964 0.609977 0.639456 0.605442 0.709751 0.630385 0.752834 0.657596 0.780045 0.707483 0.816327 0.766440 0.827664 0.784580 0.827664 0.798186 0.820862 0.807256 0.809524 0.816327 0.786848 0.814059 0.748299 0.793651 0.693878 0.780045 0.682540 0.766440 0.659864 0.741497 0.637188 0.714286 0.621315 0.696145 0.614512 0.668934 0.614512 0.657596 0.619048 0.634921 0.616780 0.605442 0.598639 0.612245 0.585034 0.578231 0.585034
0 0.730159 0.083900 0.721088 0.079365 0.700680 0.081633 0.693878 0.077098 0.666667 0.081633 0.632653 0.108844 0.616780 0.133787 0.612245 0.149660 0.594104 0.170068 0.589569 0.192744 0.582766 0.204082 0.585034 0.247166 0.596372 0.269841 0.594104 0.301587 0.580499 0.335601 0.564626 0.351474 0.569161 0.353741 0.548753 0.392290 0.546485 0.419501 0.535147 0.442177 0.555556 0.426304 0.562358 0.399093 0.587302 0.367347 0.612245 0.324263 0.641723 0.301587 0.659864 0.294785 0.687075 0.267574 0.723356 0.208617 0.725624 0.192744 0.743764 0.158730 0.743764 0.145125 0.748299 0.133787 0.741497 0.099773
0 0.281179 0.387755 0.263039 0.421769 0.253968 0.451247 0.253968 0.485261 0.265306 0.510204 0.310658 0.560091 0.328798 0.566893 0.412698 0.555556 0.453515 0.528345 0.462585 0.526077 0.455782 0.517007 0.453515 0.521542 0.442177 0.523810 0.414966 0.539683 0.390023 0.539683 0.387755 0.532880 0.392290 0.526077 0.392290 0.507937 0.380952 0.489796 0.360544 0.471655 0.362812 0.410431 0.358277 0.403628 0.344671 0.408163 0.319728 0.408163 0.303855 0.394558 0.290249 0.387755
0 0.625850 0.501134 0.634921 0.507937 0.643991 0.532880 0.671202 0.539683 0.678005 0.546485 0.691610 0.587302 0.736961 0.619048 0.752834 0.621315 0.777778 0.634921 0.873016 0.653061 0.916100 0.653061 0.927438 0.641723 0.927438 0.600907 0.909297 0.573696 0.868481 0.553288 0.839002 0.532880 0.818594 0.528345 0.807256 0.521542 0.770975 0.519274 0.734694 0.510204 0.698413 0.512472 0.691610 0.517007 0.662132 0.512472 0.653061 0.505669 0.637188 0.505669
0 0.517007 0.537415 0.496599 0.546485 0.494331 0.580499 0.476190 0.605442 0.462585 0.639456 0.462585 0.648526 0.451247 0.668934 0.451247 0.721088 0.455782 0.727891 0.458050 0.757370 0.467120 0.784580 0.480726 0.809524 0.489796 0.818594 0.512472 0.829932 0.521542 0.829932 0.539683 0.820862 0.564626 0.786848 0.569161 0.768707 0.569161 0.739229 0.575964 0.718821 0.573696 0.687075 0.566893 0.657596 0.551020 0.619048 0.523810 0.587302 0.519274 0.560091 0.512472 0.551020 0.512472 0.541950
0 0.340136 0.102041 0.324263 0.117914 0.312925 0.151927 0.312925 0.174603 0.328798 0.231293 0.335601 0.244898 0.346939 0.256236 0.358277 0.290249 0.380952 0.317460 0.412698 0.333333 0.424036 0.335601 0.439909 0.351474 0.448980 0.374150 0.467120 0.399093 0.467120 0.383220 0.458050 0.376417 0.462585 0.362812 0.453515 0.340136 0.453515 0.312925 0.467120 0.290249 0.469388 0.258503 0.467120 0.238095 0.460317 0.229025 0.458050 0.204082 0.451247 0.192744 0.451247 0.185941 0.433107 0.160998 0.421769 0.138322 0.394558 0.111111 0.371882 0.099773
0 0.727891 0.306122 0.718821 0.299320 0.700680 0.294785 0.678005 0.301587 0.662132 0.301587 0.657596 0.308390 0.646259 0.312925 0.634921 0.328798 0.616780 0.337868 0.607710 0.349206 0.598639 0.349206 0.589569 0.367347 0.564626 0.399093 0.557823 0.426304 0.546485 0.433107 0.537415 0.446712 0.566893 0.446712 0.571429 0.451247 0.575964 0.446712 0.603175 0.446712 0.646259 0.424036 0.655329 0.424036 0.687075 0.405896 0.689342 0.399093 0.705215 0.383220 0.721088 0.376417 0.716553 0.374150 0.725624 0.360544 0.734694 0.333333 0.734694 0.317460
0 0.376417 0.369615 0.369615 0.376417 0.360544 0.396825 0.360544 0.405896 0.365079 0.410431 0.365079 0.435374 0.374150 0.446712 0.376417 0.460317 0.403628 0.467120 0.430839 0.487528 0.451247 0.487528 0.455782 0.482993 0.462585 0.485261 0.460317 0.482993 0.464853 0.478458 0.469388 0.480726 0.467120 0.478458 0.473923 0.471655 0.473923 0.444444 0.469388 0.444444 0.464853 0.426304 0.446712 0.403628 0.435374 0.380952 0.426304 0.371882 0.401361 0.362812 0.390023 0.362812
0 0.532880 0.505669 0.535147 0.507937 0.526077 0.532880 0.535147 0.548753 0.560091 0.575964 0.562358 0.573696 0.578231 0.582766 0.612245 0.582766 0.614512 0.587302 0.637188 0.582766 0.653061 0.571429 0.646259 0.539683 0.639456 0.530612 0.639456 0.521542 0.632653 0.507937 0.623583 0.503401 0.623583 0.496599 0.616780 0.489796 0.589569 0.482993 0.571429 0.487528 0.557823 0.498866
0 0.496599 0.353741 0.487528 0.358277 0.469388 0.380952 0.467120 0.410431 0.476190 0.435374 0.473923 0.437642 0.496599 0.439909 0.503401 0.446712 0.503401 0.451247 0.510204 0.458050 0.514739 0.458050 0.519274 0.451247 0.535147 0.444444 0.532880 0.442177 0.539683 0.433107 0.546485 0.410431 0.546485 0.387755 0.537415 0.362812 0.523810 0.356009
0 0.462585 0.482993 0.464853 0.485261 0.455782 0.494331 0.458050 0.519274 0.464853 0.526077 0.462585 0.528345 0.476190 0.539683 0.489796 0.541950 0.494331 0.546485 0.514739 0.537415 0.519274 0.530612 0.526077 0.530612 0.530612 0.507937 0.523810 0.505669 0.512472 0.510204 0.494331 0.510204 0.478458 0.496599 0.469388 0.482993
0 0.566893 0.448980 0.532880 0.446712 0.517007 0.455782 0.521542 0.462585 0.521542 0.498866 0.532880 0.507937 0.532880 0.503401 0.557823 0.496599 0.575964 0.482993 0.573696 0.480726 0.580499 0.473923 0.580499 0.467120
0 0.487528 0.439909 0.476190 0.439909 0.476190 0.471655 0.469388 0.478458 0.480726 0.494331 0.489796 0.478458
0 0.519274 0.476190 0.510204 0.489796 0.492063 0.503401 0.494331 0.507937 0.512472 0.507937 0.523810 0.503401 0.519274 0.498866
0 0.496599 0.442177 0.489796 0.442177 0.492063 0.478458 0.480726 0.496599 0.489796 0.505669 0.507937 0.489796 0.519274 0.473923 0.519274 0.462585 0.510204 0.460317