0 0.471655 0.578231 0.464853 0.580499 0.439909 0.603175 0.451247 0.603175 0.467120 0.589569
0 0.612245 0.564626 0.609977 0.566893 0.614512 0.566893 0.634921 0.589569 0.641723 0.614512 0.662132 0.648526 0.662132 0.700680 0.668934 0.693878 0.684807 0.693878 0.700680 0.680272 0.705215 0.659864 0.702948 0.643991 0.691610 0.628118 0.687075 0.612245 0.668934 0.591837 0.641723 0.569161 0.632653 0.564626
0 0.247166 0.464853 0.247166 0.469388 0.231293 0.485261 0.226757 0.498866 0.199546 0.539683 0.201814 0.557823 0.224490 0.578231 0.253968 0.580499 0.287982 0.573696 0.342404 0.530612 0.344671 0.517007 0.351474 0.505669 0.297052 0.505669 0.278912 0.492063 0.263039 0.492063 0.251701 0.480726
0 0.818594 0.233560 0.802721 0.219955 0.770975 0.215420 0.734694 0.224490 0.718821 0.224490 0.691610 0.240363 0.664399 0.263039 0.646259 0.287982 0.639456 0.303855 0.619048 0.324263 0.616780 0.333333 0.621315 0.342404 0.616780 0.351474 0.616780 0.365079 0.612245 0.374150 0.589569 0.396825 0.582766 0.396825 0.616780 0.401361 0.619048 0.405896 0.619048 0.401361 0.625850 0.394558 0.639456 0.387755 0.653061 0.387755 0.673469 0.399093 0.698413 0.399093 0.736961 0.390023 0.793651 0.331066 0.802721 0.326531 0.816327 0.294785 0.818594 0.274376 0.825397 0.256236 0.825397 0.244898
0 0.505669 0.637188 0.510204 0.646259 0.507937 0.673469 0.462585 0.718821 0.460317 0.725624 0.458050 0.782313 0.464853 0.795918 0.464853 0.807256 0.471655 0.827664 0.501134 0.877551 0.519274 0.888889 0.535147 0.888889 0.560091 0.879819 0.591837 0.848073 0.600907 0.843537 0.609977 0.825397 0.612245 0.811791 0.609977 0.759637 0.603175 0.743764 0.605442 0.727891 0.557823 0.705215 0.541950 0.689342 0.528345 0.653061 0.519274 0.641723
0 0.244898 0.133787 0.235828 0.142857 0.226757 0.163265 0.224490 0.208617 0.229025 0.217687 0.226757 0.229025 0.233560 0.249433 0.244898 0.267574 0.247166 0.287982 0.258503 0.306122 0.285714 0.324263 0.292517 0.342404 0.310658 0.353741 0.335601 0.356009 0.358277 0.349206 0.378685 0.356009 0.435374 0.412698 0.437642 0.403628 0.446712 0.396825 0.444444 0.399093 0.426304 0.376417 0.401361 0.333333 0.401361 0.301587 0.410431 0.281179 0.414966 0.247166 0.399093 0.224490 0.385488 0.188209 0.326531 0.136054 0.303855 0.133787 0.285714 0.124717 0.260771 0.124717
0 0.920635 0.424036 0.916100 0.412698 0.907029 0.403628 0.873016 0.392290 0.816327 0.390023 0.800454 0.399093 0.766440 0.396825 0.743764 0.408163 0.721088 0.408163 0.707483 0.412698 0.687075 0.428571 0.668934 0.430839 0.662132 0.437642 0.646259 0.469388 0.634921 0.473923 0.625850 0.469388 0.619048 0.482993 0.594104 0.503401 0.609977 0.503401 0.637188 0.514739 0.671202 0.553288 0.691610 0.562358 0.714286 0.562358 0.721088 0.557823 0.734694 0.557823 0.746032 0.564626 0.755102 0.564626 0.773243 0.553288 0.786848 0.551020 0.820862 0.535147 0.850340 0.530612 0.877551 0.521542 0.895692 0.507937 0.922902 0.476190
0 0.383220 0.557823 0.383220 0.562358 0.353741 0.587302 0.331066 0.594104 0.315193 0.594104 0.290249 0.607710 0.251701 0.643991 0.247166 0.655329 0.235828 0.666667 0.226757 0.687075 0.206349 0.709751 0.204082 0.732426 0.197279 0.743764 0.199546 0.748299 0.195011 0.768707 0.199546 0.804989 0.204082 0.814059 0.229025 0.818594 0.240363 0.809524 0.265306 0.804989 0.278912 0.798186 0.290249 0.786848 0.299320 0.768707 0.310658 0.757370 0.326531 0.750567 0.356009 0.714286 0.385488 0.691610 0.392290 0.643991 0.383220 0.628118 0.380952 0.612245 0.385488 0.600907 0.392290 0.596372 0.392290 0.569161
0 0.501134 0.099773 0.478458 0.111111 0.455782 0.133787 0.439909 0.170068 0.437642 0.190476 0.442177 0.215420 0.442177 0.247166 0.448980 0.253968 0.444444 0.290249 0.455782 0.301587 0.451247 0.321995 0.460317 0.333333 0.473923 0.337868 0.487528 0.351474 0.494331 0.365079 0.498866 0.399093 0.496599 0.401361 0.492063 0.396825 0.492063 0.401361 0.505669 0.421769 0.505669 0.439909 0.510204 0.442177 0.521542 0.428571 0.517007 0.426304 0.521542 0.367347 0.530612 0.342404 0.555556 0.319728 0.560091 0.310658 0.562358 0.272109 0.569161 0.263039 0.575964 0.238095 0.575964 0.213152 0.569161 0.199546 0.562358 0.165533 0.541950 0.129252 0.521542 0.106576
0 0.514739 0.541950 0.521542 0.553288 0.521542 0.573696 0.507937 0.585034 0.507937 0.634921 0.519274 0.639456 0.530612 0.653061 0.544218 0.689342 0.557823 0.702948 0.607710 0.727891 0.625850 0.732426 0.641723 0.727891 0.657596 0.705215 0.662132 0.705215 0.659864 0.648526 0.639456 0.614512 0.632653 0.589569 0.614512 0.569161 0.582766 0.555556 0.566893 0.544218 0.553288 0.541950 0.548753 0.528345 0.544218 0.528345 0.532880 0.541950
0 0.242630 0.439909 0.253968 0.480726 0.263039 0.489796 0.278912 0.489796 0.297052 0.503401 0.337868 0.501134 0.369615 0.505669 0.387755 0.498866 0.401361 0.485261 0.417234 0.480726 0.426304 0.473923 0.442177 0.476190 0.448980 0.460317 0.437642 0.451247 0.435374 0.453515 0.424036 0.448980 0.394558 0.414966 0.376417 0.414966 0.342404 0.403628 0.283447 0.405896 0.260771 0.417234
0 0.571429 0.399093 0.548753 0.412698 0.541950 0.412698 0.528345 0.426304 0.523810 0.426304 0.519274 0.430839 0.519274 0.439909 0.526077 0.444444 0.526077 0.471655 0.535147 0.476190 0.551020 0.496599 0.557823 0.492063 0.569161 0.498866 0.591837 0.501134 0.605442 0.494331 0.616780 0.482993 0.621315 0.471655 0.639456 0.460317 0.646259 0.448980 0.646259 0.437642 0.639456 0.424036 0.621315 0.405896 0.619048 0.408163 0.616780 0.403628 0.596372 0.399093
0 0.498866 0.514739 0.487528 0.521542 0.473923 0.521542 0.473923 0.507937 0.448980 0.507937 0.444444 0.501134 0.446712 0.496599 0.439909 0.496599 0.433107 0.503401 0.417234 0.510204 0.390023 0.537415 0.385488 0.548753 0.385488 0.557823 0.394558 0.569161 0.394558 0.598639 0.408163 0.605442 0.435374 0.605442 0.464853 0.578231 0.473923 0.575964 0.494331 0.544218
0 0.487528 0.396825 0.471655 0.390023 0.455782 0.390023 0.439909 0.403628 0.433107 0.433107 0.439909 0.451247 0.451247 0.460317 0.448980 0.462585 0.467120 0.446712 0.503401 0.439909 0.503401 0.421769
0 0.526077 0.473923 0.510204 0.487528 0.510204 0.494331 0.498866 0.517007 0.503401 0.519274 0.503401 0.526077 0.512472 0.539683 0.532880 0.539683 0.544218 0.526077 0.551020 0.528345 0.553288 0.523810 0.548753 0.494331 0.535147 0.478458
0 0.480726 0.444444 0.476190 0.448980 0.462585 0.451247 0.444444 0.471655 0.442177 0.478458 0.451247 0.489796 0.446712 0.501134 0.448980 0.505669 0.471655 0.505669 0.471655 0.492063 0.462585 0.480726 0.460317 0.469388 0.467120 0.462585 0.478458 0.460317
0 0.517007 0.437642 0.510204 0.444444 0.494331 0.444444 0.505669 0.446712 0.517007 0.460317 0.514739 0.478458 0.523810 0.471655 0.523810 0.444444
0 0.505669 0.448980 0.487528 0.444444 0.482993 0.446712 0.480726 0.460317 0.462585 0.469388 0.462585 0.476190 0.473923 0.492063 0.473923 0.519274 0.487528 0.519274 0.498866 0.512472 0.507937 0.494331 0.507937 0.487528 0.514739 0.480726 0.514739 0.460317