0 0.328798 0.523810 0.328798 0.546485 0.346939 0.560091 0.360544 0.564626 0.378685 0.564626 0.405896 0.546485 0.408163 0.530612 0.387755 0.530612 0.383220 0.526077 0.380952 0.512472 0.360544 0.514739 0.346939 0.501134 0.340136 0.505669
0 0.580499 0.494331 0.589569 0.496599 0.598639 0.505669 0.600907 0.517007 0.616780 0.532880 0.653061 0.528345 0.662132 0.523810 0.673469 0.510204 0.668934 0.501134 0.630385 0.478458 0.621315 0.478458
0 0.482993 0.582766 0.464853 0.589569 0.462585 0.600907 0.453515 0.612245 0.433107 0.616780 0.410431 0.630385 0.399093 0.648526 0.396825 0.682540 0.401361 0.691610 0.401361 0.730159 0.405896 0.741497 0.421769 0.757370 0.446712 0.761905 0.471655 0.755102 0.496599 0.734694 0.512472 0.709751 0.510204 0.702948 0.514739 0.698413 0.519274 0.659864 0.503401 0.634921 0.478458 0.609977 0.478458 0.585034
0 0.521542 0.294785 0.517007 0.312925 0.517007 0.342404 0.523810 0.358277 0.523810 0.376417 0.517007 0.385488 0.519274 0.399093 0.507937 0.437642 0.507937 0.460317 0.523810 0.439909 0.519274 0.442177 0.517007 0.437642 0.530612 0.405896 0.564626 0.390023 0.578231 0.376417 0.580499 0.369615 0.580499 0.344671 0.571429 0.326531 0.557823 0.310658
0 0.315193 0.306122 0.308390 0.312925 0.301587 0.331066 0.301587 0.360544 0.317460 0.396825 0.328798 0.408163 0.342404 0.414966 0.401361 0.417234 0.437642 0.439909 0.458050 0.460317 0.462585 0.469388 0.469388 0.467120 0.476190 0.460317 0.476190 0.453515 0.464853 0.453515 0.455782 0.439909 0.439909 0.428571 0.419501 0.403628 0.414966 0.392290 0.417234 0.351474 0.403628 0.331066 0.374150 0.315193 0.353741 0.312925 0.331066 0.301587
0 0.827664 0.424036 0.820862 0.408163 0.809524 0.396825 0.782313 0.383220 0.725624 0.380952 0.702948 0.385488 0.664399 0.401361 0.646259 0.419501 0.643991 0.426304 0.625850 0.444444 0.616780 0.448980 0.609977 0.462585 0.573696 0.494331 0.621315 0.476190 0.630385 0.476190 0.680272 0.507937 0.702948 0.512472 0.718821 0.507937 0.727891 0.510204 0.766440 0.494331 0.793651 0.478458 0.820862 0.446712 0.827664 0.433107
0 0.451247 0.514739 0.444444 0.523810 0.419501 0.535147 0.405896 0.548753 0.378685 0.566893 0.360544 0.566893 0.342404 0.557823 0.340136 0.562358 0.317460 0.560091 0.281179 0.580499 0.242630 0.623583 0.226757 0.653061 0.217687 0.689342 0.217687 0.700680 0.226757 0.721088 0.238095 0.730159 0.258503 0.732426 0.294785 0.718821 0.346939 0.684807 0.362812 0.666667 0.367347 0.653061 0.380952 0.639456 0.387755 0.598639 0.383220 0.585034 0.414966 0.555556 0.428571 0.551020 0.430839 0.541950 0.444444 0.528345
0 0.519274 0.530612 0.553288 0.575964 0.551020 0.625850 0.571429 0.666667 0.598639 0.693878 0.605442 0.705215 0.621315 0.716553 0.637188 0.721088 0.659864 0.734694 0.691610 0.734694 0.712018 0.712018 0.712018 0.689342 0.702948 0.657596 0.684807 0.623583 0.648526 0.587302 0.634921 0.582766 0.619048 0.564626 0.603175 0.560091 0.575964 0.560091 0.560091 0.551020 0.539683 0.530612 0.537415 0.521542
0 0.451247 0.215420 0.442177 0.219955 0.428571 0.238095 0.414966 0.276644 0.412698 0.310658 0.424036 0.319728 0.430839 0.360544 0.442177 0.383220 0.448980 0.390023 0.462585 0.394558 0.476190 0.414966 0.476190 0.419501 0.464853 0.428571 0.469388 0.446712 0.480726 0.442177 0.482993 0.446712 0.478458 0.448980 0.487528 0.448980 0.496599 0.455782 0.496599 0.451247 0.503401 0.444444 0.503401 0.428571 0.492063 0.417234 0.494331 0.396825 0.503401 0.387755 0.512472 0.387755 0.521542 0.376417 0.521542 0.358277 0.514739 0.342404 0.514739 0.290249 0.521542 0.278912 0.523810 0.260771 0.519274 0.249433 0.496599 0.222222 0.480726 0.213152
0 0.344671 0.498866 0.360544 0.512472 0.380952 0.510204 0.385488 0.514739 0.387755 0.528345 0.417234 0.530612 0.451247 0.510204 0.458050 0.498866 0.473923 0.496599 0.467120 0.489796 0.467120 0.485261 0.462585 0.485261 0.444444 0.462585 0.417234 0.455782 0.374150 0.458050 0.360544 0.467120 0.351474 0.478458
0 0.482993 0.501134 0.473923 0.498866 0.469388 0.505669 0.453515 0.507937 0.446712 0.528345 0.430839 0.546485 0.430839 0.578231 0.444444 0.589569 0.467120 0.587302 0.482993 0.580499 0.510204 0.548753 0.510204 0.528345
0 0.614512 0.433107 0.596372 0.419501 0.555556 0.421769 0.528345 0.435374 0.505669 0.464853 0.505669 0.478458 0.501134 0.480726 0.505669 0.494331 0.526077 0.494331 0.530612 0.498866 0.537415 0.498866 0.539683 0.503401 0.562358 0.501134 0.607710 0.462585 0.614512 0.451247
0 0.478458 0.451247 0.478458 0.460317 0.464853 0.471655 0.469388 0.489796 0.478458 0.498866 0.503401 0.492063 0.496599 0.458050 0.487528 0.451247
0 0.485261 0.501134 0.501134 0.514739 0.501134 0.519274 0.507937 0.526077 0.523810 0.528345 0.535147 0.521542 0.535147 0.503401 0.526077 0.496599 0.503401 0.494331