0 0.380952 0.410431 0.371882 0.414966 0.367347 0.424036 0.360544 0.428571 0.353741 0.444444 0.353741 0.458050 0.369615 0.480726 0.390023 0.485261 0.401361 0.480726 0.405896 0.473923 0.396825 0.464853 0.394558 0.430839 0.399093 0.428571 0.403628 0.414966 0.394558 0.410431
0 0.621315 0.544218 0.607710 0.539683 0.591837 0.541950 0.569161 0.551020 0.548753 0.541950 0.548753 0.551020 0.555556 0.553288 0.564626 0.564626 0.560091 0.596372 0.571429 0.614512 0.591837 0.616780 0.616780 0.591837 0.619048 0.580499 0.630385 0.562358 0.630385 0.553288
0 0.482993 0.539683 0.464853 0.546485 0.455782 0.557823 0.444444 0.562358 0.437642 0.569161 0.435374 0.580499 0.446712 0.589569 0.451247 0.580499 0.480726 0.555556 0.473923 0.548753 0.478458 0.541950 0.482993 0.544218
0 0.532880 0.630385 0.535147 0.632653 0.521542 0.648526 0.485261 0.657596 0.478458 0.662132 0.458050 0.662132 0.455782 0.668934 0.455782 0.705215 0.460317 0.718821 0.469388 0.727891 0.469388 0.736961 0.501134 0.759637 0.530612 0.759637 0.553288 0.732426 0.562358 0.707483 0.560091 0.662132 0.551020 0.643991
0 0.507937 0.387755 0.455782 0.392290 0.453515 0.399093 0.446712 0.403628 0.460317 0.405896 0.473923 0.414966 0.482993 0.426304 0.480726 0.462585 0.476190 0.471655 0.482993 0.473923 0.482993 0.489796 0.489796 0.501134 0.492063 0.462585 0.503401 0.453515 0.528345 0.453515 0.537415 0.448980 0.557823 0.424036 0.557823 0.412698 0.544218 0.408163 0.537415 0.401361 0.523810 0.399093
0 0.469388 0.544218 0.460317 0.541950 0.439909 0.551020 0.410431 0.575964 0.392290 0.585034 0.349206 0.580499 0.340136 0.587302 0.328798 0.589569 0.321995 0.598639 0.303855 0.609977 0.281179 0.643991 0.274376 0.662132 0.274376 0.680272 0.290249 0.700680 0.319728 0.700680 0.369615 0.680272 0.399093 0.659864 0.408163 0.648526 0.412698 0.628118 0.412698 0.607710 0.405896 0.600907 0.444444 0.560091 0.455782 0.555556 0.464853 0.544218
0 0.748299 0.410431 0.725624 0.392290 0.678005 0.392290 0.625850 0.414966 0.609977 0.428571 0.605442 0.439909 0.605442 0.458050 0.589569 0.473923 0.564626 0.485261 0.557823 0.485261 0.553288 0.496599 0.535147 0.507937 0.530612 0.514739 0.555556 0.501134 0.566893 0.498866 0.571429 0.492063 0.596372 0.485261 0.612245 0.485261 0.637188 0.498866 0.680272 0.496599 0.698413 0.482993 0.712018 0.478458 0.734694 0.458050 0.750567 0.435374
0 0.501134 0.535147 0.489796 0.535147 0.485261 0.553288 0.448980 0.587302 0.453515 0.596372 0.446712 0.607710 0.446712 0.625850 0.460317 0.659864 0.478458 0.659864 0.485261 0.655329 0.517007 0.648526 0.532880 0.632653 0.530612 0.589569 0.514739 0.571429 0.512472 0.562358 0.503401 0.562358 0.496599 0.557823
0 0.551020 0.455782 0.519274 0.460317 0.498866 0.473923 0.492063 0.489796 0.494331 0.503401 0.489796 0.514739 0.496599 0.523810 0.528345 0.514739 0.535147 0.505669 0.551020 0.496599 0.557823 0.482993 0.557823 0.467120
0 0.489796 0.530612 0.503401 0.535147 0.501134 0.546485 0.512472 0.557823 0.532880 0.562358 0.546485 0.553288 0.546485 0.539683 0.528345 0.517007
0 0.451247 0.519274 0.451247 0.532880 0.467120 0.541950 0.485261 0.537415 0.487528 0.530612 0.496599 0.526077 0.487528 0.514739 0.460317 0.512472