0 0.387755 0.376417 0.380952 0.383220 0.367347 0.410431 0.367347 0.417234 0.383220 0.451247 0.390023 0.444444 0.421769 0.439909 0.437642 0.451247 0.442177 0.446712 0.446712 0.455782 0.446712 0.446712 0.444444 0.448980 0.435374 0.435374 0.435374 0.419501 0.417234 0.383220 0.403628 0.371882
0 0.453515 0.535147 0.444444 0.546485 0.442177 0.560091 0.437642 0.562358 0.451247 0.564626 0.462585 0.575964 0.469388 0.571429 0.473923 0.555556 0.471655 0.548753 0.462585 0.546485
0 0.537415 0.625850 0.537415 0.709751 0.532880 0.718821 0.532880 0.732426 0.523810 0.748299 0.523810 0.757370 0.517007 0.764172 0.517007 0.768707 0.523810 0.766440 0.530612 0.770975 0.560091 0.768707 0.585034 0.743764 0.591837 0.714286 0.587302 0.682540 0.582766 0.678005 0.575964 0.655329 0.562358 0.637188 0.555556 0.632653 0.546485 0.632653
0 0.460317 0.272109 0.448980 0.285714 0.453515 0.335601 0.460317 0.346939 0.487528 0.369615 0.480726 0.360544 0.476190 0.335601 0.462585 0.319728
0 0.458050 0.526077 0.451247 0.535147 0.448980 0.530612 0.428571 0.541950 0.419501 0.539683 0.417234 0.544218 0.421769 0.546485 0.387755 0.580499 0.360544 0.598639 0.310658 0.587302 0.281179 0.591837 0.272109 0.596372 0.251701 0.616780 0.238095 0.623583 0.219955 0.643991 0.195011 0.698413 0.197279 0.739229 0.210884 0.743764 0.222222 0.752834 0.260771 0.752834 0.287982 0.741497 0.301587 0.741497 0.326531 0.730159 0.365079 0.705215 0.371882 0.698413 0.383220 0.673469 0.387755 0.603175 0.428571 0.557823 0.433107 0.555556 0.435374 0.560091 0.439909 0.560091 0.442177 0.546485 0.455782 0.532880
0 0.879819 0.317460 0.859410 0.301587 0.843537 0.303855 0.839002 0.299320 0.818594 0.301587 0.809524 0.297052 0.782313 0.306122 0.712018 0.346939 0.693878 0.371882 0.689342 0.408163 0.680272 0.426304 0.666667 0.437642 0.641723 0.442177 0.662132 0.442177 0.668934 0.446712 0.702948 0.453515 0.714286 0.458050 0.736961 0.478458 0.741497 0.471655 0.748299 0.478458 0.759637 0.480726 0.782313 0.471655 0.795918 0.471655 0.818594 0.464853 0.873016 0.414966 0.886621 0.376417 0.888889 0.340136
0 0.419501 0.702948 0.421769 0.709751 0.408163 0.716553 0.405896 0.723356 0.378685 0.748299 0.371882 0.766440 0.371882 0.800454 0.365079 0.814059 0.367347 0.845805 0.362812 0.875283 0.367347 0.888889 0.362812 0.931973 0.376417 0.970522 0.376417 0.986395 0.383220 0.997732 0.471655 0.997732 0.496599 0.954649 0.496599 0.922902 0.510204 0.870748 0.510204 0.857143 0.514739 0.850340 0.514739 0.823129 0.510204 0.816327 0.510204 0.775510 0.514739 0.773243 0.458050 0.773243 0.439909 0.764172 0.433107 0.757370 0.426304 0.718821
0 0.802721 0.117914 0.795918 0.115646 0.786848 0.120181 0.755102 0.120181 0.721088 0.133787 0.700680 0.147392 0.641723 0.199546 0.641723 0.204082 0.630385 0.217687 0.628118 0.231293 0.616780 0.247166 0.616780 0.256236 0.612245 0.260771 0.614512 0.285714 0.605442 0.297052 0.605442 0.310658 0.614512 0.328798 0.614512 0.349206 0.580499 0.399093 0.564626 0.414966 0.562358 0.437642 0.569161 0.451247 0.566893 0.437642 0.623583 0.378685 0.650794 0.360544 0.680272 0.360544 0.698413 0.351474 0.707483 0.351474 0.712018 0.344671 0.746032 0.324263 0.773243 0.297052 0.800454 0.260771 0.820862 0.217687 0.827664 0.190476 0.825397 0.151927 0.814059 0.129252
0 0.557823 0.537415 0.557823 0.560091 0.589569 0.578231 0.591837 0.582766 0.607710 0.587302 0.614512 0.594104 0.612245 0.603175 0.619048 0.600907 0.643991 0.630385 0.650794 0.648526 0.650794 0.664399 0.657596 0.675737 0.691610 0.709751 0.705215 0.714286 0.752834 0.755102 0.789116 0.773243 0.802721 0.775510 0.818594 0.786848 0.839002 0.791383 0.891156 0.793651 0.916100 0.780045 0.925170 0.746032 0.913832 0.718821 0.902494 0.705215 0.897959 0.691610 0.839002 0.634921 0.827664 0.630385 0.800454 0.609977 0.791383 0.607710 0.782313 0.598639 0.750567 0.587302 0.730159 0.589569 0.718821 0.585034 0.705215 0.585034 0.684807 0.594104 0.641723 0.587302 0.630385 0.578231 0.603175 0.566893 0.564626 0.537415
0 0.081633 0.439909 0.086168 0.460317 0.106576 0.476190 0.140590 0.492063 0.163265 0.492063 0.179138 0.501134 0.217687 0.498866 0.233560 0.489796 0.260771 0.494331 0.278912 0.485261 0.301587 0.485261 0.331066 0.462585 0.344671 0.462585 0.351474 0.469388 0.365079 0.469388 0.380952 0.451247 0.374150 0.451247 0.346939 0.435374 0.326531 0.412698 0.315193 0.408163 0.292517 0.383220 0.258503 0.371882 0.242630 0.362812 0.224490 0.362812 0.208617 0.353741 0.140590 0.353741 0.113379 0.365079 0.102041 0.378685
0 0.541950 0.133787 0.523810 0.136054 0.492063 0.163265 0.478458 0.190476 0.469388 0.229025 0.471655 0.249433 0.460317 0.263039 0.458050 0.260771 0.464853 0.278912 0.464853 0.319728 0.478458 0.335601 0.482993 0.360544 0.487528 0.362812 0.498866 0.383220 0.492063 0.430839 0.503401 0.430839 0.517007 0.414966 0.523810 0.414966 0.519274 0.412698 0.519274 0.405896 0.526077 0.390023 0.566893 0.356009 0.569161 0.344671 0.585034 0.321995 0.587302 0.290249 0.591837 0.283447 0.594104 0.260771 0.598639 0.251701 0.596372 0.213152 0.585034 0.176871 0.571429 0.154195 0.553288 0.138322
0 0.501134 0.546485 0.494331 0.551020 0.473923 0.551020 0.476190 0.560091 0.471655 0.571429 0.446712 0.591837 0.448980 0.605442 0.428571 0.637188 0.428571 0.648526 0.421769 0.662132 0.421769 0.702948 0.428571 0.718821 0.433107 0.750567 0.439909 0.761905 0.458050 0.770975 0.512472 0.770975 0.521542 0.757370 0.521542 0.748299 0.530612 0.732426 0.530612 0.718821 0.535147 0.709751 0.535147 0.623583 0.517007 0.605442 0.517007 0.587302 0.507937 0.575964 0.507937 0.562358 0.501134 0.553288
0 0.562358 0.564626 0.555556 0.578231 0.555556 0.598639 0.562358 0.614512 0.591837 0.619048 0.612245 0.605442 0.612245 0.594104 0.607710 0.589569 0.591837 0.585034 0.589569 0.580499 0.585034 0.580499
0 0.734694 0.478458 0.714286 0.460317 0.689342 0.451247 0.668934 0.448980 0.662132 0.444444 0.628118 0.444444 0.603175 0.448980 0.571429 0.469388 0.557823 0.473923 0.560091 0.478458 0.544218 0.492063 0.535147 0.514739 0.546485 0.514739 0.562358 0.530612 0.562358 0.535147 0.562358 0.530612 0.569161 0.526077 0.587302 0.526077 0.589569 0.537415 0.619048 0.537415 0.630385 0.546485 0.648526 0.546485 0.673469 0.537415 0.687075 0.537415 0.707483 0.523810 0.730159 0.496599
0 0.442177 0.448980 0.437642 0.453515 0.421769 0.442177 0.390023 0.446712 0.383220 0.453515 0.378685 0.453515 0.365079 0.471655 0.349206 0.469388 0.340136 0.476190 0.331066 0.492063 0.333333 0.507937 0.367347 0.535147 0.385488 0.541950 0.394558 0.539683 0.414966 0.544218 0.419501 0.537415 0.428571 0.539683 0.448980 0.528345 0.451247 0.532880 0.453515 0.514739 0.464853 0.503401 0.467120 0.492063 0.464853 0.501134 0.462585 0.482993 0.442177 0.455782
0 0.535147 0.410431 0.523810 0.417234 0.517007 0.417234 0.503401 0.433107 0.501134 0.430839 0.510204 0.439909 0.503401 0.476190 0.505669 0.478458 0.514739 0.471655 0.528345 0.471655 0.539683 0.485261 0.541950 0.494331 0.557823 0.478458 0.555556 0.473923 0.562358 0.469388 0.566893 0.448980 0.560091 0.437642 0.562358 0.417234
0 0.528345 0.512472 0.528345 0.517007 0.517007 0.517007 0.507937 0.526077 0.510204 0.528345 0.503401 0.537415 0.503401 0.553288 0.512472 0.571429 0.539683 0.573696 0.555556 0.564626 0.555556 0.537415 0.560091 0.535147 0.560091 0.530612 0.546485 0.517007 0.535147 0.517007 0.532880 0.512472
0 0.485261 0.424036 0.476190 0.424036 0.464853 0.435374 0.446712 0.444444 0.446712 0.458050 0.464853 0.482993 0.464853 0.498866 0.467120 0.480726 0.503401 0.478458 0.501134 0.464853 0.507937 0.451247 0.507937 0.439909 0.498866 0.433107 0.492063 0.433107
0 0.467120 0.501134 0.455782 0.514739 0.453515 0.523810 0.460317 0.526077 0.455782 0.535147 0.462585 0.544218 0.469388 0.544218 0.473923 0.548753 0.494331 0.548753 0.501134 0.544218 0.501134 0.537415 0.507937 0.528345 0.487528 0.530612 0.473923 0.517007 0.471655 0.505669
0 0.528345 0.473923 0.514739 0.473923 0.505669 0.480726 0.467120 0.482993 0.469388 0.503401 0.473923 0.505669 0.476190 0.517007 0.487528 0.528345 0.505669 0.526077 0.517007 0.514739 0.528345 0.514739 0.526077 0.512472 0.535147 0.507937 0.539683 0.492063