0 0.435374 0.344671 0.430839 0.356009 0.417234 0.369615 0.417234 0.401361 0.428571 0.417234 0.455782 0.394558 0.446712 0.360544
0 0.446712 0.662132 0.430839 0.664399 0.414966 0.718821 0.417234 0.723356 0.428571 0.714286 0.442177 0.689342 0.442177 0.680272 0.448980 0.671202
0 0.721088 0.598639 0.721088 0.607710 0.732426 0.623583 0.732426 0.634921 0.725624 0.655329 0.712018 0.662132 0.721088 0.666667 0.746032 0.668934 0.761905 0.678005 0.777778 0.693878 0.780045 0.662132 0.770975 0.643991 0.748299 0.616780 0.741497 0.616780
0 0.360544 0.641723 0.344671 0.650794 0.335601 0.650794 0.335601 0.659864 0.321995 0.666667 0.303855 0.664399 0.297052 0.659864 0.276644 0.659864 0.231293 0.682540 0.222222 0.691610 0.195011 0.734694 0.185941 0.775510 0.188209 0.816327 0.192744 0.827664 0.208617 0.848073 0.235828 0.850340 0.249433 0.845805 0.267574 0.829932 0.272109 0.829932 0.274376 0.834467 0.274376 0.820862 0.281179 0.811791 0.301587 0.800454 0.317460 0.782313 0.337868 0.775510 0.349206 0.766440 0.362812 0.741497 0.362812 0.714286 0.353741 0.687075 0.353741 0.671202 0.362812 0.657596 0.376417 0.646259
0 0.494331 0.077098 0.469388 0.081633 0.451247 0.092971 0.433107 0.113379 0.408163 0.154195 0.399093 0.181406 0.399093 0.199546 0.392290 0.219955 0.390023 0.242630 0.396825 0.267574 0.399093 0.303855 0.408163 0.321995 0.428571 0.335601 0.444444 0.353741 0.455782 0.387755 0.462585 0.387755 0.482993 0.376417 0.480726 0.360544 0.487528 0.351474 0.489796 0.319728 0.485261 0.315193 0.485261 0.240363 0.480726 0.233560 0.480726 0.210884 0.476190 0.195011 0.476190 0.154195 0.485261 0.138322 0.489796 0.120181 0.489796 0.083900
0 0.539683 0.625850 0.539683 0.648526 0.532880 0.655329 0.539683 0.655329 0.605442 0.734694 0.603175 0.764172 0.598639 0.770975 0.594104 0.798186 0.612245 0.841270 0.662132 0.882086 0.684807 0.893424 0.736961 0.911565 0.777778 0.913832 0.757370 0.897959 0.743764 0.895692 0.723356 0.877551 0.718821 0.877551 0.689342 0.839002 0.680272 0.839002 0.673469 0.843537 0.662132 0.841270 0.619048 0.755102 0.616780 0.714286 0.621315 0.691610 0.614512 0.689342 0.619048 0.691610 0.616780 0.696145 0.594104 0.684807 0.548753 0.639456
0 0.068027 0.188209 0.061224 0.206349 0.065760 0.224490 0.065760 0.260771 0.077098 0.281179 0.079365 0.294785 0.097506 0.324263 0.099773 0.337868 0.115646 0.362812 0.129252 0.376417 0.133787 0.390023 0.188209 0.433107 0.235828 0.435374 0.283447 0.451247 0.274376 0.428571 0.274376 0.403628 0.290249 0.356009 0.283447 0.349206 0.283447 0.337868 0.265306 0.333333 0.249433 0.317460 0.222222 0.312925 0.204082 0.299320 0.197279 0.299320 0.172336 0.285714 0.154195 0.269841 0.145125 0.253968
0 0.893424 0.145125 0.884354 0.142857 0.877551 0.136054 0.848073 0.138322 0.798186 0.158730 0.755102 0.204082 0.746032 0.206349 0.727891 0.224490 0.716553 0.240363 0.709751 0.260771 0.682540 0.285714 0.666667 0.310658 0.662132 0.331066 0.650794 0.351474 0.650794 0.399093 0.641723 0.421769 0.603175 0.462585 0.594104 0.467120 0.575964 0.485261 0.560091 0.492063 0.546485 0.505669 0.551020 0.519274 0.566893 0.512472 0.641723 0.464853 0.684807 0.444444 0.707483 0.439909 0.743764 0.442177 0.768707 0.437642 0.809524 0.414966 0.841270 0.385488 0.886621 0.333333 0.902494 0.285714 0.920635 0.249433 0.920635 0.195011 0.913832 0.167800
0 0.444444 0.614512 0.439909 0.614512 0.430839 0.625850 0.421769 0.648526 0.405896 0.673469 0.403628 0.684807 0.390023 0.702948 0.376417 0.741497 0.342404 0.775510 0.317460 0.784580 0.301587 0.802721 0.297052 0.802721 0.278912 0.816327 0.276644 0.841270 0.256236 0.866213 0.204082 0.945578 0.201814 0.984127 0.210884 0.997732 0.419501 0.997732 0.417234 0.968254 0.426304 0.959184 0.426304 0.947846 0.435374 0.938776 0.437642 0.893424 0.451247 0.882086 0.451247 0.873016 0.435374 0.841270 0.435374 0.814059 0.417234 0.791383 0.417234 0.782313 0.410431 0.766440 0.408163 0.727891 0.417234 0.709751 0.430839 0.655329 0.439909 0.632653 0.444444 0.632653
0 0.585034 0.641723 0.603175 0.657596 0.616780 0.684807 0.623583 0.691610 0.619048 0.714286 0.621315 0.755102 0.664399 0.841270 0.689342 0.836735 0.702948 0.850340 0.718821 0.875283 0.723356 0.875283 0.743764 0.893424 0.752834 0.893424 0.780045 0.913832 0.777778 0.916100 0.807256 0.936508 0.823129 0.938776 0.841270 0.947846 0.877551 0.947846 0.891156 0.943311 0.904762 0.929705 0.911565 0.904762 0.909297 0.845805 0.897959 0.816327 0.868481 0.773243 0.850340 0.755102 0.802721 0.721088 0.780045 0.693878 0.775510 0.696145 0.761905 0.680272 0.746032 0.671202 0.721088 0.668934 0.716553 0.664399 0.696145 0.662132 0.689342 0.657596 0.623583 0.657596
0 0.040816 0.117914 0.036281 0.126984 0.036281 0.140590 0.043084 0.154195 0.065760 0.179138 0.065760 0.185941 0.072562 0.188209 0.083900 0.201814 0.113379 0.222222 0.131519 0.242630 0.147392 0.253968 0.156463 0.269841 0.172336 0.283447 0.197279 0.297052 0.204082 0.297052 0.222222 0.310658 0.249433 0.315193 0.256236 0.324263 0.272109 0.333333 0.283447 0.333333 0.290249 0.337868 0.306122 0.333333 0.310658 0.337868 0.344671 0.337868 0.351474 0.342404 0.365079 0.342404 0.331066 0.278912 0.326531 0.258503 0.312925 0.233560 0.285714 0.208617 0.269841 0.188209 0.213152 0.142857 0.154195 0.111111 0.145125 0.111111 0.120181 0.102041 0.065760 0.102041
0 0.301587 0.551020 0.278912 0.551020 0.272109 0.546485 0.238095 0.539683 0.208617 0.523810 0.192744 0.523810 0.181406 0.517007 0.165533 0.521542 0.145125 0.507937 0.131519 0.507937 0.106576 0.498866 0.088435 0.507937 0.038549 0.507937 0.000000 0.526077 0.000000 0.684807 0.011338 0.691610 0.027211 0.689342 0.040816 0.693878 0.070295 0.693878 0.097506 0.687075 0.111111 0.678005 0.136054 0.678005 0.167800 0.659864 0.181406 0.659864 0.213152 0.637188 0.238095 0.630385 0.258503 0.607710 0.265306 0.607710 0.267574 0.612245 0.267574 0.603175 0.274376 0.587302 0.278912 0.585034 0.278912 0.575964
0 0.555556 0.036281 0.537415 0.036281 0.521542 0.043084 0.512472 0.052154 0.505669 0.068027 0.496599 0.074830 0.492063 0.083900 0.492063 0.120181 0.487528 0.138322 0.478458 0.154195 0.478458 0.195011 0.482993 0.210884 0.482993 0.233560 0.487528 0.240363 0.487528 0.315193 0.492063 0.319728 0.489796 0.351474 0.482993 0.360544 0.482993 0.374150 0.501134 0.390023 0.523810 0.430839 0.528345 0.453515 0.532880 0.458050 0.553288 0.408163 0.585034 0.378685 0.589569 0.360544 0.596372 0.349206 0.596372 0.331066 0.607710 0.317460 0.607710 0.297052 0.623583 0.263039 0.623583 0.201814 0.628118 0.192744 0.628118 0.179138 0.619048 0.156463 0.616780 0.124717 0.609977 0.111111 0.600907 0.072562 0.596372 0.063492 0.578231 0.045351
0 0.453515 0.673469 0.446712 0.675737 0.444444 0.689342 0.430839 0.714286 0.419501 0.725624 0.414966 0.725624 0.417234 0.746032 0.412698 0.750567 0.412698 0.766440 0.419501 0.782313 0.419501 0.791383 0.437642 0.814059 0.437642 0.841270 0.453515 0.873016 0.453515 0.882086 0.439909 0.893424 0.439909 0.929705 0.437642 0.938776 0.428571 0.947846 0.430839 0.961451 0.446712 0.961451 0.476190 0.950113 0.507937 0.918367 0.526077 0.891156 0.535147 0.854875 0.530612 0.829932 0.532880 0.809524 0.526077 0.791383 0.526077 0.775510 0.512472 0.757370 0.514739 0.732426 0.496599 0.716553 0.492063 0.705215 0.478458 0.698413 0.476190 0.693878 0.467120 0.691610
0 0.301587 0.342404 0.294785 0.356009 0.290249 0.358277 0.290249 0.369615 0.276644 0.403628 0.276644 0.428571 0.285714 0.448980 0.283447 0.453515 0.294785 0.462585 0.308390 0.467120 0.321995 0.480726 0.344671 0.489796 0.362812 0.505669 0.365079 0.498866 0.374150 0.492063 0.424036 0.489796 0.426304 0.480726 0.421769 0.476190 0.421769 0.462585 0.426304 0.458050 0.421769 0.426304 0.410431 0.412698 0.405896 0.396825 0.394558 0.385488 0.385488 0.360544 0.367347 0.344671 0.351474 0.344671 0.344671 0.340136
0 0.507937 0.571429 0.507937 0.578231 0.530612 0.596372 0.532880 0.607710 0.535147 0.603175 0.546485 0.614512 0.562358 0.619048 0.582766 0.641723 0.587302 0.639456 0.591837 0.643991 0.612245 0.648526 0.623583 0.655329 0.689342 0.655329 0.696145 0.659864 0.709751 0.659864 0.723356 0.655329 0.730159 0.623583 0.718821 0.607710 0.718821 0.600907 0.698413 0.578231 0.680272 0.564626 0.653061 0.551020 0.623583 0.544218 0.612245 0.537415 0.603175 0.537415 0.587302 0.526077 0.555556 0.528345 0.548753 0.523810 0.535147 0.553288
0 0.410431 0.569161 0.385488 0.560091 0.374150 0.548753 0.374150 0.544218 0.365079 0.539683 0.358277 0.546485 0.331066 0.544218 0.317460 0.551020 0.301587 0.553288 0.281179 0.575964 0.281179 0.585034 0.272109 0.596372 0.269841 0.625850 0.281179 0.639456 0.303855 0.650794 0.333333 0.650794 0.356009 0.643991 0.360544 0.639456 0.390023 0.643991 0.412698 0.621315
0 0.487528 0.378685 0.480726 0.378685 0.458050 0.390023 0.458050 0.394558 0.442177 0.405896 0.424036 0.426304 0.428571 0.446712 0.424036 0.476190 0.428571 0.480726 0.428571 0.487528 0.458050 0.489796 0.473923 0.501134 0.478458 0.492063 0.487528 0.485261 0.526077 0.485261 0.530612 0.480726 0.532880 0.460317 0.526077 0.453515 0.521542 0.430839 0.498866 0.390023
0 0.507937 0.580499 0.485261 0.589569 0.471655 0.616780 0.446712 0.616780 0.448980 0.623583 0.444444 0.646259 0.448980 0.653061 0.446712 0.659864 0.451247 0.671202 0.467120 0.689342 0.476190 0.691610 0.489796 0.702948 0.503401 0.698413 0.517007 0.682540 0.523810 0.682540 0.530612 0.671202 0.530612 0.655329 0.537415 0.648526 0.537415 0.625850 0.532880 0.619048 0.530612 0.600907
0 0.444444 0.489796 0.383220 0.492063 0.369615 0.496599 0.362812 0.507937 0.362812 0.528345 0.367347 0.539683 0.374150 0.541950 0.385488 0.557823 0.414966 0.569161 0.433107 0.553288 0.437642 0.544218 0.437642 0.528345 0.433107 0.523810 0.433107 0.501134
0 0.535147 0.469388 0.532880 0.480726 0.526077 0.487528 0.487528 0.487528 0.476190 0.498866 0.476190 0.505669 0.478458 0.503401 0.482993 0.510204 0.503401 0.514739 0.512472 0.523810 0.512472 0.541950 0.507937 0.551020 0.517007 0.564626 0.519274 0.560091 0.532880 0.553288 0.535147 0.544218 0.546485 0.528345 0.548753 0.512472 0.544218 0.505669 0.557823 0.487528 0.557823 0.482993 0.551020 0.476190 0.544218 0.476190
0 0.437642 0.546485 0.435374 0.553288 0.412698 0.571429 0.412698 0.614512 0.414966 0.619048 0.428571 0.619048 0.439909 0.612245 0.451247 0.616780 0.467120 0.616780 0.471655 0.614512 0.480726 0.589569 0.476190 0.585034 0.464853 0.582766 0.458050 0.569161 0.444444 0.557823 0.444444 0.548753
0 0.478458 0.505669 0.476190 0.507937 0.458050 0.492063 0.444444 0.492063 0.435374 0.501134 0.435374 0.523810 0.439909 0.528345 0.437642 0.535147 0.451247 0.526077 0.464853 0.526077
0 0.496599 0.544218 0.494331 0.566893 0.485261 0.575964 0.467120 0.578231 0.469388 0.582766 0.476190 0.582766 0.482993 0.589569 0.505669 0.578231 0.505669 0.571429 0.514739 0.564626 0.507937 0.557823 0.507937 0.553288
0 0.503401 0.517007 0.482993 0.512472 0.478458 0.507937 0.464853 0.528345 0.451247 0.528345 0.439909 0.535147 0.439909 0.544218 0.446712 0.548753 0.446712 0.557823 0.460317 0.569161 0.464853 0.580499 0.467120 0.575964 0.485261 0.573696 0.492063 0.566893 0.496599 0.541950 0.505669 0.548753 0.507937 0.546485 0.510204 0.523810