0 0.510204 0.244898 0.507937 0.251701 0.494331 0.263039 0.473923 0.301587 0.476190 0.344671 0.487528 0.331066 0.492063 0.331066 0.498866 0.324263 0.512472 0.324263 0.523810 0.335601 0.535147 0.358277 0.546485 0.358277 0.557823 0.349206 0.566893 0.335601 0.569161 0.324263 0.573696 0.321995 0.575964 0.292517 0.569161 0.274376 0.548753 0.249433 0.541950 0.244898
0 0.485261 0.566893 0.480726 0.578231 0.471655 0.587302 0.428571 0.591837 0.410431 0.612245 0.403628 0.625850 0.401361 0.655329 0.408163 0.673469 0.410431 0.696145 0.414966 0.705215 0.437642 0.723356 0.442177 0.721088 0.439909 0.687075 0.448980 0.671202 0.448980 0.650794 0.458050 0.632653 0.460317 0.614512 0.480726 0.585034
0 0.829932 0.414966 0.823129 0.405896 0.818594 0.387755 0.809524 0.378685 0.786848 0.369615 0.743764 0.367347 0.700680 0.380952 0.696145 0.387755 0.684807 0.390023 0.668934 0.412698 0.659864 0.437642 0.650794 0.446712 0.621315 0.460317 0.614512 0.460317 0.609977 0.464853 0.580499 0.467120 0.578231 0.476190 0.580499 0.478458 0.587302 0.473923 0.612245 0.473923 0.634921 0.467120 0.680272 0.469388 0.718821 0.489796 0.739229 0.494331 0.800454 0.469388 0.814059 0.453515 0.823129 0.448980 0.829932 0.437642
0 0.204082 0.324263 0.199546 0.351474 0.210884 0.365079 0.235828 0.376417 0.256236 0.374150 0.281179 0.378685 0.303855 0.399093 0.317460 0.405896 0.337868 0.405896 0.344671 0.401361 0.346939 0.358277 0.326531 0.331066 0.317460 0.326531 0.297052 0.326531 0.240363 0.312925 0.226757 0.312925
0 0.571429 0.589569 0.589569 0.609977 0.607710 0.639456 0.600907 0.705215 0.628118 0.750567 0.646259 0.770975 0.691610 0.804989 0.709751 0.814059 0.736961 0.820862 0.748299 0.818594 0.766440 0.825397 0.786848 0.823129 0.807256 0.804989 0.816327 0.782313 0.816327 0.759637 0.804989 0.721088 0.768707 0.662132 0.743764 0.637188 0.734694 0.634921 0.702948 0.612245 0.687075 0.609977 0.678005 0.614512 0.643991 0.614512 0.605442 0.596372 0.587302 0.596372
0 0.716553 0.074830 0.696145 0.072562 0.668934 0.074830 0.625850 0.111111 0.607710 0.147392 0.594104 0.156463 0.585034 0.179138 0.585034 0.188209 0.575964 0.206349 0.578231 0.233560 0.589569 0.256236 0.591837 0.269841 0.589569 0.294785 0.580499 0.319728 0.571429 0.324263 0.569161 0.335601 0.560091 0.346939 0.564626 0.349206 0.551020 0.380952 0.546485 0.383220 0.548753 0.405896 0.541950 0.424036 0.555556 0.401361 0.562358 0.380952 0.578231 0.362812 0.600907 0.326531 0.637188 0.294785 0.662132 0.281179 0.691610 0.249433 0.696145 0.235828 0.705215 0.226757 0.734694 0.163265 0.741497 0.138322 0.741497 0.097506 0.736961 0.088435
0 0.272109 0.380952 0.274376 0.385488 0.260771 0.405896 0.244898 0.446712 0.244898 0.485261 0.260771 0.514739 0.276644 0.528345 0.278912 0.535147 0.301587 0.560091 0.310658 0.564626 0.383220 0.560091 0.401361 0.555556 0.437642 0.535147 0.446712 0.535147 0.439909 0.528345 0.439909 0.519274 0.403628 0.541950 0.374150 0.539683 0.374150 0.498866 0.344671 0.467120 0.349206 0.421769 0.346939 0.405896 0.344671 0.403628 0.337868 0.408163 0.317460 0.408163 0.303855 0.401361 0.281179 0.380952
0 0.641723 0.498866 0.655329 0.521542 0.659864 0.546485 0.666667 0.539683 0.671202 0.539683 0.680272 0.548753 0.682540 0.587302 0.730159 0.623583 0.773243 0.646259 0.818594 0.655329 0.829932 0.662132 0.848073 0.666667 0.911565 0.671202 0.920635 0.662132 0.916100 0.650794 0.920635 0.643991 0.920635 0.630385 0.916100 0.614512 0.902494 0.607710 0.882086 0.585034 0.868481 0.580499 0.852608 0.564626 0.827664 0.553288 0.814059 0.541950 0.789116 0.539683 0.775510 0.530612 0.766440 0.530612 0.750567 0.523810 0.734694 0.523810 0.727891 0.519274 0.689342 0.521542 0.680272 0.517007 0.668934 0.517007
0 0.510204 0.537415 0.485261 0.551020 0.489796 0.555556 0.487528 0.573696 0.462585 0.614512 0.460317 0.632653 0.451247 0.650794 0.451247 0.671202 0.442177 0.687075 0.444444 0.746032 0.460317 0.807256 0.467120 0.820862 0.478458 0.832200 0.498866 0.843537 0.507937 0.843537 0.523810 0.836735 0.551020 0.802721 0.557823 0.782313 0.562358 0.732426 0.566893 0.725624 0.560091 0.662132 0.551020 0.643991 0.548753 0.625850 0.523810 0.594104
0 0.315193 0.097506 0.301587 0.104308 0.285714 0.122449 0.276644 0.154195 0.278912 0.192744 0.294785 0.229025 0.294785 0.235828 0.315193 0.260771 0.324263 0.287982 0.337868 0.306122 0.358277 0.321995 0.410431 0.337868 0.428571 0.358277 0.448980 0.390023 0.455782 0.408163 0.458050 0.374150 0.451247 0.369615 0.433107 0.331066 0.433107 0.301587 0.442177 0.292517 0.448980 0.274376 0.448980 0.231293 0.435374 0.213152 0.433107 0.192744 0.424036 0.174603 0.396825 0.138322 0.376417 0.117914 0.342404 0.097506
0 0.727891 0.297052 0.707483 0.283447 0.682540 0.283447 0.653061 0.299320 0.628118 0.319728 0.612245 0.326531 0.600907 0.337868 0.598639 0.349206 0.591837 0.356009 0.587302 0.356009 0.578231 0.371882 0.566893 0.380952 0.557823 0.412698 0.537415 0.437642 0.564626 0.437642 0.569161 0.442177 0.580499 0.433107 0.600907 0.435374 0.603175 0.430839 0.616780 0.430839 0.625850 0.419501 0.646259 0.414966 0.675737 0.399093 0.684807 0.387755 0.696145 0.385488 0.696145 0.376417 0.718821 0.358277 0.734694 0.321995
0 0.328798 0.333333 0.349206 0.358277 0.346939 0.403628 0.351474 0.410431 0.353741 0.435374 0.362812 0.455782 0.396825 0.458050 0.403628 0.469388 0.424036 0.476190 0.426304 0.480726 0.437642 0.480726 0.455782 0.469388 0.460317 0.473923 0.471655 0.467120 0.464853 0.455782 0.462585 0.435374 0.455782 0.433107 0.446712 0.414966 0.401361 0.365079 0.371882 0.346939
0 0.519274 0.510204 0.519274 0.523810 0.523810 0.526077 0.535147 0.551020 0.569161 0.587302 0.575964 0.587302 0.587302 0.594104 0.630385 0.591837 0.646259 0.587302 0.657596 0.571429 0.659864 0.548753 0.653061 0.532880 0.653061 0.521542 0.643991 0.503401 0.634921 0.494331 0.585034 0.489796 0.578231 0.482993 0.578231 0.478458 0.573696 0.478458 0.564626 0.489796 0.541950 0.494331 0.541950 0.503401 0.535147 0.510204
0 0.498866 0.326531 0.478458 0.342404 0.460317 0.374150 0.458050 0.412698 0.467120 0.433107 0.485261 0.433107 0.489796 0.437642 0.535147 0.437642 0.539683 0.433107 0.539683 0.421769 0.546485 0.405896 0.539683 0.365079 0.512472 0.326531
0 0.473923 0.462585 0.473923 0.467120 0.464853 0.471655 0.444444 0.496599 0.446712 0.510204 0.442177 0.517007 0.442177 0.528345 0.451247 0.539683 0.460317 0.544218 0.485261 0.548753 0.510204 0.535147 0.517007 0.523810 0.517007 0.505669 0.501134 0.498866 0.489796 0.487528 0.482993 0.467120
0 0.526077 0.437642 0.528345 0.448980 0.537415 0.462585 0.537415 0.480726 0.544218 0.492063 0.553288 0.487528 0.564626 0.487528 0.575964 0.476190 0.580499 0.464853 0.578231 0.451247 0.571429 0.448980 0.564626 0.439909
0 0.464853 0.435374 0.467120 0.455782 0.471655 0.462585 0.480726 0.462585 0.487528 0.471655 0.507937 0.448980 0.507937 0.439909
0 0.541950 0.492063 0.532880 0.480726 0.512472 0.494331 0.510204 0.501134 0.519274 0.507937 0.535147 0.507937 0.539683 0.503401
0 0.523810 0.439909 0.510204 0.439909 0.510204 0.448980 0.489796 0.473923 0.492063 0.487528 0.505669 0.498866 0.535147 0.478458 0.535147 0.462585