0 0.156463 0.827664 0.129252 0.841270 0.092971 0.843537 0.068027 0.854875 0.040816 0.861678 0.015873 0.861678 0.018141 0.863946 0.000000 0.882086 0.000000 0.997732 0.163265 0.997732 0.208617 0.945578 0.210884 0.959184 0.210884 0.941043 0.206349 0.936508 0.206349 0.920635 0.199546 0.907029 0.197279 0.884354 0.188209 0.877551 0.179138 0.877551 0.176871 0.873016 0.167800 0.873016 0.156463 0.861678
0 0.242630 0.000000 0.242630 0.006803 0.247166 0.011338 0.247166 0.024943 0.251701 0.029478 0.251701 0.058957 0.244898 0.063492 0.240363 0.074830 0.229025 0.086168 0.229025 0.102041 0.276644 0.124717 0.290249 0.124717 0.294785 0.129252 0.333333 0.138322 0.380952 0.179138 0.408163 0.192744 0.417234 0.201814 0.414966 0.206349 0.410431 0.204082 0.414966 0.208617 0.421769 0.208617 0.426304 0.215420 0.437642 0.217687 0.476190 0.258503 0.480726 0.258503 0.489796 0.267574 0.505669 0.303855 0.517007 0.319728 0.512472 0.303855 0.512472 0.285714 0.496599 0.258503 0.496599 0.235828 0.503401 0.229025 0.503401 0.219955 0.510204 0.217687 0.510204 0.210884 0.517007 0.201814 0.517007 0.192744 0.526077 0.185941 0.530612 0.172336 0.521542 0.172336 0.517007 0.133787 0.496599 0.113379 0.476190 0.111111 0.312925 0.018141 0.267574 0.000000
0 0.650794 0.603175 0.662132 0.603175 0.702948 0.646259 0.700680 0.664399 0.698413 0.666667 0.689342 0.657596 0.689342 0.662132 0.702948 0.684807 0.730159 0.716553 0.741497 0.723356 0.782313 0.766440 0.786848 0.766440 0.804989 0.784580 0.807256 0.791383 0.841270 0.832200 0.843537 0.850340 0.848073 0.854875 0.861678 0.895692 0.875283 0.984127 0.875283 0.979592 0.882086 0.972789 0.895692 0.972789 0.916100 0.979592 0.947846 0.997732 0.997732 0.997732 0.997732 0.832200 0.993197 0.832200 0.988662 0.825397 0.950113 0.825397 0.945578 0.820862 0.934240 0.820862 0.920635 0.814059 0.913832 0.804989 0.904762 0.775510 0.879819 0.750567 0.850340 0.750567 0.845805 0.741497 0.795918 0.739229 0.768707 0.723356 0.761905 0.716553 0.761905 0.673469 0.748299 0.664399 0.739229 0.653061 0.741497 0.648526 0.755102 0.643991 0.761905 0.637188 0.761905 0.632653 0.725624 0.630385 0.700680 0.612245 0.684807 0.605442 0.684807 0.600907
0 0.000000 0.265306 0.000000 0.392290 0.009070 0.383220 0.063492 0.383220 0.040816 0.362812 0.040816 0.335601 0.047619 0.326531 0.086168 0.321995 0.086168 0.301587 0.061224 0.294785 0.045351 0.285714 0.036281 0.285714 0.011338 0.267574
0 0.424036 0.725624 0.414966 0.723356 0.408163 0.727891 0.401361 0.743764 0.385488 0.761905 0.362812 0.777778 0.351474 0.780045 0.349206 0.793651 0.353741 0.789116 0.358277 0.791383 0.324263 0.836735 0.299320 0.852608 0.287982 0.870748 0.281179 0.893424 0.265306 0.911565 0.256236 0.929705 0.244898 0.938776 0.240363 0.952381 0.224490 0.965986 0.213152 0.970522 0.208617 0.968254 0.208617 0.961451 0.208617 0.965986 0.199546 0.968254 0.192744 0.977324 0.188209 0.975057 0.192744 0.970522 0.190476 0.968254 0.165533 0.997732 0.428571 0.997732 0.428571 0.975057 0.433107 0.963719 0.430839 0.968254 0.426304 0.968254 0.419501 0.963719 0.414966 0.952381 0.408163 0.952381 0.383220 0.977324 0.376417 0.965986 0.376417 0.952381 0.371882 0.945578 0.371882 0.922902 0.367347 0.918367 0.369615 0.873016 0.387755 0.836735 0.392290 0.814059 0.408163 0.782313 0.424036 0.766440 0.419501 0.764172 0.428571 0.761905 0.428571 0.755102 0.435374 0.743764 0.417234 0.727891 0.419501 0.723356
0 0.031746 0.000000 0.031746 0.009070 0.040816 0.024943 0.045351 0.049887 0.049887 0.058957 0.052154 0.054422 0.058957 0.065760 0.058957 0.077098 0.065760 0.086168 0.068027 0.102041 0.079365 0.129252 0.079365 0.145125 0.086168 0.167800 0.099773 0.181406 0.138322 0.188209 0.156463 0.208617 0.167800 0.215420 0.210884 0.215420 0.229025 0.224490 0.238095 0.235828 0.242630 0.235828 0.249433 0.242630 0.265306 0.244898 0.272109 0.249433 0.294785 0.249433 0.306122 0.260771 0.308390 0.272109 0.319728 0.287982 0.326531 0.292517 0.326531 0.303855 0.340136 0.292517 0.344671 0.274376 0.387755 0.310658 0.390023 0.321995 0.394558 0.287982 0.387755 0.274376 0.383220 0.272109 0.378685 0.253968 0.378685 0.224490 0.365079 0.199546 0.365079 0.190476 0.351474 0.170068 0.346939 0.158730 0.349206 0.151927 0.333333 0.140590 0.294785 0.131519 0.290249 0.126984 0.276644 0.126984 0.233560 0.108844 0.226757 0.102041 0.226757 0.086168 0.238095 0.074830 0.242630 0.063492 0.249433 0.058957 0.249433 0.029478 0.244898 0.024943 0.244898 0.011338 0.240363 0.006803 0.240363 0.000000
0 0.723356 0.612245 0.741497 0.614512 0.782313 0.634921 0.843537 0.693878 0.861678 0.732426 0.873016 0.739229 0.884354 0.755102 0.907029 0.775510 0.920635 0.811791 0.934240 0.818594 0.945578 0.818594 0.950113 0.823129 0.988662 0.823129 0.993197 0.829932 0.997732 0.829932 0.997732 0.598639 0.968254 0.607710 0.825397 0.607710 0.807256 0.580499 0.800454 0.575964 0.789116 0.575964 0.782313 0.569161 0.770975 0.569161 0.761905 0.589569 0.746032 0.607710
0 0.000000 0.489796 0.000000 0.598639 0.013605 0.591837 0.052154 0.594104 0.070295 0.578231 0.083900 0.571429 0.192744 0.575964 0.210884 0.585034 0.235828 0.585034 0.242630 0.580499 0.256236 0.580499 0.285714 0.569161 0.326531 0.560091 0.335601 0.551020 0.333333 0.541950 0.326531 0.535147 0.283447 0.530612 0.274376 0.526077 0.170068 0.528345 0.115646 0.517007 0.104308 0.510204 0.097506 0.510204 0.081633 0.496599 0.024943 0.496599 0.022676 0.492063
0 0.997732 0.011338 0.988662 0.011338 0.986395 0.006803 0.968254 0.006803 0.959184 0.000000 0.972789 0.011338 0.947846 0.022676 0.938776 0.022676 0.920635 0.034014 0.900227 0.040816 0.886621 0.038549 0.870748 0.045351 0.850340 0.061224 0.823129 0.070295 0.786848 0.102041 0.766440 0.113379 0.746032 0.133787 0.734694 0.149660 0.730159 0.149660 0.727891 0.163265 0.721088 0.170068 0.721088 0.176871 0.716553 0.181406 0.716553 0.195011 0.707483 0.206349 0.707483 0.213152 0.693878 0.231293 0.675737 0.244898 0.671202 0.256236 0.662132 0.265306 0.662132 0.269841 0.648526 0.285714 0.639456 0.303855 0.634921 0.306122 0.632653 0.315193 0.607710 0.333333 0.605442 0.340136 0.582766 0.344671 0.580499 0.353741 0.614512 0.353741 0.628118 0.344671 0.653061 0.337868 0.655329 0.333333 0.709751 0.331066 0.725624 0.324263 0.773243 0.324263 0.777778 0.340136 0.770975 0.344671 0.775510 0.344671 0.780045 0.337868 0.789116 0.337868 0.793651 0.331066 0.814059 0.319728 0.859410 0.310658 0.877551 0.299320 0.886621 0.299320 0.893424 0.292517 0.918367 0.283447 0.920635 0.278912 0.927438 0.278912 0.934240 0.269841 0.938776 0.269841 0.945578 0.263039 0.968254 0.256236 0.975057 0.249433 0.986395 0.249433 0.986395 0.244898 0.997732 0.238095
0 0.043084 0.335601 0.043084 0.362812 0.065760 0.380952 0.063492 0.385488 0.081633 0.385488 0.086168 0.390023 0.106576 0.392290 0.183673 0.392290 0.197279 0.394558 0.201814 0.399093 0.217687 0.399093 0.201814 0.378685 0.206349 0.374150 0.199546 0.365079 0.185941 0.362812 0.163265 0.346939 0.142857 0.340136 0.113379 0.319728 0.099773 0.317460 0.088435 0.319728 0.081633 0.326531 0.047619 0.328798 0.047619 0.333333
0 0.498866 0.553288 0.494331 0.562358 0.492063 0.594104 0.478458 0.637188 0.476190 0.696145 0.480726 0.702948 0.485261 0.761905 0.473923 0.804989 0.473923 0.834467 0.469388 0.843537 0.469388 0.861678 0.460317 0.891156 0.444444 0.916100 0.451247 0.918367 0.453515 0.927438 0.446712 0.947846 0.435374 0.961451 0.430839 0.988662 0.435374 0.988662 0.437642 0.997732 0.653061 0.997732 0.637188 0.981859 0.634921 0.972789 0.623583 0.963719 0.619048 0.950113 0.614512 0.947846 0.587302 0.893424 0.585034 0.879819 0.573696 0.854875 0.573696 0.845805 0.564626 0.834467 0.562358 0.825397 0.557823 0.825397 0.551020 0.816327 0.555556 0.807256 0.541950 0.786848 0.544218 0.766440 0.539683 0.759637 0.532880 0.707483 0.544218 0.707483 0.548753 0.689342 0.546485 0.693878 0.539683 0.675737 0.532880 0.609977 0.521542 0.589569 0.521542 0.580499 0.505669 0.566893
0 0.000000 0.049887 0.000000 0.263039 0.011338 0.265306 0.036281 0.283447 0.045351 0.283447 0.061224 0.292517 0.086168 0.299320 0.090703 0.310658 0.117914 0.319728 0.131519 0.331066 0.163265 0.344671 0.185941 0.360544 0.199546 0.362812 0.208617 0.374150 0.251701 0.376417 0.258503 0.383220 0.274376 0.385488 0.281179 0.392290 0.306122 0.396825 0.312925 0.417234 0.310658 0.421769 0.324263 0.424036 0.326531 0.428571 0.367347 0.444444 0.369615 0.448980 0.419501 0.446712 0.433107 0.455782 0.439909 0.451247 0.387755 0.399093 0.385488 0.365079 0.383220 0.362812 0.380952 0.367347 0.367347 0.362812 0.353741 0.344671 0.335601 0.328798 0.324263 0.310658 0.324263 0.292517 0.317460 0.287982 0.306122 0.272109 0.303855 0.260771 0.294785 0.251701 0.272109 0.251701 0.265306 0.247166 0.249433 0.244898 0.242630 0.238095 0.238095 0.238095 0.229025 0.226757 0.210884 0.217687 0.167800 0.217687 0.156463 0.210884 0.138322 0.190476 0.099773 0.183673 0.083900 0.167800 0.077098 0.145125 0.077098 0.129252 0.065760 0.102041 0.061224 0.079365 0.056689 0.077098 0.056689 0.065760 0.052154 0.056689 0.056689 0.070295 0.047619 0.072562 0.018141 0.054422
0 0.430839 0.553288 0.396825 0.553288 0.378685 0.546485 0.367347 0.546485 0.371882 0.551020 0.356009 0.562358 0.324263 0.569161 0.317460 0.573696 0.306122 0.573696 0.292517 0.580499 0.274376 0.580499 0.269841 0.585034 0.249433 0.589569 0.210884 0.587302 0.192744 0.578231 0.083900 0.573696 0.070295 0.580499 0.052154 0.596372 0.013605 0.594104 0.002268 0.598639 0.000000 0.861678 0.013605 0.857143 0.040816 0.859410 0.068027 0.852608 0.083900 0.843537 0.129252 0.839002 0.149660 0.829932 0.154195 0.825397 0.158730 0.798186 0.165533 0.793651 0.167800 0.782313 0.172336 0.780045 0.172336 0.773243 0.179138 0.759637 0.183673 0.757370 0.183673 0.750567 0.215420 0.723356 0.217687 0.714286 0.224490 0.709751 0.224490 0.702948 0.231293 0.700680 0.249433 0.666667 0.256236 0.664399 0.256236 0.659864 0.272109 0.648526 0.274376 0.641723 0.278912 0.641723 0.285714 0.632653 0.308390 0.621315 0.310658 0.614512 0.331066 0.605442 0.335601 0.598639 0.342404 0.598639 0.353741 0.591837 0.358277 0.582766 0.369615 0.582766 0.378685 0.575964 0.390023 0.573696 0.392290 0.569161 0.394558 0.571429
0 0.997732 0.240363 0.988662 0.244898 0.986395 0.251701 0.975057 0.251701 0.968254 0.258503 0.945578 0.265306 0.938776 0.272109 0.934240 0.272109 0.927438 0.281179 0.920635 0.281179 0.918367 0.285714 0.907029 0.287982 0.904762 0.292517 0.893424 0.294785 0.886621 0.301587 0.877551 0.301587 0.859410 0.312925 0.814059 0.321995 0.793651 0.333333 0.789116 0.340136 0.780045 0.340136 0.775510 0.346939 0.768707 0.344671 0.768707 0.333333 0.768707 0.356009 0.764172 0.360544 0.764172 0.374150 0.777778 0.360544 0.793651 0.358277 0.809524 0.360544 0.811791 0.365079 0.834467 0.367347 0.839002 0.371882 0.852608 0.371882 0.839002 0.371882 0.836735 0.369615 0.841270 0.365079 0.857143 0.365079 0.888889 0.376417 0.934240 0.376417 0.959184 0.369615 0.988662 0.356009 0.997732 0.346939
0 0.392290 0.199546 0.385488 0.210884 0.380952 0.229025 0.380952 0.253968 0.385488 0.272109 0.390023 0.274376 0.396825 0.287982 0.392290 0.321995 0.385488 0.331066 0.385488 0.335601 0.396825 0.349206 0.396825 0.358277 0.387755 0.374150 0.387755 0.392290 0.399093 0.410431 0.419501 0.426304 0.442177 0.451247 0.437642 0.455782 0.442177 0.453515 0.453515 0.462585 0.469388 0.439909 0.496599 0.433107 0.505669 0.424036 0.505669 0.417234 0.503401 0.419501 0.498866 0.412698 0.526077 0.394558 0.526077 0.342404 0.503401 0.303855 0.487528 0.267574 0.480726 0.260771 0.476190 0.260771 0.437642 0.219955 0.426304 0.217687 0.421769 0.210884 0.414966 0.210884 0.403628 0.199546
0 0.301587 0.818594 0.294785 0.818594 0.285714 0.825397 0.276644 0.825397 0.274376 0.829932 0.258503 0.836735 0.222222 0.877551 0.197279 0.879819 0.201814 0.907029 0.208617 0.920635 0.208617 0.936508 0.213152 0.941043 0.210884 0.968254 0.224490 0.963719 0.238095 0.952381 0.242630 0.938776 0.253968 0.929705 0.263039 0.911565 0.278912 0.893424 0.285714 0.870748 0.297052 0.854875 0.297052 0.850340 0.292517 0.850340 0.292517 0.843537 0.299320 0.836735
0 0.514739 0.510204 0.514739 0.532880 0.535147 0.564626 0.546485 0.573696 0.546485 0.578231 0.560091 0.596372 0.580499 0.609977 0.621315 0.609977 0.637188 0.600907 0.684807 0.598639 0.684807 0.603175 0.702948 0.607710 0.734694 0.609977 0.739229 0.605442 0.746032 0.605442 0.755102 0.596372 0.755102 0.591837 0.768707 0.573696 0.768707 0.569161 0.755102 0.564626 0.739229 0.544218 0.730159 0.539683 0.702948 0.537415 0.696145 0.528345 0.691610 0.507937 0.684807 0.496599 0.655329 0.471655 0.634921 0.462585 0.632653 0.453515 0.637188 0.451247 0.578231 0.451247 0.573696 0.455782 0.564626 0.455782 0.551020 0.464853 0.544218 0.480726
0 0.997732 0.596372 0.997732 0.385488 0.947846 0.385488 0.916100 0.394558 0.911565 0.392290 0.850340 0.401361 0.825397 0.396825 0.800454 0.414966 0.791383 0.426304 0.789116 0.414966 0.782313 0.412698 0.761905 0.442177 0.734694 0.458050 0.716553 0.464853 0.673469 0.469388 0.650794 0.467120 0.687075 0.496599 0.702948 0.535147 0.730159 0.537415 0.739229 0.541950 0.748299 0.551020 0.748299 0.555556 0.761905 0.566893 0.782313 0.566893 0.789116 0.573696 0.800454 0.573696 0.816327 0.587302 0.825397 0.605442 0.968254 0.605442
0 0.476190 0.643991 0.460317 0.675737 0.453515 0.682540 0.442177 0.712018 0.428571 0.725624 0.419501 0.725624 0.433107 0.741497 0.442177 0.741497 0.444444 0.752834 0.433107 0.770975 0.428571 0.768707 0.430839 0.764172 0.421769 0.764172 0.426304 0.766440 0.410431 0.782313 0.394558 0.814059 0.390023 0.836735 0.371882 0.873016 0.369615 0.918367 0.374150 0.922902 0.374150 0.945578 0.378685 0.952381 0.378685 0.965986 0.383220 0.975057 0.401361 0.954649 0.414966 0.950113 0.408163 0.947846 0.430839 0.929705 0.448980 0.909297 0.467120 0.861678 0.471655 0.811791 0.464853 0.791383 0.464853 0.759637 0.471655 0.698413 0.476190 0.693878
0 0.448980 0.460317 0.433107 0.458050 0.419501 0.448980 0.371882 0.448980 0.315193 0.455782 0.301587 0.467120 0.292517 0.469388 0.290249 0.473923 0.276644 0.476190 0.260771 0.489796 0.251701 0.492063 0.249433 0.496599 0.242630 0.496599 0.233560 0.505669 0.233560 0.510204 0.251701 0.523810 0.274376 0.523810 0.283447 0.528345 0.326531 0.532880 0.337868 0.548753 0.378685 0.544218 0.396825 0.551020 0.433107 0.551020 0.439909 0.539683 0.417234 0.523810 0.414966 0.494331 0.430839 0.476190 0.442177 0.471655
0 0.501134 0.546485 0.498866 0.551020 0.507937 0.566893 0.523810 0.580499 0.523810 0.589569 0.539683 0.616780 0.539683 0.628118 0.544218 0.637188 0.551020 0.678005 0.551020 0.698413 0.546485 0.700680 0.546485 0.707483 0.551020 0.709751 0.548753 0.730159 0.557823 0.764172 0.555556 0.782313 0.566893 0.802721 0.566893 0.807256 0.555556 0.814059 0.551020 0.809524 0.575964 0.845805 0.575964 0.854875 0.598639 0.913832 0.603175 0.916100 0.616780 0.947846 0.621315 0.950113 0.625850 0.963719 0.637188 0.972789 0.639456 0.981859 0.655329 0.997732 0.873016 0.997732 0.870748 0.956916 0.852608 0.873016 0.841270 0.850340 0.839002 0.832200 0.804989 0.791383 0.802721 0.784580 0.718821 0.707483 0.687075 0.662132 0.689342 0.655329 0.666667 0.637188 0.650794 0.619048 0.643991 0.616780 0.637188 0.603175 0.621315 0.612245 0.580499 0.612245 0.557823 0.596372 0.544218 0.578231 0.544218 0.573696 0.526077 0.555556 0.517007 0.537415
0 0.773243 0.326531 0.725624 0.326531 0.709751 0.333333 0.655329 0.335601 0.653061 0.340136 0.628118 0.346939 0.614512 0.356009 0.580499 0.356009 0.578231 0.346939 0.582766 0.342404 0.575964 0.344671 0.569161 0.353741 0.560091 0.356009 0.560091 0.360544 0.546485 0.369615 0.541950 0.380952 0.539683 0.410431 0.532880 0.412698 0.555556 0.417234 0.564626 0.424036 0.560091 0.442177 0.553288 0.448980 0.548753 0.462585 0.578231 0.448980 0.662132 0.448980 0.700680 0.437642 0.741497 0.410431 0.739229 0.403628 0.752834 0.376417 0.761905 0.369615 0.761905 0.360544 0.766440 0.356009 0.766440 0.349206 0.759637 0.346939 0.766440 0.344671 0.766440 0.333333 0.770975 0.333333 0.770975 0.342404 0.775510 0.340136
0 0.727891 0.056689 0.705215 0.049887 0.689342 0.049887 0.673469 0.056689 0.662132 0.056689 0.623583 0.068027 0.609977 0.081633 0.596372 0.086168 0.578231 0.102041 0.535147 0.160998 0.528345 0.185941 0.519274 0.192744 0.519274 0.201814 0.512472 0.210884 0.512472 0.217687 0.505669 0.219955 0.505669 0.229025 0.498866 0.235828 0.498866 0.258503 0.514739 0.285714 0.514739 0.303855 0.519274 0.312925 0.517007 0.321995 0.528345 0.342404 0.528345 0.394558 0.507937 0.410431 0.503401 0.410431 0.503401 0.417234 0.532880 0.417234 0.530612 0.412698 0.537415 0.410431 0.539683 0.380952 0.544218 0.369615 0.557823 0.360544 0.560091 0.353741 0.569161 0.351474 0.575964 0.342404 0.594104 0.342404 0.605442 0.337868 0.607710 0.331066 0.630385 0.315193 0.632653 0.306122 0.637188 0.303855 0.637188 0.299320 0.641723 0.297052 0.673469 0.244898 0.682540 0.240363 0.705215 0.213152 0.705215 0.206349 0.714286 0.195011 0.714286 0.181406 0.718821 0.176871 0.718821 0.170068 0.725624 0.163265 0.721088 0.158730 0.727891 0.142857 0.734694 0.108844 0.734694 0.065760
0 0.492063 0.546485 0.437642 0.546485 0.430839 0.564626 0.430839 0.575964 0.403628 0.594104 0.417234 0.596372 0.430839 0.696145 0.437642 0.693878 0.446712 0.682540 0.451247 0.684807 0.473923 0.648526 0.489796 0.594104 0.492063 0.562358 0.496599 0.553288
0 0.433107 0.553288 0.369615 0.585034 0.358277 0.585034 0.353741 0.594104 0.342404 0.600907 0.335601 0.600907 0.324263 0.612245 0.310658 0.616780 0.308390 0.623583 0.285714 0.634921 0.278912 0.643991 0.274376 0.643991 0.272109 0.650794 0.258503 0.659864 0.256236 0.666667 0.251701 0.666667 0.233560 0.700680 0.226757 0.702948 0.226757 0.709751 0.219955 0.714286 0.217687 0.723356 0.185941 0.750567 0.185941 0.757370 0.181406 0.759637 0.167800 0.793651 0.160998 0.798186 0.160998 0.809524 0.156463 0.811791 0.158730 0.861678 0.167800 0.870748 0.176871 0.870748 0.179138 0.875283 0.188209 0.875283 0.192744 0.879819 0.222222 0.875283 0.229025 0.868481 0.229025 0.863946 0.242630 0.854875 0.244898 0.848073 0.258503 0.834467 0.294785 0.816327 0.317460 0.814059 0.346939 0.791383 0.346939 0.784580 0.353741 0.775510 0.358277 0.777778 0.385488 0.759637 0.399093 0.743764 0.408163 0.725624 0.414966 0.721088 0.428571 0.723356 0.439909 0.712018 0.448980 0.684807 0.437642 0.696145 0.428571 0.696145 0.414966 0.596372 0.401361 0.594104 0.428571 0.575964
0 0.562358 0.424036 0.535147 0.414966 0.532880 0.419501 0.507937 0.419501 0.507937 0.424036 0.496599 0.435374 0.469388 0.442177 0.462585 0.455782 0.453515 0.464853 0.451247 0.462585 0.467120 0.469388 0.494331 0.469388 0.505669 0.478458 0.512472 0.478458 0.514739 0.489796 0.519274 0.494331 0.517007 0.498866 0.523810 0.501134 0.541950 0.480726 0.548753 0.467120 0.548753 0.453515 0.557823 0.442177
0 0.419501 0.489796 0.417234 0.519274 0.426304 0.530612 0.442177 0.539683 0.439909 0.544218 0.492063 0.544218 0.496599 0.548753 0.514739 0.535147 0.512472 0.510204 0.521542 0.503401 0.514739 0.498866 0.517007 0.494331 0.512472 0.489796 0.512472 0.480726 0.505669 0.480726 0.494331 0.471655 0.467120 0.471655 0.448980 0.464853 0.442177 0.473923 0.430839 0.478458