0 0.356009 0.639456 0.351474 0.639456 0.344671 0.650794 0.353741 0.675737 0.344671 0.680272 0.324263 0.700680 0.324263 0.714286 0.319728 0.721088 0.328798 0.736961 0.335601 0.736961 0.378685 0.673469 0.383220 0.671202 0.367347 0.662132
0 0.916100 0.362812 0.888889 0.367347 0.866213 0.387755 0.857143 0.387755 0.823129 0.399093 0.816327 0.399093 0.795918 0.387755 0.736961 0.387755 0.705215 0.405896 0.725624 0.412698 0.741497 0.424036 0.739229 0.448980 0.725624 0.467120 0.734694 0.469388 0.734694 0.473923 0.730159 0.476190 0.761905 0.467120 0.800454 0.467120 0.816327 0.469388 0.836735 0.478458 0.850340 0.478458 0.852608 0.471655 0.877551 0.455782 0.900227 0.433107 0.900227 0.426304 0.916100 0.408163 0.922902 0.385488 0.913832 0.369615
0 0.310658 0.671202 0.299320 0.680272 0.299320 0.684807 0.285714 0.700680 0.253968 0.709751 0.238095 0.730159 0.229025 0.734694 0.217687 0.734694 0.208617 0.743764 0.181406 0.752834 0.179138 0.757370 0.172336 0.757370 0.154195 0.766440 0.072562 0.775510 0.074830 0.777778 0.063492 0.802721 0.063492 0.818594 0.070295 0.827664 0.070295 0.841270 0.077098 0.852608 0.077098 0.861678 0.083900 0.877551 0.102041 0.900227 0.131519 0.909297 0.140590 0.902494 0.149660 0.904762 0.154195 0.900227 0.165533 0.897959 0.188209 0.877551 0.204082 0.870748 0.217687 0.859410 0.253968 0.816327 0.274376 0.807256 0.281179 0.798186 0.281179 0.786848 0.294785 0.759637 0.297052 0.746032 0.321995 0.714286 0.321995 0.705215 0.317460 0.702948 0.319728 0.691610 0.312925 0.682540
0 0.682540 0.702948 0.698413 0.734694 0.718821 0.761905 0.725624 0.789116 0.727891 0.848073 0.707483 0.886621 0.691610 0.902494 0.666667 0.902494 0.637188 0.886621 0.630385 0.888889 0.643991 0.904762 0.646259 0.916100 0.668934 0.929705 0.684807 0.950113 0.707483 0.961451 0.721088 0.972789 0.761905 0.986395 0.786848 0.988662 0.802721 0.997732 0.827664 0.997732 0.836735 0.993197 0.854875 0.968254 0.857143 0.959184 0.873016 0.947846 0.879819 0.929705 0.879819 0.884354 0.854875 0.843537 0.854875 0.836735 0.839002 0.823129 0.809524 0.780045 0.793651 0.764172 0.782313 0.759637 0.761905 0.732426 0.718821 0.709751
0 0.317460 0.081633 0.365079 0.129252 0.376417 0.145125 0.394558 0.160998 0.410431 0.163265 0.403628 0.140590 0.374150 0.111111 0.365079 0.111111 0.351474 0.097506
0 0.000000 0.208617 0.000000 0.419501 0.011338 0.433107 0.022676 0.435374 0.029478 0.442177 0.074830 0.442177 0.086168 0.446712 0.095238 0.455782 0.145125 0.448980 0.154195 0.455782 0.160998 0.455782 0.183673 0.446712 0.219955 0.424036 0.240363 0.424036 0.306122 0.437642 0.292517 0.421769 0.285714 0.401361 0.278912 0.392290 0.278912 0.383220 0.274376 0.378685 0.274376 0.383220 0.267574 0.380952 0.256236 0.353741 0.253968 0.335601 0.242630 0.324263 0.229025 0.292517 0.222222 0.285714 0.204082 0.278912 0.192744 0.278912 0.156463 0.253968 0.122449 0.251701 0.097506 0.235828 0.081633 0.235828 0.061224 0.219955 0.054422 0.219955 0.031746 0.208617
0 0.419501 0.673469 0.396825 0.673469 0.394558 0.668934 0.385488 0.668934 0.337868 0.734694 0.340136 0.739229 0.335601 0.746032 0.324263 0.752834 0.294785 0.784580 0.283447 0.791383 0.283447 0.798186 0.276644 0.807256 0.253968 0.818594 0.233560 0.841270 0.233560 0.845805 0.204082 0.873016 0.188209 0.879819 0.165533 0.900227 0.151927 0.904762 0.140590 0.918367 0.140590 0.929705 0.133787 0.943311 0.115646 0.961451 0.113379 0.975057 0.102041 0.997732 0.315193 0.997732 0.301587 0.970522 0.301587 0.959184 0.328798 0.916100 0.331066 0.863946 0.353741 0.841270 0.351474 0.814059 0.346939 0.811791 0.346939 0.793651 0.362812 0.777778 0.376417 0.777778 0.376417 0.746032 0.383220 0.741497 0.405896 0.689342 0.414966 0.678005 0.419501 0.678005
0 0.997732 0.102041 0.963719 0.113379 0.925170 0.140590 0.909297 0.147392 0.868481 0.185941 0.845805 0.195011 0.829932 0.215420 0.818594 0.219955 0.791383 0.240363 0.780045 0.258503 0.766440 0.267574 0.755102 0.267574 0.743764 0.278912 0.743764 0.301587 0.736961 0.324263 0.696145 0.367347 0.684807 0.369615 0.659864 0.387755 0.691610 0.396825 0.702948 0.403628 0.736961 0.385488 0.795918 0.385488 0.816327 0.396825 0.823129 0.396825 0.857143 0.385488 0.866213 0.385488 0.888889 0.365079 0.916100 0.360544 0.941043 0.342404 0.965986 0.333333 0.981859 0.319728 0.997732 0.312925
0 0.000000 0.031746 0.002268 0.145125 0.013605 0.145125 0.031746 0.154195 0.043084 0.165533 0.081633 0.185941 0.115646 0.192744 0.160998 0.210884 0.197279 0.210884 0.197279 0.201814 0.183673 0.197279 0.158730 0.172336 0.158730 0.165533 0.142857 0.129252 0.133787 0.122449 0.133787 0.117914 0.124717 0.111111 0.106576 0.086168 0.097506 0.045351 0.065760 0.043084 0.036281 0.034014
0 0.628118 0.551020 0.628118 0.578231 0.630385 0.575964 0.634921 0.582766 0.666667 0.598639 0.689342 0.603175 0.716553 0.628118 0.743764 0.643991 0.761905 0.662132 0.770975 0.675737 0.768707 0.707483 0.775510 0.727891 0.789116 0.752834 0.811791 0.775510 0.814059 0.786848 0.829932 0.807256 0.836735 0.802721 0.897959 0.832200 0.909297 0.841270 0.941043 0.852608 0.963719 0.852608 0.984127 0.859410 0.997732 0.859410 0.997732 0.725624 0.952381 0.725624 0.927438 0.716553 0.913832 0.705215 0.907029 0.705215 0.891156 0.696145 0.868481 0.696145 0.850340 0.687075 0.832200 0.671202 0.809524 0.666667 0.802721 0.659864 0.764172 0.648526 0.750567 0.637188 0.739229 0.637188 0.730159 0.630385 0.709751 0.603175 0.696145 0.596372 0.655329 0.562358
0 0.000000 0.437642 0.000000 0.609977 0.000000 0.605442 0.013605 0.591837 0.027211 0.587302 0.038549 0.575964 0.065760 0.560091 0.079365 0.555556 0.097506 0.555556 0.104308 0.551020 0.129252 0.551020 0.138322 0.546485 0.149660 0.546485 0.151927 0.541950 0.174603 0.541950 0.176871 0.537415 0.192744 0.537415 0.195011 0.532880 0.213152 0.523810 0.308390 0.523810 0.324263 0.537415 0.385488 0.535147 0.362812 0.521542 0.358277 0.510204 0.340136 0.517007 0.224490 0.510204 0.192744 0.496599 0.167800 0.471655 0.158730 0.471655 0.154195 0.480726 0.147392 0.480726 0.133787 0.469388 0.120181 0.467120 0.106576 0.458050 0.095238 0.458050 0.086168 0.448980 0.074830 0.444444 0.020408 0.444444
0 0.961451 0.000000 0.718821 0.002268 0.709751 0.024943 0.700680 0.036281 0.691610 0.063492 0.682540 0.070295 0.668934 0.111111 0.662132 0.117914 0.659864 0.113379 0.655329 0.124717 0.655329 0.154195 0.659864 0.163265 0.655329 0.215420 0.662132 0.238095 0.662132 0.251701 0.650794 0.260771 0.650794 0.285714 0.639456 0.303855 0.625850 0.312925 0.625850 0.321995 0.609977 0.353741 0.591837 0.371882 0.555556 0.396825 0.553288 0.408163 0.569161 0.428571 0.580499 0.401361 0.585034 0.396825 0.603175 0.399093 0.603175 0.385488 0.614512 0.374150 0.625850 0.351474 0.673469 0.306122 0.705215 0.287982 0.732426 0.283447 0.748299 0.274376 0.755102 0.265306 0.766440 0.265306 0.780045 0.256236 0.780045 0.244898 0.789116 0.231293 0.789116 0.219955 0.802721 0.213152 0.834467 0.174603 0.863946 0.154195 0.877551 0.133787 0.907029 0.106576 0.918367 0.088435 0.936508 0.072562 0.941043 0.054422 0.952381 0.038549 0.952381 0.031746 0.959184 0.020408
0 0.512472 0.621315 0.492063 0.646259 0.462585 0.659864 0.444444 0.691610 0.421769 0.712018 0.401361 0.741497 0.385488 0.741497 0.378685 0.746032 0.378685 0.777778 0.362812 0.780045 0.351474 0.789116 0.349206 0.811791 0.353741 0.814059 0.356009 0.841270 0.333333 0.863946 0.331066 0.916100 0.303855 0.959184 0.303855 0.970522 0.317460 0.997732 0.555556 0.997732 0.566893 0.984127 0.566893 0.959184 0.571429 0.941043 0.557823 0.893424 0.546485 0.879819 0.557823 0.859410 0.557823 0.841270 0.551020 0.836735 0.539683 0.816327 0.541950 0.809524 0.553288 0.809524 0.555556 0.804989 0.557823 0.807256 0.557823 0.782313 0.546485 0.764172 0.546485 0.736961 0.541950 0.727891 0.523810 0.714286 0.503401 0.689342 0.503401 0.641723
0 0.099773 0.047619 0.108844 0.086168 0.126984 0.111111 0.136054 0.117914 0.136054 0.122449 0.145125 0.129252 0.160998 0.165533 0.160998 0.172336 0.183673 0.195011 0.199546 0.201814 0.199546 0.213152 0.240363 0.233560 0.260771 0.258503 0.269841 0.260771 0.278912 0.253968 0.290249 0.260771 0.287982 0.269841 0.353741 0.269841 0.387755 0.290249 0.396825 0.299320 0.405896 0.317460 0.428571 0.328798 0.437642 0.351474 0.446712 0.346939 0.446712 0.319728 0.442177 0.315193 0.435374 0.292517 0.433107 0.249433 0.437642 0.233560 0.428571 0.215420 0.428571 0.176871 0.414966 0.165533 0.394558 0.163265 0.301587 0.065760 0.290249 0.061224 0.244898 0.029478 0.229025 0.029478 0.199546 0.020408 0.179138 0.018141 0.147392 0.020408 0.126984 0.029478 0.108844 0.045351
0 0.628118 0.537415 0.630385 0.551020 0.639456 0.551020 0.655329 0.560091 0.687075 0.587302 0.709751 0.600907 0.739229 0.634921 0.750567 0.634921 0.764172 0.646259 0.791383 0.653061 0.807256 0.659864 0.809524 0.664399 0.832200 0.668934 0.850340 0.684807 0.868481 0.693878 0.891156 0.693878 0.907029 0.702948 0.913832 0.702948 0.927438 0.714286 0.952381 0.723356 0.997732 0.723356 0.997732 0.544218 0.970522 0.526077 0.947846 0.519274 0.918367 0.501134 0.882086 0.496599 0.866213 0.485261 0.854875 0.485261 0.850340 0.480726 0.836735 0.480726 0.816327 0.471655 0.800454 0.469388 0.761905 0.469388 0.730159 0.480726 0.727891 0.478458 0.716553 0.492063 0.659864 0.530612 0.639456 0.537415
0 0.383220 0.537415 0.324263 0.539683 0.308390 0.526077 0.213152 0.526077 0.195011 0.535147 0.192744 0.539683 0.176871 0.539683 0.174603 0.544218 0.151927 0.544218 0.149660 0.548753 0.138322 0.548753 0.129252 0.553288 0.079365 0.557823 0.052154 0.569161 0.027211 0.589569 0.013605 0.594104 0.000000 0.612245 0.000000 0.746032 0.006803 0.755102 0.029478 0.764172 0.068027 0.768707 0.072562 0.773243 0.088435 0.773243 0.117914 0.766440 0.154195 0.764172 0.172336 0.755102 0.179138 0.755102 0.181406 0.750567 0.199546 0.746032 0.217687 0.732426 0.229025 0.732426 0.238095 0.727891 0.253968 0.707483 0.285714 0.698413 0.297052 0.684807 0.297052 0.680272 0.310658 0.666667 0.335601 0.653061 0.344671 0.630385 0.353741 0.619048 0.356009 0.571429 0.365079 0.564626 0.365079 0.560091
0 0.548753 0.492063 0.537415 0.510204 0.535147 0.535147 0.521542 0.560091 0.510204 0.569161 0.517007 0.585034 0.523810 0.591837 0.544218 0.600907 0.616780 0.598639 0.619048 0.589569 0.625850 0.582766 0.625850 0.537415 0.616780 0.526077 0.614512 0.517007 0.580499 0.492063 0.566893 0.492063 0.557823 0.487528
0 0.521542 0.591837 0.519274 0.612245 0.510204 0.619048 0.514739 0.623583 0.505669 0.641723 0.505669 0.689342 0.510204 0.698413 0.535147 0.718821 0.548753 0.736961 0.548753 0.764172 0.560091 0.782313 0.560091 0.814059 0.585034 0.848073 0.600907 0.863946 0.616780 0.873016 0.628118 0.886621 0.637188 0.884354 0.666667 0.900227 0.696145 0.897959 0.725624 0.848073 0.723356 0.789116 0.716553 0.761905 0.696145 0.734694 0.687075 0.712018 0.678005 0.700680 0.673469 0.682540 0.666667 0.678005 0.662132 0.655329 0.650794 0.641723 0.641723 0.637188 0.646259 0.634921 0.634921 0.623583 0.634921 0.619048 0.614512 0.600907 0.544218 0.603175
0 0.471655 0.503401 0.448980 0.480726 0.433107 0.473923 0.414966 0.480726 0.378685 0.480726 0.371882 0.487528 0.369615 0.485261 0.360544 0.498866 0.365079 0.507937 0.360544 0.512472 0.362812 0.519274 0.378685 0.530612 0.405896 0.541950 0.442177 0.548753 0.460317 0.544218 0.458050 0.528345 0.471655 0.512472
0 0.628118 0.081633 0.605442 0.083900 0.573696 0.104308 0.557823 0.122449 0.557823 0.129252 0.546485 0.151927 0.532880 0.170068 0.526077 0.199546 0.510204 0.231293 0.512472 0.251701 0.503401 0.265306 0.503401 0.287982 0.492063 0.303855 0.492063 0.324263 0.485261 0.328798 0.492063 0.337868 0.523810 0.356009 0.537415 0.376417 0.539683 0.405896 0.544218 0.410431 0.551020 0.410431 0.551020 0.401361 0.562358 0.387755 0.582766 0.376417 0.607710 0.353741 0.623583 0.321995 0.623583 0.312925 0.637188 0.303855 0.648526 0.285714 0.648526 0.260771 0.659864 0.251701 0.659864 0.238095 0.653061 0.215420 0.653061 0.195011 0.657596 0.183673 0.657596 0.163265 0.653061 0.154195 0.655329 0.113379 0.637188 0.088435
0 0.553288 0.410431 0.539683 0.414966 0.523810 0.430839 0.517007 0.430839 0.505669 0.448980 0.510204 0.476190 0.519274 0.482993 0.539683 0.487528 0.541950 0.496599 0.555556 0.487528 0.555556 0.478458 0.564626 0.464853 0.564626 0.435374 0.569161 0.430839
0 0.287982 0.272109 0.269841 0.303855 0.267574 0.340136 0.274376 0.353741 0.281179 0.392290 0.287982 0.401361 0.294785 0.421769 0.308390 0.437642 0.303855 0.439909 0.346939 0.458050 0.356009 0.467120 0.356009 0.473923 0.362812 0.480726 0.369615 0.480726 0.371882 0.485261 0.378685 0.478458 0.414966 0.478458 0.437642 0.469388 0.453515 0.446712 0.453515 0.430839 0.437642 0.410431 0.433107 0.399093 0.433107 0.360544 0.442177 0.353741 0.433107 0.349206 0.428571 0.331066 0.405896 0.319728 0.387755 0.292517 0.353741 0.272109
0 0.616780 0.600907 0.637188 0.619048 0.637188 0.623583 0.648526 0.634921 0.680272 0.634921 0.691610 0.625850 0.691610 0.621315 0.687075 0.621315 0.678005 0.628118 0.671202 0.628118 0.662132 0.616780 0.648526 0.612245 0.634921 0.600907 0.621315 0.594104
0 0.539683 0.489796 0.528345 0.494331 0.514739 0.507937 0.514739 0.519274 0.498866 0.535147 0.485261 0.532880 0.473923 0.523810 0.471655 0.517007 0.462585 0.523810 0.462585 0.544218 0.469388 0.541950 0.471655 0.551020 0.482993 0.560091 0.482993 0.564626 0.489796 0.571429 0.507937 0.569161 0.519274 0.560091 0.532880 0.535147 0.535147 0.510204 0.541950 0.498866
0 0.739229 0.424036 0.691610 0.399093 0.659864 0.390023 0.657596 0.383220 0.637188 0.383220 0.630385 0.392290 0.614512 0.390023 0.603175 0.401361 0.585034 0.399093 0.566893 0.435374 0.566893 0.464853 0.557823 0.478458 0.557823 0.485261 0.589569 0.494331 0.616780 0.517007 0.625850 0.535147 0.639456 0.535147 0.659864 0.528345 0.723356 0.482993 0.723356 0.467120 0.739229 0.442177
0 0.455782 0.442177 0.442177 0.467120 0.435374 0.471655 0.448980 0.478458 0.462585 0.494331 0.471655 0.498866 0.471655 0.514739 0.476190 0.523810 0.485261 0.530612 0.498866 0.532880 0.512472 0.519274 0.512472 0.507937 0.528345 0.492063 0.537415 0.489796 0.512472 0.480726 0.507937 0.476190 0.503401 0.455782 0.487528 0.444444
0 0.358277 0.571429 0.356009 0.637188 0.369615 0.662132 0.383220 0.668934 0.394558 0.666667 0.396825 0.671202 0.421769 0.673469 0.439909 0.668934 0.492063 0.643991 0.507937 0.619048 0.517007 0.612245 0.519274 0.587302 0.514739 0.585034 0.512472 0.575964 0.507937 0.571429 0.489796 0.573696 0.480726 0.564626 0.480726 0.560091 0.469388 0.551020 0.469388 0.544218 0.430839 0.551020 0.387755 0.535147 0.367347 0.560091 0.367347 0.564626
0 0.471655 0.337868 0.448980 0.346939 0.435374 0.360544 0.435374 0.399093 0.439909 0.410431 0.455782 0.430839 0.455782 0.439909 0.480726 0.439909 0.503401 0.453515 0.512472 0.433107 0.530612 0.424036 0.541950 0.412698 0.537415 0.405896 0.537415 0.383220 0.521542 0.356009 0.489796 0.337868