0 0.385488 0.378685 0.367347 0.410431 0.367347 0.417234 0.394558 0.414966 0.410431 0.419501 0.424036 0.428571 0.428571 0.444444 0.428571 0.439909 0.437642 0.433107 0.435374 0.426304 0.439909 0.412698 0.417234 0.392290 0.405896 0.374150 0.394558 0.374150
0 0.523810 0.630385 0.521542 0.648526 0.539683 0.664399 0.539683 0.687075 0.532880 0.696145 0.532880 0.721088 0.528345 0.734694 0.528345 0.768707 0.553288 0.768707 0.566893 0.759637 0.573696 0.759637 0.585034 0.748299 0.591837 0.734694 0.591837 0.682540 0.575964 0.646259 0.566893 0.637188 0.553288 0.630385
0 0.464853 0.260771 0.462585 0.272109 0.451247 0.281179 0.453515 0.328798 0.460317 0.342404 0.482993 0.365079 0.494331 0.371882 0.498866 0.362812 0.498866 0.342404 0.482993 0.324263 0.480726 0.297052 0.469388 0.260771
0 0.446712 0.521542 0.442177 0.523810 0.444444 0.526077 0.439909 0.532880 0.426304 0.541950 0.394558 0.573696 0.362812 0.596372 0.335601 0.594104 0.315193 0.582766 0.308390 0.582766 0.272109 0.596372 0.256236 0.612245 0.242630 0.619048 0.224490 0.639456 0.204082 0.678005 0.204082 0.687075 0.197279 0.698413 0.197279 0.723356 0.204082 0.739229 0.231293 0.752834 0.256236 0.752834 0.267574 0.746032 0.308390 0.739229 0.337868 0.723356 0.369615 0.700680 0.380952 0.682540 0.390023 0.655329 0.385488 0.637188 0.385488 0.609977 0.410431 0.573696 0.419501 0.569161 0.421769 0.562358 0.446712 0.541950
0 0.882086 0.297052 0.852608 0.276644 0.795918 0.276644 0.780045 0.285714 0.761905 0.308390 0.755102 0.326531 0.741497 0.335601 0.689342 0.356009 0.684807 0.371882 0.687075 0.385488 0.682540 0.410431 0.668934 0.426304 0.655329 0.433107 0.755102 0.433107 0.759637 0.437642 0.770975 0.437642 0.780045 0.442177 0.795918 0.455782 0.795918 0.460317 0.807256 0.446712 0.816327 0.446712 0.877551 0.387755 0.891156 0.333333 0.891156 0.321995
0 0.195011 0.113379 0.181406 0.126984 0.174603 0.140590 0.181406 0.197279 0.213152 0.249433 0.224490 0.274376 0.256236 0.306122 0.306122 0.340136 0.369615 0.337868 0.380952 0.344671 0.405896 0.369615 0.403628 0.371882 0.417234 0.385488 0.419501 0.392290 0.442177 0.414966 0.446712 0.414966 0.455782 0.405896 0.448980 0.403628 0.442177 0.387755 0.417234 0.356009 0.387755 0.306122 0.387755 0.233560 0.376417 0.219955 0.374150 0.210884 0.362812 0.199546 0.353741 0.181406 0.301587 0.129252 0.283447 0.117914 0.238095 0.102041 0.210884 0.104308
0 0.816327 0.095238 0.755102 0.095238 0.727891 0.111111 0.668934 0.167800 0.657596 0.174603 0.648526 0.190476 0.646259 0.208617 0.625850 0.240363 0.625850 0.258503 0.630385 0.263039 0.630385 0.272109 0.621315 0.287982 0.621315 0.297052 0.625850 0.306122 0.632653 0.310658 0.632653 0.331066 0.619048 0.358277 0.585034 0.396825 0.587302 0.419501 0.621315 0.385488 0.655329 0.358277 0.673469 0.349206 0.696145 0.351474 0.755102 0.324263 0.759637 0.308390 0.773243 0.294785 0.773243 0.290249 0.793651 0.276644 0.807256 0.244898 0.825397 0.219955 0.825397 0.208617 0.836735 0.181406 0.836735 0.126984
0 0.582766 0.560091 0.571429 0.585034 0.571429 0.591837 0.596372 0.594104 0.609977 0.607710 0.614512 0.605442 0.634921 0.625850 0.646259 0.646259 0.650794 0.680272 0.659864 0.693878 0.659864 0.700680 0.673469 0.705215 0.689342 0.725624 0.709751 0.736961 0.752834 0.777778 0.802721 0.804989 0.811791 0.804989 0.834467 0.816327 0.852608 0.820862 0.891156 0.823129 0.911565 0.816327 0.918367 0.809524 0.925170 0.795918 0.925170 0.768707 0.918367 0.748299 0.893424 0.709751 0.854875 0.671202 0.843537 0.664399 0.839002 0.653061 0.750567 0.596372 0.736961 0.600907 0.723356 0.594104 0.698413 0.594104 0.689342 0.600907 0.653061 0.598639 0.637188 0.591837 0.630385 0.585034 0.632653 0.582766 0.619048 0.585034 0.605442 0.578231 0.589569 0.560091
0 0.081633 0.408163 0.081633 0.433107 0.097506 0.453515 0.138322 0.473923 0.172336 0.471655 0.183673 0.478458 0.210884 0.476190 0.233560 0.464853 0.269841 0.467120 0.285714 0.458050 0.297052 0.460317 0.297052 0.464853 0.315193 0.464853 0.344671 0.433107 0.367347 0.424036 0.360544 0.421769 0.365079 0.417234 0.362812 0.419501 0.333333 0.387755 0.308390 0.371882 0.299320 0.360544 0.285714 0.353741 0.244898 0.349206 0.233560 0.344671 0.219955 0.344671 0.208617 0.337868 0.163265 0.335601 0.158730 0.340136 0.131519 0.337868 0.104308 0.349206 0.092971 0.362812 0.088435 0.376417 0.088435 0.396825
0 0.541950 0.079365 0.521542 0.083900 0.496599 0.108844 0.492063 0.126984 0.482993 0.138322 0.482993 0.158730 0.478458 0.170068 0.480726 0.188209 0.473923 0.204082 0.473923 0.238095 0.480726 0.244898 0.480726 0.251701 0.471655 0.256236 0.471655 0.265306 0.482993 0.297052 0.485261 0.324263 0.501134 0.342404 0.501134 0.362812 0.496599 0.369615 0.496599 0.378685 0.501134 0.380952 0.503401 0.403628 0.560091 0.365079 0.566893 0.353741 0.582766 0.306122 0.591837 0.290249 0.589569 0.287982 0.594104 0.276644 0.596372 0.224490 0.600907 0.222222 0.603175 0.206349 0.598639 0.160998 0.594104 0.151927 0.594104 0.138322 0.587302 0.129252 0.587302 0.120181 0.560091 0.088435
0 0.492063 0.560091 0.471655 0.569161 0.476190 0.566893 0.478458 0.571429 0.464853 0.598639 0.453515 0.603175 0.439909 0.616780 0.439909 0.630385 0.444444 0.639456 0.433107 0.643991 0.419501 0.668934 0.419501 0.684807 0.408163 0.709751 0.408163 0.727891 0.414966 0.752834 0.414966 0.798186 0.421769 0.816327 0.462585 0.832200 0.496599 0.829932 0.517007 0.802721 0.526077 0.780045 0.526077 0.734694 0.530612 0.721088 0.530612 0.696145 0.537415 0.687075 0.537415 0.664399 0.519274 0.648526 0.519274 0.634921 0.523810 0.628118 0.528345 0.628118 0.528345 0.616780 0.510204 0.600907 0.507937 0.589569 0.512472 0.587302 0.496599 0.571429 0.496599 0.564626
0 0.573696 0.537415 0.582766 0.557823 0.589569 0.557823 0.605442 0.575964 0.625850 0.582766 0.637188 0.571429 0.637188 0.555556 0.628118 0.541950 0.580499 0.541950
0 0.555556 0.510204 0.578231 0.510204 0.596372 0.528345 0.630385 0.528345 0.637188 0.537415 0.664399 0.537415 0.671202 0.541950 0.680272 0.541950 0.684807 0.537415 0.732426 0.537415 0.759637 0.523810 0.770975 0.507937 0.791383 0.492063 0.798186 0.473923 0.795918 0.462585 0.791383 0.460317 0.793651 0.455782 0.770975 0.439909 0.759637 0.439909 0.755102 0.435374 0.653061 0.435374 0.639456 0.446712 0.612245 0.458050 0.566893 0.485261 0.560091 0.485261 0.555556 0.480726 0.562358 0.487528 0.562358 0.496599
0 0.299320 0.467120 0.301587 0.480726 0.328798 0.512472 0.335601 0.512472 0.362812 0.526077 0.435374 0.526077 0.460317 0.512472 0.462585 0.503401 0.467120 0.501134 0.442177 0.476190 0.435374 0.455782 0.430839 0.455782 0.421769 0.428571 0.394558 0.417234 0.365079 0.419501 0.362812 0.421769 0.369615 0.424036 0.365079 0.428571 0.344671 0.435374 0.315193 0.467120
0 0.569161 0.376417 0.546485 0.378685 0.535147 0.387755 0.526077 0.387755 0.510204 0.403628 0.501134 0.403628 0.519274 0.421769 0.526077 0.435374 0.523810 0.448980 0.512472 0.464853 0.521542 0.467120 0.512472 0.469388 0.519274 0.473923 0.523810 0.471655 0.526077 0.476190 0.544218 0.476190 0.553288 0.482993 0.582766 0.453515 0.587302 0.428571 0.585034 0.401361 0.580499 0.387755
0 0.553288 0.512472 0.539683 0.523810 0.521542 0.523810 0.512472 0.519274 0.514739 0.541950 0.507937 0.551020 0.494331 0.557823 0.498866 0.571429 0.512472 0.582766 0.510204 0.585034 0.517007 0.591837 0.530612 0.594104 0.535147 0.598639 0.553288 0.598639 0.566893 0.591837 0.580499 0.564626 0.580499 0.555556 0.571429 0.539683 0.571429 0.526077 0.557823 0.519274
0 0.473923 0.396825 0.467120 0.396825 0.442177 0.419501 0.439909 0.433107 0.430839 0.439909 0.444444 0.476190 0.451247 0.485261 0.462585 0.492063 0.462585 0.496599 0.462585 0.482993 0.467120 0.476190 0.485261 0.473923 0.492063 0.478458 0.501134 0.467120 0.519274 0.467120 0.510204 0.464853 0.521542 0.448980 0.523810 0.435374 0.517007 0.421769 0.501134 0.405896
0 0.514739 0.517007 0.485261 0.514739 0.482993 0.510204 0.464853 0.503401 0.464853 0.510204 0.448980 0.521542 0.446712 0.544218 0.451247 0.562358 0.462585 0.569161 0.469388 0.569161 0.507937 0.548753 0.512472 0.541950 0.510204 0.519274
0 0.523810 0.473923 0.523810 0.487528 0.510204 0.512472 0.521542 0.521542 0.539683 0.521542 0.553288 0.510204 0.560091 0.496599 0.560091 0.487528 0.544218 0.478458 0.526077 0.478458
0 0.521542 0.476190 0.510204 0.469388 0.501134 0.469388 0.492063 0.480726 0.485261 0.476190 0.471655 0.476190 0.464853 0.482993 0.464853 0.494331 0.485261 0.512472 0.507937 0.512472 0.521542 0.487528