0 0.433107 0.612245 0.419501 0.628118 0.417234 0.625850 0.419501 0.639456 0.428571 0.657596 0.437642 0.650794 0.437642 0.621315
0 0.439909 0.365079 0.433107 0.371882 0.433107 0.380952 0.439909 0.394558 0.453515 0.408163 0.460317 0.410431 0.462585 0.433107 0.458050 0.439909 0.458050 0.448980 0.453515 0.451247 0.464853 0.460317 0.462585 0.458050 0.473923 0.417234 0.487528 0.403628 0.494331 0.383220 0.487528 0.383220 0.469388 0.369615 0.451247 0.369615
0 0.609977 0.439909 0.582766 0.424036 0.566893 0.421769 0.546485 0.442177 0.546485 0.464853 0.532880 0.476190 0.521542 0.480726 0.512472 0.478458 0.541950 0.480726 0.546485 0.476190 0.575964 0.476190 0.596372 0.464853
0 0.235828 0.517007 0.242630 0.532880 0.260771 0.551020 0.278912 0.555556 0.290249 0.562358 0.301587 0.562358 0.337868 0.553288 0.346939 0.544218 0.351474 0.523810 0.367347 0.512472 0.376417 0.514739 0.410431 0.494331 0.390023 0.501134 0.358277 0.498866 0.321995 0.462585 0.287982 0.458050 0.249433 0.478458 0.235828 0.505669
0 0.496599 0.548753 0.503401 0.560091 0.537415 0.582766 0.553288 0.598639 0.555556 0.641723 0.569161 0.668934 0.596372 0.682540 0.621315 0.700680 0.639456 0.700680 0.646259 0.705215 0.671202 0.705215 0.680272 0.700680 0.696145 0.666667 0.696145 0.650794 0.691610 0.643991 0.691610 0.634921 0.678005 0.609977 0.659864 0.594104 0.648526 0.578231 0.632653 0.569161 0.607710 0.566893 0.562358 0.575964 0.523810 0.560091 0.517007 0.553288 0.517007 0.548753
0 0.331066 0.201814 0.324263 0.208617 0.315193 0.233560 0.317460 0.308390 0.331066 0.324263 0.360544 0.333333 0.383220 0.351474 0.390023 0.371882 0.408163 0.387755 0.428571 0.412698 0.424036 0.439909 0.433107 0.451247 0.433107 0.458050 0.439909 0.451247 0.435374 0.446712 0.435374 0.437642 0.428571 0.421769 0.426304 0.394558 0.421769 0.383220 0.421769 0.360544 0.428571 0.344671 0.442177 0.326531 0.448980 0.308390 0.448980 0.278912 0.442177 0.249433 0.428571 0.222222 0.392290 0.192744 0.376417 0.192744 0.346939 0.204082
0 0.430839 0.562358 0.414966 0.573696 0.405896 0.573696 0.408163 0.575964 0.401361 0.587302 0.385488 0.603175 0.371882 0.609977 0.353741 0.612245 0.326531 0.630385 0.292517 0.684807 0.278912 0.725624 0.278912 0.770975 0.294785 0.795918 0.326531 0.798186 0.340136 0.791383 0.408163 0.727891 0.426304 0.684807 0.426304 0.653061 0.417234 0.639456 0.414966 0.596372 0.419501 0.589569 0.419501 0.580499
0 0.786848 0.451247 0.770975 0.430839 0.755102 0.421769 0.732426 0.419501 0.723356 0.410431 0.700680 0.410431 0.691610 0.414966 0.653061 0.417234 0.632653 0.426304 0.612245 0.439909 0.596372 0.467120 0.575964 0.478458 0.564626 0.478458 0.560091 0.482993 0.521542 0.485261 0.530612 0.487528 0.546485 0.507937 0.551020 0.501134 0.566893 0.501134 0.582766 0.507937 0.596372 0.507937 0.639456 0.532880 0.657596 0.535147 0.664399 0.530612 0.696145 0.530612 0.709751 0.523810 0.741497 0.517007 0.782313 0.485261 0.786848 0.473923
0 0.299320 0.308390 0.287982 0.335601 0.287982 0.376417 0.317460 0.435374 0.340136 0.458050 0.369615 0.473923 0.392290 0.467120 0.392290 0.473923 0.401361 0.485261 0.412698 0.487528 0.412698 0.492063 0.426304 0.492063 0.428571 0.489796 0.424036 0.482993 0.424036 0.467120 0.414966 0.458050 0.414966 0.446712 0.426304 0.424036 0.426304 0.412698 0.387755 0.371882 0.380952 0.351474 0.360544 0.335601 0.331066 0.326531 0.315193 0.308390
0 0.469388 0.532880 0.451247 0.546485 0.453515 0.578231 0.444444 0.591837 0.444444 0.598639 0.435374 0.605442 0.439909 0.621315 0.439909 0.650794 0.435374 0.659864 0.442177 0.671202 0.446712 0.698413 0.453515 0.712018 0.480726 0.739229 0.489796 0.743764 0.501134 0.743764 0.514739 0.732426 0.530612 0.700680 0.526077 0.632653 0.505669 0.589569 0.480726 0.566893 0.467120 0.548753
0 0.582766 0.324263 0.553288 0.324263 0.526077 0.337868 0.517007 0.346939 0.498866 0.378685 0.494331 0.380952 0.496599 0.385488 0.489796 0.403628 0.476190 0.417234 0.476190 0.444444 0.485261 0.453515 0.485261 0.458050 0.467120 0.473923 0.467120 0.478458 0.480726 0.478458 0.494331 0.464853 0.512472 0.462585 0.523810 0.453515 0.530612 0.453515 0.539683 0.442177 0.548753 0.439909 0.562358 0.426304 0.587302 0.376417 0.589569 0.351474 0.594104 0.342404
0 0.435374 0.496599 0.428571 0.492063 0.412698 0.494331 0.410431 0.498866 0.371882 0.517007 0.365079 0.523810 0.360544 0.551020 0.362812 0.562358 0.369615 0.571429 0.414966 0.571429 0.435374 0.557823 0.437642 0.546485 0.442177 0.541950 0.444444 0.544218 0.444444 0.539683 0.426304 0.523810 0.426304 0.512472 0.439909 0.505669
0 0.519274 0.482993 0.482993 0.482993 0.494331 0.494331 0.492063 0.510204 0.480726 0.521542 0.476190 0.521542 0.476190 0.537415 0.494331 0.546485 0.517007 0.546485 0.523810 0.539683 0.532880 0.537415 0.546485 0.523810 0.548753 0.512472 0.537415 0.501134 0.537415 0.496599
0 0.451247 0.451247 0.442177 0.451247 0.426304 0.464853 0.426304 0.482993 0.430839 0.492063 0.437642 0.496599 0.451247 0.492063 0.464853 0.480726 0.467120 0.467120
0 0.428571 0.512472 0.428571 0.523810 0.451247 0.544218 0.471655 0.528345 0.473923 0.530612 0.471655 0.514739 0.448980 0.514739 0.439909 0.507937
0 0.439909 0.498866 0.442177 0.507937 0.448980 0.512472 0.471655 0.512472 0.473923 0.519274 0.480726 0.519274 0.492063 0.503401 0.492063 0.494331 0.480726 0.480726 0.467120 0.480726 0.451247 0.494331