0 0.378685 0.526077 0.401361 0.541950 0.417234 0.544218 0.442177 0.532880 0.444444 0.514739 0.455782 0.505669 0.487528 0.505669 0.487528 0.501134 0.451247 0.501134 0.424036 0.480726 0.408163 0.480726 0.380952 0.501134
0 0.643991 0.430839 0.639456 0.426304 0.623583 0.442177 0.591837 0.446712 0.591837 0.458050 0.580499 0.469388 0.560091 0.478458 0.580499 0.478458 0.587302 0.471655 0.603175 0.478458 0.612245 0.478458 0.632653 0.471655 0.646259 0.451247
0 0.503401 0.535147 0.489796 0.546485 0.492063 0.566893 0.501134 0.566893 0.507937 0.571429 0.523810 0.553288 0.523810 0.544218 0.512472 0.546485
0 0.517007 0.419501 0.530612 0.435374 0.532880 0.451247 0.537415 0.444444 0.535147 0.424036 0.530612 0.419501
0 0.360544 0.369615 0.362812 0.390023 0.374150 0.405896 0.374150 0.412698 0.385488 0.426304 0.412698 0.442177 0.437642 0.439909 0.446712 0.433107 0.476190 0.458050 0.471655 0.446712 0.471655 0.417234 0.480726 0.403628 0.480726 0.396825 0.471655 0.371882 0.455782 0.356009 0.376417 0.360544
0 0.539683 0.517007 0.535147 0.537415 0.528345 0.541950 0.546485 0.562358 0.546485 0.575964 0.517007 0.609977 0.517007 0.625850 0.523810 0.639456 0.528345 0.671202 0.539683 0.687075 0.555556 0.700680 0.582766 0.700680 0.594104 0.696145 0.614512 0.675737 0.619048 0.666667 0.621315 0.634921 0.614512 0.628118 0.607710 0.598639 0.594104 0.578231 0.582766 0.573696 0.569161 0.573696 0.553288 0.560091 0.539683 0.532880
0 0.650794 0.335601 0.614512 0.335601 0.589569 0.351474 0.571429 0.369615 0.562358 0.383220 0.562358 0.396825 0.569161 0.412698 0.564626 0.428571 0.541950 0.458050 0.514739 0.482993 0.532880 0.471655 0.546485 0.469388 0.575964 0.437642 0.585034 0.435374 0.591837 0.444444 0.616780 0.442177 0.628118 0.437642 0.637188 0.428571 0.637188 0.424036 0.653061 0.408163 0.664399 0.376417 0.659864 0.344671
0 0.498866 0.512472 0.494331 0.512472 0.492063 0.523810 0.473923 0.537415 0.439909 0.535147 0.421769 0.541950 0.408163 0.555556 0.387755 0.582766 0.374150 0.614512 0.376417 0.634921 0.383220 0.641723 0.405896 0.643991 0.419501 0.639456 0.467120 0.612245 0.494331 0.569161 0.487528 0.560091 0.487528 0.546485 0.498866 0.537415 0.494331 0.532880 0.501134 0.526077
0 0.532880 0.503401 0.537415 0.503401 0.546485 0.512472 0.548753 0.523810 0.560091 0.535147 0.580499 0.535147 0.585034 0.539683 0.612245 0.539683 0.632653 0.521542 0.630385 0.501134 0.609977 0.485261 0.591837 0.478458 0.562358 0.478458 0.557823 0.482993 0.548753 0.480726 0.544218 0.496599
0 0.482993 0.399093 0.473923 0.417234 0.473923 0.446712 0.478458 0.453515 0.478458 0.464853 0.496599 0.487528 0.512472 0.485261 0.512472 0.480726 0.530612 0.464853 0.528345 0.435374 0.501134 0.403628
0 0.530612 0.498866 0.519274 0.498866 0.519274 0.505669 0.512472 0.512472 0.501134 0.512472 0.501134 0.528345 0.512472 0.544218 0.532880 0.537415 0.537415 0.514739 0.530612 0.507937
0 0.489796 0.494331 0.487528 0.507937 0.492063 0.512472 0.512472 0.510204 0.517007 0.505669 0.512472 0.487528 0.498866 0.487528
0 0.546485 0.476190 0.532880 0.473923 0.514739 0.485261 0.517007 0.496599 0.530612 0.496599 0.532880 0.501134 0.539683 0.498866 0.546485 0.487528