0 0.374150 0.342404 0.385488 0.351474 0.399093 0.376417 0.424036 0.401361 0.421769 0.435374 0.437642 0.455782 0.444444 0.435374 0.435374 0.424036 0.428571 0.403628 0.424036 0.401361 0.424036 0.390023 0.412698 0.362812 0.403628 0.353741
0 0.621315 0.544218 0.612245 0.539683 0.591837 0.539683 0.573696 0.548753 0.571429 0.566893 0.555556 0.585034 0.555556 0.594104 0.571429 0.614512 0.591837 0.616780 0.616780 0.591837 0.619048 0.580499 0.630385 0.562358 0.630385 0.553288
0 0.480726 0.530612 0.476190 0.530612 0.453515 0.546485 0.442177 0.546485 0.430839 0.557823 0.437642 0.580499 0.446712 0.589569 0.464853 0.591837 0.473923 0.582766 0.473923 0.564626 0.478458 0.560091 0.478458 0.553288 0.473923 0.548753 0.485261 0.537415
0 0.555556 0.630385 0.544218 0.630385 0.539683 0.634921 0.535147 0.632653 0.541950 0.657596 0.541950 0.707483 0.535147 0.725624 0.526077 0.732426 0.512472 0.757370 0.517007 0.755102 0.521542 0.759637 0.566893 0.759637 0.573696 0.757370 0.591837 0.736961 0.594104 0.687075 0.585034 0.668934 0.585034 0.657596 0.571429 0.641723
0 0.555556 0.371882 0.526077 0.374150 0.514739 0.369615 0.494331 0.369615 0.489796 0.374150 0.458050 0.376417 0.448980 0.385488 0.448980 0.396825 0.455782 0.403628 0.458050 0.412698 0.487528 0.446712 0.480726 0.482993 0.492063 0.485261 0.489796 0.471655 0.492063 0.462585 0.498866 0.455782 0.541950 0.446712 0.560091 0.424036 0.562358 0.408163 0.566893 0.401361 0.566893 0.383220
0 0.451247 0.541950 0.437642 0.541950 0.435374 0.548753 0.414966 0.560091 0.390023 0.585034 0.333333 0.587302 0.294785 0.616780 0.260771 0.662132 0.260771 0.714286 0.278912 0.730159 0.310658 0.727891 0.319728 0.718821 0.337868 0.712018 0.380952 0.682540 0.403628 0.655329 0.403628 0.646259 0.408163 0.639456 0.403628 0.591837 0.421769 0.575964 0.433107 0.551020 0.442177 0.544218 0.453515 0.544218
0 0.795918 0.410431 0.770975 0.385488 0.743764 0.378685 0.714286 0.378685 0.696145 0.387755 0.659864 0.396825 0.637188 0.412698 0.623583 0.428571 0.609977 0.455782 0.609977 0.464853 0.582766 0.487528 0.569161 0.489796 0.566893 0.496599 0.571429 0.492063 0.585034 0.492063 0.603175 0.485261 0.630385 0.485261 0.646259 0.496599 0.662132 0.501134 0.716553 0.496599 0.750567 0.480726 0.777778 0.458050 0.793651 0.435374
0 0.489796 0.530612 0.487528 0.548753 0.476190 0.564626 0.476190 0.582766 0.467120 0.589569 0.464853 0.600907 0.451247 0.614512 0.448980 0.641723 0.442177 0.659864 0.442177 0.707483 0.453515 0.734694 0.471655 0.757370 0.480726 0.761905 0.503401 0.761905 0.512472 0.755102 0.523810 0.732426 0.532880 0.725624 0.537415 0.716553 0.539683 0.657596 0.532880 0.634921 0.532880 0.609977 0.523810 0.591837 0.501134 0.575964 0.496599 0.546485 0.503401 0.544218
0 0.612245 0.417234 0.603175 0.408163 0.564626 0.412698 0.562358 0.424036 0.541950 0.448980 0.530612 0.453515 0.512472 0.453515 0.507937 0.458050 0.496599 0.480726 0.496599 0.501134 0.503401 0.507937 0.507937 0.505669 0.517007 0.512472 0.530612 0.512472 0.566893 0.498866 0.564626 0.494331 0.569161 0.487528 0.582766 0.485261 0.607710 0.464853 0.607710 0.455782 0.616780 0.437642
0 0.503401 0.510204 0.501134 0.523810 0.492063 0.530612 0.505669 0.544218 0.501134 0.546485 0.507937 0.553288 0.510204 0.562358 0.530612 0.582766 0.548753 0.580499 0.553288 0.585034 0.569161 0.566893 0.573696 0.535147 0.557823 0.521542 0.526077 0.514739 0.505669 0.514739
0 0.401361 0.496599 0.399093 0.514739 0.433107 0.541950 0.458050 0.541950 0.476190 0.528345 0.467120 0.512472 0.469388 0.489796 0.462585 0.492063 0.437642 0.482993 0.426304 0.482993
0 0.489796 0.485261 0.471655 0.487528 0.469388 0.512472 0.476190 0.521542 0.480726 0.514739 0.498866 0.505669 0.494331 0.501134
0 0.501134 0.507937 0.478458 0.519274 0.478458 0.528345 0.485261 0.535147 0.489796 0.528345 0.498866 0.523810