0 0.455782 0.603175 0.435374 0.621315 0.417234 0.625850 0.412698 0.630385 0.428571 0.655329 0.448980 0.671202 0.458050 0.666667 0.458050 0.621315 0.451247 0.605442
0 0.467120 0.362812 0.478458 0.392290 0.478458 0.412698 0.482993 0.417234 0.503401 0.403628 0.503401 0.390023 0.489796 0.376417 0.482993 0.376417
0 0.532880 0.439909 0.548753 0.453515 0.551020 0.473923 0.557823 0.467120 0.573696 0.471655 0.591837 0.467120 0.621315 0.451247 0.634921 0.437642 0.619048 0.430839 0.605442 0.433107 0.596372 0.421769 0.589569 0.419501 0.566893 0.419501 0.562358 0.424036 0.566893 0.433107 0.557823 0.439909 0.546485 0.435374
0 0.217687 0.478458 0.219955 0.498866 0.253968 0.487528 0.263039 0.487528 0.272109 0.494331 0.283447 0.494331 0.299320 0.487528 0.328798 0.487528 0.349206 0.503401 0.380952 0.501134 0.385488 0.505669 0.380952 0.492063 0.358277 0.492063 0.340136 0.478458 0.340136 0.460317 0.331066 0.448980 0.319728 0.442177 0.292517 0.435374 0.256236 0.451247 0.231293 0.453515
0 0.485261 0.544218 0.555556 0.612245 0.557823 0.666667 0.562358 0.675737 0.580499 0.693878 0.596372 0.698413 0.630385 0.718821 0.675737 0.718821 0.702948 0.705215 0.712018 0.684807 0.712018 0.657596 0.687075 0.612245 0.671202 0.598639 0.664399 0.587302 0.657596 0.594104 0.641723 0.594104 0.619048 0.585034 0.587302 0.589569 0.562358 0.587302 0.526077 0.566893 0.494331 0.539683
0 0.351474 0.160998 0.328798 0.174603 0.306122 0.179138 0.297052 0.185941 0.287982 0.215420 0.290249 0.251701 0.294785 0.258503 0.301587 0.297052 0.328798 0.340136 0.353741 0.356009 0.385488 0.360544 0.396825 0.371882 0.401361 0.365079 0.405896 0.342404 0.414966 0.335601 0.433107 0.331066 0.426304 0.321995 0.439909 0.294785 0.437642 0.244898 0.424036 0.213152 0.401361 0.183673 0.380952 0.170068 0.369615 0.167800 0.360544 0.160998
0 0.380952 0.580499 0.383220 0.589569 0.358277 0.614512 0.326531 0.625850 0.299320 0.625850 0.276644 0.637188 0.265306 0.648526 0.256236 0.671202 0.233560 0.698413 0.217687 0.727891 0.208617 0.755102 0.206349 0.795918 0.217687 0.820862 0.224490 0.827664 0.253968 0.829932 0.281179 0.816327 0.319728 0.791383 0.331066 0.780045 0.340136 0.777778 0.367347 0.748299 0.383220 0.716553 0.387755 0.696145 0.383220 0.666667 0.383220 0.632653 0.390023 0.616780 0.396825 0.609977 0.390023 0.603175 0.390023 0.594104
0 0.859410 0.387755 0.836735 0.360544 0.807256 0.349206 0.791383 0.349206 0.782313 0.342404 0.766440 0.342404 0.732426 0.356009 0.718821 0.356009 0.680272 0.374150 0.668934 0.385488 0.659864 0.414966 0.643991 0.437642 0.637188 0.437642 0.609977 0.460317 0.585034 0.471655 0.553288 0.478458 0.535147 0.492063 0.548753 0.492063 0.562358 0.482993 0.600907 0.482993 0.607710 0.487528 0.662132 0.485261 0.702948 0.503401 0.741497 0.501134 0.802721 0.476190 0.829932 0.455782 0.843537 0.442177 0.857143 0.417234
0 0.079365 0.310658 0.077098 0.340136 0.095238 0.367347 0.120181 0.394558 0.136054 0.405896 0.165533 0.419501 0.179138 0.430839 0.192744 0.435374 0.208617 0.435374 0.235828 0.448980 0.256236 0.448980 0.290249 0.433107 0.285714 0.430839 0.303855 0.419501 0.312925 0.419501 0.335601 0.433107 0.356009 0.439909 0.387755 0.460317 0.394558 0.469388 0.394558 0.476190 0.396825 0.471655 0.419501 0.467120 0.421769 0.462585 0.408163 0.446712 0.405896 0.451247 0.394558 0.448980 0.365079 0.421769 0.346939 0.417234 0.328798 0.401361 0.315193 0.394558 0.274376 0.349206 0.263039 0.344671 0.242630 0.326531 0.229025 0.321995 0.217687 0.312925 0.208617 0.312925 0.170068 0.294785 0.102041 0.297052 0.088435 0.301587
0 0.469388 0.587302 0.469388 0.591837 0.462585 0.598639 0.453515 0.600907 0.458050 0.603175 0.453515 0.605442 0.460317 0.621315 0.460317 0.673469 0.435374 0.698413 0.435374 0.718821 0.424036 0.746032 0.424036 0.757370 0.428571 0.766440 0.426304 0.798186 0.437642 0.839002 0.455782 0.877551 0.494331 0.913832 0.521542 0.913832 0.553288 0.875283 0.562358 0.848073 0.564626 0.786848 0.557823 0.773243 0.557823 0.759637 0.553288 0.752834 0.553288 0.741497 0.541950 0.707483 0.498866 0.659864 0.489796 0.637188 0.489796 0.621315
0 0.675737 0.179138 0.650794 0.170068 0.637188 0.170068 0.607710 0.181406 0.585034 0.201814 0.578231 0.217687 0.551020 0.256236 0.546485 0.274376 0.528345 0.303855 0.523810 0.331066 0.532880 0.346939 0.532880 0.371882 0.501134 0.421769 0.476190 0.446712 0.492063 0.437642 0.519274 0.433107 0.519274 0.424036 0.560091 0.383220 0.589569 0.380952 0.603175 0.367347 0.632653 0.351474 0.659864 0.326531 0.666667 0.299320 0.684807 0.267574 0.691610 0.235828 0.689342 0.195011
0 0.154195 0.573696 0.158730 0.585034 0.170068 0.596372 0.183673 0.603175 0.195011 0.603175 0.204082 0.607710 0.229025 0.607710 0.244898 0.600907 0.278912 0.596372 0.315193 0.578231 0.331066 0.564626 0.344671 0.562358 0.365079 0.537415 0.383220 0.526077 0.401361 0.521542 0.387755 0.510204 0.387755 0.505669 0.378685 0.505669 0.380952 0.507937 0.374150 0.512472 0.353741 0.512472 0.340136 0.496599 0.328798 0.489796 0.299320 0.489796 0.283447 0.496599 0.272109 0.496599 0.263039 0.489796 0.253968 0.489796 0.197279 0.512472 0.156463 0.560091
0 0.498866 0.510204 0.501134 0.517007 0.517007 0.526077 0.514739 0.535147 0.521542 0.546485 0.539683 0.551020 0.548753 0.564626 0.566893 0.566893 0.589569 0.578231 0.594104 0.582766 0.591837 0.585034 0.619048 0.582766 0.641723 0.591837 0.657596 0.591837 0.668934 0.580499 0.696145 0.566893 0.707483 0.551020 0.707483 0.537415 0.702948 0.528345 0.668934 0.503401 0.650794 0.494331 0.623583 0.494331 0.600907 0.485261 0.562358 0.485261 0.548753 0.494331 0.532880 0.494331 0.519274 0.510204
0 0.435374 0.331066 0.408163 0.342404 0.403628 0.365079 0.396825 0.374150 0.399093 0.439909 0.412698 0.448980 0.424036 0.462585 0.421769 0.464853 0.455782 0.469388 0.476190 0.453515 0.478458 0.448980 0.473923 0.446712 0.482993 0.439909 0.487528 0.428571 0.476190 0.412698 0.476190 0.392290 0.462585 0.349206 0.446712 0.333333
0 0.442177 0.521542 0.403628 0.521542 0.403628 0.528345 0.394558 0.535147 0.390023 0.553288 0.383220 0.564626 0.383220 0.580499 0.392290 0.594104 0.392290 0.603175 0.399093 0.609977 0.399093 0.616780 0.410431 0.628118 0.435374 0.619048 0.453515 0.598639 0.467120 0.591837 0.471655 0.578231 0.469388 0.553288 0.476190 0.546485 0.467120 0.544218
0 0.521542 0.435374 0.492063 0.439909 0.473923 0.455782 0.482993 0.469388 0.482993 0.478458 0.476190 0.485261 0.476190 0.489796 0.492063 0.492063 0.498866 0.501134 0.496599 0.510204 0.519274 0.507937 0.535147 0.489796 0.548753 0.480726 0.546485 0.453515
0 0.385488 0.485261 0.383220 0.498866 0.396825 0.517007 0.446712 0.521542 0.444444 0.505669 0.439909 0.501134 0.428571 0.501134 0.417234 0.494331 0.417234 0.485261 0.435374 0.476190 0.439909 0.469388 0.421769 0.467120 0.403628 0.471655
0 0.476190 0.492063 0.478458 0.494331 0.473923 0.496599 0.473923 0.503401 0.482993 0.512472 0.482993 0.517007 0.476190 0.521542 0.448980 0.523810 0.467120 0.541950 0.482993 0.544218 0.498866 0.532880 0.498866 0.514739 0.494331 0.510204 0.496599 0.501134 0.492063 0.494331
0 0.442177 0.471655 0.458050 0.476190 0.467120 0.482993 0.469388 0.494331 0.476190 0.494331 0.473923 0.485261 0.480726 0.478458 0.476190 0.460317 0.455782 0.471655
0 0.419501 0.485261 0.421769 0.496599 0.439909 0.498866 0.446712 0.505669 0.448980 0.519274 0.480726 0.517007 0.480726 0.512472 0.471655 0.503401 0.471655 0.496599 0.467120 0.494331 0.464853 0.482993 0.439909 0.471655 0.435374 0.478458