0 0.453515 0.501134 0.453515 0.505669 0.437642 0.519274 0.430839 0.514739 0.419501 0.514739 0.405896 0.523810 0.408163 0.541950 0.403628 0.548753 0.408163 0.587302 0.412698 0.551020 0.424036 0.537415 0.448980 0.528345 0.448980 0.519274 0.458050 0.507937
0 0.609977 0.417234 0.605442 0.417234 0.594104 0.437642 0.566893 0.437642 0.557823 0.448980 0.537415 0.455782 0.548753 0.455782 0.571429 0.485261 0.587302 0.489796 0.591837 0.494331 0.600907 0.485261 0.625850 0.480726 0.634921 0.467120 0.634921 0.451247 0.628118 0.433107
0 0.469388 0.290249 0.458050 0.299320 0.439909 0.326531 0.437642 0.346939 0.444444 0.360544 0.444444 0.369615 0.460317 0.385488 0.480726 0.390023 0.489796 0.399093 0.494331 0.426304 0.485261 0.426304 0.498866 0.442177 0.496599 0.471655 0.507937 0.473923 0.510204 0.460317 0.505669 0.458050 0.503401 0.421769 0.498866 0.414966 0.498866 0.392290 0.505669 0.383220 0.517007 0.380952 0.530612 0.362812 0.539683 0.340136 0.537415 0.321995 0.532880 0.310658 0.519274 0.299320 0.501134 0.297052 0.485261 0.290249
0 0.517007 0.507937 0.555556 0.557823 0.557823 0.575964 0.553288 0.585034 0.553288 0.598639 0.562358 0.614512 0.585034 0.637188 0.603175 0.646259 0.641723 0.648526 0.666667 0.634921 0.671202 0.623583 0.668934 0.600907 0.655329 0.578231 0.630385 0.553288 0.600907 0.535147 0.587302 0.535147 0.571429 0.546485 0.560091 0.546485 0.551020 0.541950 0.521542 0.507937
0 0.492063 0.487528 0.482993 0.492063 0.480726 0.501134 0.455782 0.519274 0.446712 0.532880 0.424036 0.539683 0.412698 0.557823 0.410431 0.598639 0.417234 0.614512 0.417234 0.632653 0.437642 0.659864 0.444444 0.659864 0.458050 0.643991 0.455782 0.632653 0.444444 0.614512 0.444444 0.598639 0.448980 0.585034 0.460317 0.575964 0.460317 0.539683 0.455782 0.532880 0.487528 0.501134
0 0.605442 0.297052 0.591837 0.294785 0.569161 0.308390 0.544218 0.335601 0.544218 0.351474 0.528345 0.374150 0.526077 0.408163 0.535147 0.417234 0.535147 0.424036 0.510204 0.467120 0.517007 0.467120 0.523810 0.458050 0.532880 0.458050 0.530612 0.455782 0.551020 0.428571 0.562358 0.428571 0.569161 0.433107 0.569161 0.437642 0.594104 0.435374 0.603175 0.421769 0.605442 0.408163 0.614512 0.392290 0.616780 0.317460 0.612245 0.303855
0 0.503401 0.485261 0.498866 0.485261 0.494331 0.507937 0.478458 0.521542 0.478458 0.530612 0.471655 0.535147 0.458050 0.532880 0.462585 0.539683 0.462585 0.575964 0.451247 0.585034 0.446712 0.598639 0.446712 0.614512 0.460317 0.641723 0.482993 0.619048 0.505669 0.562358 0.505669 0.555556 0.494331 0.539683 0.494331 0.530612 0.501134 0.517007
0 0.387755 0.378685 0.380952 0.392290 0.385488 0.419501 0.390023 0.428571 0.426304 0.464853 0.451247 0.469388 0.464853 0.460317 0.473923 0.460317 0.480726 0.469388 0.494331 0.471655 0.494331 0.460317 0.489796 0.453515 0.480726 0.451247 0.473923 0.444444 0.471655 0.410431 0.464853 0.401361 0.455782 0.396825 0.437642 0.378685 0.419501 0.371882 0.399093 0.369615
0 0.501134 0.480726 0.510204 0.482993 0.512472 0.501134 0.517007 0.505669 0.546485 0.514739 0.571429 0.510204 0.589569 0.496599 0.587302 0.492063 0.571429 0.487528 0.555556 0.464853 0.544218 0.455782 0.523810 0.460317 0.517007 0.469388 0.510204 0.469388 0.510204 0.473923
0 0.503401 0.476190 0.485261 0.473923 0.478458 0.469388 0.464853 0.476190 0.455782 0.492063 0.455782 0.501134 0.460317 0.507937 0.467120 0.507937 0.473923 0.501134 0.478458 0.501134 0.482993 0.489796 0.498866 0.482993
0 0.478458 0.428571 0.476190 0.444444 0.487528 0.451247 0.489796 0.435374 0.485261 0.428571