0 0.535147 0.455782 0.528345 0.462585 0.517007 0.462585 0.510204 0.469388 0.507937 0.489796 0.510204 0.496599 0.519274 0.503401 0.523810 0.501134 0.523810 0.494331 0.535147 0.469388
0 0.421769 0.396825 0.437642 0.401361 0.455782 0.421769 0.448980 0.412698 0.448980 0.396825 0.442177 0.387755 0.433107 0.387755
0 0.496599 0.482993 0.492063 0.476190 0.476190 0.489796 0.494331 0.494331
0 0.503401 0.344671 0.462585 0.346939 0.444444 0.371882 0.446712 0.387755 0.455782 0.396825 0.460317 0.396825 0.469388 0.408163 0.467120 0.424036 0.460317 0.428571 0.458050 0.426304 0.460317 0.437642 0.455782 0.444444 0.455782 0.458050 0.462585 0.444444 0.458050 0.442177 0.467120 0.435374 0.476190 0.408163 0.480726 0.403628 0.489796 0.405896 0.498866 0.401361 0.510204 0.383220 0.507937 0.378685 0.512472 0.367347 0.512472 0.351474
0 0.306122 0.460317 0.319728 0.476190 0.331066 0.480726 0.369615 0.482993 0.380952 0.478458 0.394558 0.478458 0.399093 0.473923 0.396825 0.460317 0.401361 0.455782 0.417234 0.451247 0.383220 0.421769 0.349206 0.419501 0.319728 0.435374 0.306122 0.448980
0 0.437642 0.462585 0.401361 0.473923 0.394558 0.480726 0.380952 0.480726 0.383220 0.485261 0.378685 0.496599 0.390023 0.503401 0.390023 0.510204 0.394558 0.514739 0.414966 0.512472 0.417234 0.507937 0.412698 0.496599 0.412698 0.480726 0.428571 0.469388 0.430839 0.471655
0 0.555556 0.383220 0.551020 0.378685 0.526077 0.378685 0.512472 0.383220 0.505669 0.390023 0.503401 0.399093 0.487528 0.408163 0.485261 0.437642 0.467120 0.451247 0.462585 0.446712 0.460317 0.458050 0.471655 0.453515 0.505669 0.453515 0.514739 0.460317 0.528345 0.460317 0.553288 0.435374 0.557823 0.417234
0 0.446712 0.464853 0.442177 0.473923 0.442177 0.494331 0.419501 0.512472 0.412698 0.528345 0.414966 0.560091 0.419501 0.571429 0.430839 0.580499 0.439909 0.578231 0.469388 0.551020 0.469388 0.514739 0.451247 0.496599 0.448980 0.473923 0.453515 0.469388
0 0.417234 0.399093 0.405896 0.412698 0.405896 0.426304 0.412698 0.437642 0.410431 0.442177 0.424036 0.453515 0.455782 0.453515 0.455782 0.424036 0.437642 0.403628 0.428571 0.399093
0 0.480726 0.455782 0.462585 0.460317 0.473923 0.487528 0.494331 0.473923 0.494331 0.467120
0 0.453515 0.455782 0.444444 0.455782 0.433107 0.471655 0.439909 0.476190 0.444444 0.464853 0.453515 0.462585