0 0.523810 0.242630 0.519274 0.247166 0.512472 0.247166 0.485261 0.278912 0.485261 0.287982 0.478458 0.299320 0.473923 0.340136 0.473923 0.335601 0.496599 0.312925 0.514739 0.308390 0.532880 0.326531 0.551020 0.360544 0.557823 0.360544 0.557823 0.356009 0.571429 0.344671 0.578231 0.331066 0.582766 0.312925 0.582766 0.285714 0.569161 0.263039 0.546485 0.242630
0 0.480726 0.582766 0.473923 0.587302 0.458050 0.587302 0.451247 0.591837 0.430839 0.594104 0.424036 0.603175 0.412698 0.607710 0.412698 0.614512 0.403628 0.630385 0.403628 0.689342 0.410431 0.705215 0.430839 0.725624 0.435374 0.691610 0.444444 0.673469 0.444444 0.657596 0.448980 0.655329 0.448980 0.646259
0 0.827664 0.417234 0.814059 0.390023 0.791383 0.374150 0.777778 0.374150 0.768707 0.369615 0.730159 0.376417 0.709751 0.374150 0.678005 0.396825 0.680272 0.399093 0.673469 0.403628 0.662132 0.435374 0.650794 0.446712 0.630385 0.460317 0.591837 0.467120 0.571429 0.482993 0.594104 0.476190 0.671202 0.469388 0.696145 0.476190 0.705215 0.485261 0.730159 0.496599 0.759637 0.494331 0.802721 0.471655 0.825397 0.451247 0.825397 0.437642 0.829932 0.433107
0 0.199546 0.337868 0.199546 0.351474 0.229025 0.378685 0.263039 0.376417 0.269841 0.380952 0.283447 0.380952 0.312925 0.403628 0.328798 0.403628 0.337868 0.396825 0.337868 0.360544 0.315193 0.328798 0.274376 0.319728 0.233560 0.317460 0.210884 0.324263
0 0.566893 0.587302 0.580499 0.600907 0.600907 0.632653 0.605442 0.646259 0.605442 0.671202 0.600907 0.678005 0.603175 0.725624 0.619048 0.739229 0.630385 0.761905 0.673469 0.800454 0.707483 0.820862 0.757370 0.832200 0.780045 0.832200 0.793651 0.825397 0.802721 0.816327 0.816327 0.791383 0.816327 0.775510 0.807256 0.725624 0.791383 0.693878 0.775510 0.675737 0.773243 0.664399 0.743764 0.650794 0.732426 0.639456 0.718821 0.639456 0.698413 0.614512 0.643991 0.616780 0.625850 0.609977 0.616780 0.600907
0 0.727891 0.079365 0.700680 0.074830 0.666667 0.077098 0.628118 0.111111 0.614512 0.133787 0.614512 0.142857 0.598639 0.156463 0.578231 0.217687 0.585034 0.244898 0.594104 0.263039 0.594104 0.297052 0.573696 0.344671 0.560091 0.356009 0.560091 0.367347 0.551020 0.374150 0.548753 0.394558 0.541950 0.412698 0.541950 0.428571 0.548753 0.412698 0.569161 0.392290 0.569161 0.383220 0.573696 0.374150 0.585034 0.365079 0.585034 0.353741 0.591837 0.344671 0.600907 0.342404 0.600907 0.337868 0.641723 0.301587 0.653061 0.283447 0.700680 0.265306 0.698413 0.256236 0.727891 0.199546 0.748299 0.140590 0.746032 0.104308 0.739229 0.090703
0 0.267574 0.385488 0.269841 0.390023 0.260771 0.399093 0.244898 0.433107 0.244898 0.439909 0.238095 0.448980 0.238095 0.473923 0.251701 0.510204 0.269841 0.528345 0.283447 0.551020 0.308390 0.566893 0.360544 0.566893 0.396825 0.560091 0.437642 0.541950 0.437642 0.530612 0.433107 0.521542 0.433107 0.528345 0.410431 0.537415 0.371882 0.541950 0.369615 0.537415 0.376417 0.530612 0.380952 0.517007 0.367347 0.487528 0.346939 0.469388 0.346939 0.453515 0.351474 0.446712 0.349206 0.430839 0.353741 0.426304 0.346939 0.410431 0.342404 0.405896 0.312925 0.405896 0.283447 0.383220
0 0.600907 0.494331 0.609977 0.501134 0.623583 0.501134 0.648526 0.510204 0.673469 0.535147 0.678005 0.544218 0.675737 0.551020 0.682540 0.555556 0.684807 0.594104 0.700680 0.609977 0.700680 0.614512 0.718821 0.637188 0.732426 0.637188 0.743764 0.648526 0.766440 0.659864 0.780045 0.662132 0.791383 0.668934 0.802721 0.668934 0.839002 0.687075 0.897959 0.696145 0.911565 0.696145 0.920635 0.689342 0.925170 0.673469 0.922902 0.650794 0.904762 0.630385 0.891156 0.607710 0.868481 0.594104 0.848073 0.573696 0.832200 0.566893 0.823129 0.557823 0.752834 0.528345 0.734694 0.523810 0.689342 0.523810 0.678005 0.517007 0.666667 0.517007 0.628118 0.494331
0 0.514739 0.537415 0.505669 0.541950 0.505669 0.546485 0.487528 0.569161 0.473923 0.605442 0.451247 0.646259 0.451247 0.655329 0.446712 0.657596 0.446712 0.673469 0.435374 0.700680 0.433107 0.727891 0.437642 0.732426 0.437642 0.748299 0.442177 0.755102 0.444444 0.789116 0.453515 0.802721 0.464853 0.832200 0.480726 0.848073 0.501134 0.859410 0.530612 0.845805 0.537415 0.839002 0.544218 0.823129 0.557823 0.809524 0.562358 0.777778 0.566893 0.768707 0.571429 0.725624 0.575964 0.716553 0.569161 0.700680 0.571429 0.680272 0.560091 0.657596 0.555556 0.634921 0.551020 0.625850 0.532880 0.609977 0.532880 0.603175 0.521542 0.587302 0.512472 0.546485
0 0.303855 0.090703 0.285714 0.108844 0.274376 0.140590 0.274376 0.181406 0.285714 0.222222 0.297052 0.244898 0.310658 0.260771 0.312925 0.278912 0.333333 0.299320 0.340136 0.312925 0.403628 0.335601 0.414966 0.344671 0.437642 0.376417 0.462585 0.428571 0.460317 0.392290 0.455782 0.387755 0.455782 0.374150 0.453515 0.378685 0.448980 0.374150 0.448980 0.362812 0.439909 0.351474 0.430839 0.326531 0.430839 0.306122 0.446712 0.287982 0.451247 0.274376 0.448980 0.224490 0.437642 0.208617 0.430839 0.172336 0.401361 0.131519 0.371882 0.102041 0.340136 0.088435
0 0.750567 0.281179 0.732426 0.265306 0.707483 0.263039 0.653061 0.285714 0.643991 0.301587 0.614512 0.331066 0.607710 0.333333 0.607710 0.337868 0.600907 0.344671 0.594104 0.344671 0.587302 0.353741 0.587302 0.365079 0.575964 0.374150 0.571429 0.383220 0.571429 0.392290 0.566893 0.394558 0.560091 0.414966 0.548753 0.430839 0.539683 0.435374 0.551020 0.430839 0.564626 0.430839 0.582766 0.437642 0.580499 0.435374 0.591837 0.426304 0.614512 0.430839 0.619048 0.424036 0.634921 0.421769 0.641723 0.412698 0.664399 0.403628 0.705215 0.376417 0.739229 0.342404 0.746032 0.328798 0.752834 0.301587
0 0.321995 0.333333 0.340136 0.360544 0.340136 0.396825 0.331066 0.403628 0.342404 0.403628 0.349206 0.410431 0.358277 0.430839 0.358277 0.448980 0.374150 0.444444 0.392290 0.444444 0.405896 0.451247 0.414966 0.464853 0.428571 0.471655 0.448980 0.471655 0.462585 0.464853 0.469388 0.467120 0.469388 0.460317 0.460317 0.446712 0.460317 0.430839 0.451247 0.426304 0.439909 0.403628 0.399093 0.362812 0.376417 0.344671 0.358277 0.344671 0.335601 0.333333
0 0.523810 0.510204 0.523810 0.528345 0.548753 0.569161 0.569161 0.587302 0.578231 0.587302 0.625850 0.603175 0.641723 0.603175 0.657596 0.598639 0.675737 0.582766 0.675737 0.544218 0.671202 0.535147 0.648526 0.512472 0.639456 0.507937 0.609977 0.503401 0.589569 0.492063 0.571429 0.492063 0.571429 0.487528 0.555556 0.494331 0.553288 0.503401 0.541950 0.512472
0 0.505669 0.310658 0.496599 0.315193 0.460317 0.356009 0.458050 0.387755 0.462585 0.392290 0.464853 0.428571 0.487528 0.426304 0.503401 0.442177 0.519274 0.435374 0.532880 0.435374 0.539683 0.439909 0.539683 0.412698 0.551020 0.371882 0.548753 0.358277 0.523810 0.317460 0.514739 0.310658
0 0.455782 0.476190 0.442177 0.489796 0.435374 0.503401 0.439909 0.510204 0.439909 0.544218 0.460317 0.555556 0.492063 0.555556 0.494331 0.560091 0.503401 0.541950 0.517007 0.535147 0.514739 0.510204 0.501134 0.498866 0.505669 0.485261 0.498866 0.480726 0.476190 0.478458 0.473923 0.471655
0 0.564626 0.433107 0.551020 0.433107 0.539683 0.437642 0.541950 0.446712 0.535147 0.458050 0.535147 0.464853 0.548753 0.471655 0.548753 0.487528 0.553288 0.492063 0.569161 0.487528 0.569161 0.482993 0.589569 0.467120 0.591837 0.448980 0.582766 0.439909
0 0.462585 0.430839 0.462585 0.446712 0.471655 0.460317 0.476190 0.476190 0.498866 0.478458 0.496599 0.460317 0.503401 0.453515 0.505669 0.444444 0.487528 0.428571
0 0.546485 0.471655 0.539683 0.489796 0.530612 0.496599 0.514739 0.498866 0.512472 0.507937 0.541950 0.510204 0.551020 0.503401 0.553288 0.494331 0.546485 0.487528
0 0.532880 0.437642 0.512472 0.439909 0.498866 0.460317 0.501134 0.480726 0.507937 0.485261 0.507937 0.492063 0.503401 0.496599 0.507937 0.503401 0.514739 0.496599 0.535147 0.492063 0.541950 0.480726 0.541950 0.469388 0.532880 0.464853 0.539683 0.442177