0 0.707483 0.455782 0.716553 0.464853 0.746032 0.478458 0.752834 0.478458 0.775510 0.501134 0.795918 0.528345 0.793651 0.555556 0.777778 0.569161 0.782313 0.578231 0.816327 0.585034 0.839002 0.596372 0.873016 0.603175 0.891156 0.619048 0.904762 0.621315 0.911565 0.628118 0.913832 0.607710 0.907029 0.585034 0.907029 0.566893 0.897959 0.553288 0.897959 0.541950 0.866213 0.505669 0.859410 0.492063 0.807256 0.451247 0.800454 0.451247 0.791383 0.444444 0.739229 0.444444 0.712018 0.460317
0 0.301587 0.693878 0.287982 0.671202 0.251701 0.691610 0.219955 0.689342 0.208617 0.682540 0.188209 0.680272 0.145125 0.712018 0.117914 0.739229 0.092971 0.750567 0.040816 0.786848 0.013605 0.795918 0.022676 0.829932 0.045351 0.827664 0.049887 0.823129 0.081633 0.823129 0.083900 0.804989 0.097506 0.789116 0.120181 0.780045 0.136054 0.777778 0.138322 0.773243 0.154195 0.770975 0.174603 0.757370 0.224490 0.755102 0.251701 0.727891 0.278912 0.714286
0 0.541950 0.696145 0.544218 0.705215 0.553288 0.709751 0.566893 0.743764 0.566893 0.761905 0.573696 0.770975 0.571429 0.793651 0.555556 0.816327 0.548753 0.852608 0.575964 0.922902 0.587302 0.934240 0.591837 0.945578 0.609977 0.959184 0.619048 0.977324 0.634921 0.984127 0.653061 0.997732 0.811791 0.997732 0.791383 0.975057 0.786848 0.975057 0.764172 0.956916 0.734694 0.925170 0.691610 0.848073 0.684807 0.818594 0.684807 0.777778 0.689342 0.770975 0.684807 0.766440 0.682540 0.755102 0.675737 0.748299 0.659864 0.743764 0.632653 0.752834 0.614512 0.750567 0.598639 0.739229 0.578231 0.716553 0.569161 0.698413 0.553288 0.700680
0 0.734694 0.396825 0.732426 0.392290 0.705215 0.383220 0.682540 0.383220 0.684807 0.385488 0.668934 0.396825 0.630385 0.408163 0.605442 0.426304 0.594104 0.426304 0.598639 0.424036 0.630385 0.442177 0.641723 0.442177 0.648526 0.433107 0.657596 0.433107 0.673469 0.421769 0.727891 0.394558
0 0.399093 0.603175 0.392290 0.603175 0.346939 0.639456 0.344671 0.648526 0.331066 0.662132 0.328798 0.668934 0.287982 0.709751 0.251701 0.730159 0.229025 0.755102 0.217687 0.759637 0.174603 0.759637 0.154195 0.773243 0.138322 0.775510 0.136054 0.780045 0.120181 0.782313 0.097506 0.791383 0.086168 0.804989 0.086168 0.820862 0.081633 0.825397 0.049887 0.825397 0.045351 0.829932 0.022676 0.832200 0.020408 0.839002 0.022676 0.834467 0.024943 0.841270 0.020408 0.850340 0.020408 0.863946 0.013605 0.877551 0.000000 0.891156 0.000000 0.997732 0.167800 0.997732 0.170068 0.984127 0.179138 0.970522 0.201814 0.968254 0.204082 0.938776 0.210884 0.925170 0.222222 0.913832 0.213152 0.886621 0.260771 0.843537 0.256236 0.816327 0.269841 0.791383 0.269841 0.784580 0.276644 0.777778 0.276644 0.773243 0.294785 0.757370 0.297052 0.748299 0.321995 0.723356 0.358277 0.671202 0.380952 0.648526 0.399093 0.614512
0 0.000000 0.000000 0.000000 0.160998 0.009070 0.170068 0.013605 0.170068 0.022676 0.179138 0.031746 0.179138 0.040816 0.185941 0.068027 0.192744 0.095238 0.215420 0.115646 0.217687 0.126984 0.224490 0.167800 0.229025 0.174603 0.235828 0.174603 0.240363 0.190476 0.249433 0.215420 0.249433 0.231293 0.238095 0.244898 0.256236 0.256236 0.256236 0.258503 0.251701 0.274376 0.251701 0.294785 0.242630 0.319728 0.242630 0.340136 0.251701 0.351474 0.265306 0.360544 0.269841 0.362812 0.265306 0.371882 0.278912 0.371882 0.229025 0.374150 0.219955 0.383220 0.210884 0.378685 0.206349 0.378685 0.174603 0.374150 0.160998 0.360544 0.149660 0.356009 0.140590 0.351474 0.117914 0.344671 0.104308 0.326531 0.086168 0.297052 0.077098 0.276644 0.081633 0.244898 0.079365 0.231293 0.070295 0.210884 0.063492 0.165533 0.054422 0.142857 0.043084 0.124717 0.027211 0.113379 0.024943 0.097506 0.011338 0.065760 0.000000
0 0.678005 0.702948 0.693878 0.718821 0.705215 0.741497 0.702948 0.766440 0.698413 0.770975 0.693878 0.766440 0.687075 0.777778 0.687075 0.818594 0.693878 0.848073 0.736961 0.925170 0.764172 0.954649 0.786848 0.972789 0.791383 0.972789 0.814059 0.997732 0.997732 0.997732 0.997732 0.854875 0.986395 0.841270 0.977324 0.843537 0.975057 0.848073 0.947846 0.848073 0.904762 0.823129 0.859410 0.820862 0.807256 0.802721 0.791383 0.802721 0.761905 0.789116 0.750567 0.773243 0.739229 0.764172 0.739229 0.750567 0.730159 0.739229 0.709751 0.734694 0.702948 0.727891 0.698413 0.712018 0.689342 0.702948
0 0.215420 0.469388 0.190476 0.460317 0.170068 0.458050 0.154195 0.435374 0.136054 0.433107 0.113379 0.421769 0.088435 0.401361 0.081633 0.408163 0.070295 0.405896 0.036281 0.417234 0.000000 0.419501 0.000000 0.614512 0.015873 0.607710 0.024943 0.607710 0.061224 0.591837 0.054422 0.589569 0.054422 0.578231 0.070295 0.571429 0.086168 0.571429 0.097506 0.551020 0.108844 0.551020 0.117914 0.539683 0.124717 0.517007 0.131519 0.507937 0.136054 0.512472 0.142857 0.512472 0.158730 0.489796 0.181406 0.476190 0.195011 0.471655 0.215420 0.473923
0 0.997732 0.011338 0.975057 0.009070 0.959184 0.018141 0.938776 0.020408 0.873016 0.054422 0.868481 0.063492 0.852608 0.074830 0.843537 0.077098 0.839002 0.081633 0.839002 0.088435 0.829932 0.090703 0.825397 0.113379 0.811791 0.129252 0.807256 0.142857 0.802721 0.145125 0.802721 0.151927 0.798186 0.154195 0.798186 0.160998 0.793651 0.163265 0.793651 0.167800 0.789116 0.170068 0.786848 0.179138 0.770975 0.197279 0.766440 0.208617 0.757370 0.215420 0.752834 0.229025 0.743764 0.238095 0.725624 0.272109 0.693878 0.299320 0.666667 0.310658 0.666667 0.317460 0.650794 0.335601 0.591837 0.371882 0.578231 0.387755 0.562358 0.396825 0.569161 0.412698 0.569161 0.421769 0.555556 0.446712 0.560091 0.446712 0.575964 0.433107 0.591837 0.428571 0.589569 0.426304 0.619048 0.408163 0.664399 0.387755 0.682540 0.385488 0.682540 0.380952 0.705215 0.380952 0.746032 0.396825 0.755102 0.396825 0.757370 0.392290 0.775510 0.392290 0.784580 0.385488 0.798186 0.387755 0.807256 0.383220 0.825397 0.353741 0.834467 0.346939 0.843537 0.346939 0.900227 0.290249 0.918367 0.260771 0.929705 0.253968 0.947846 0.233560 0.954649 0.231293 0.997732 0.174603
0 0.000000 0.163265 0.000000 0.197279 0.013605 0.213152 0.058957 0.229025 0.083900 0.258503 0.154195 0.260771 0.185941 0.269841 0.226757 0.287982 0.242630 0.287982 0.260771 0.301587 0.265306 0.301587 0.285714 0.319728 0.299320 0.324263 0.306122 0.333333 0.312925 0.333333 0.326531 0.342404 0.337868 0.360544 0.362812 0.383220 0.376417 0.408163 0.390023 0.405896 0.392290 0.401361 0.405896 0.401361 0.399093 0.399093 0.405896 0.396825 0.401361 0.394558 0.401361 0.385488 0.383220 0.371882 0.383220 0.365079 0.376417 0.356009 0.376417 0.346939 0.351474 0.321995 0.351474 0.303855 0.360544 0.285714 0.360544 0.272109 0.351474 0.267574 0.333333 0.249433 0.319728 0.244898 0.294785 0.244898 0.274376 0.253968 0.258503 0.253968 0.256236 0.258503 0.244898 0.258503 0.231293 0.240363 0.215420 0.251701 0.190476 0.251701 0.174603 0.242630 0.167800 0.231293 0.126984 0.226757 0.115646 0.219955 0.095238 0.217687 0.068027 0.195011 0.040816 0.188209 0.031746 0.181406 0.022676 0.181406
0 0.596372 0.573696 0.605442 0.596372 0.605442 0.609977 0.623583 0.632653 0.628118 0.646259 0.650794 0.664399 0.675737 0.700680 0.689342 0.700680 0.700680 0.712018 0.700680 0.718821 0.709751 0.732426 0.730159 0.736961 0.741497 0.750567 0.741497 0.764172 0.768707 0.791383 0.791383 0.800454 0.807256 0.800454 0.848073 0.816327 0.873016 0.820862 0.904762 0.820862 0.947846 0.845805 0.975057 0.845805 0.977324 0.841270 0.997732 0.839002 0.997732 0.687075 0.988662 0.682540 0.981859 0.668934 0.970522 0.668934 0.936508 0.641723 0.920635 0.634921 0.913832 0.625850 0.911565 0.630385 0.904762 0.623583 0.891156 0.621315 0.873016 0.605442 0.839002 0.598639 0.816327 0.587302 0.795918 0.585034 0.773243 0.573696 0.718821 0.591837 0.687075 0.591837 0.680272 0.596372 0.650794 0.596372 0.639456 0.591837 0.632653 0.578231 0.612245 0.578231 0.607710 0.573696
0 0.312925 0.528345 0.294785 0.537415 0.256236 0.541950 0.251701 0.546485 0.151927 0.541950 0.151927 0.548753 0.120181 0.548753 0.104308 0.564626 0.090703 0.569161 0.081633 0.578231 0.068027 0.580499 0.061224 0.594104 0.024943 0.609977 0.015873 0.609977 0.000000 0.616780 0.000000 0.798186 0.009070 0.798186 0.022676 0.789116 0.040816 0.784580 0.092971 0.748299 0.117914 0.736961 0.145125 0.709751 0.165533 0.693878 0.170068 0.693878 0.183673 0.680272 0.192744 0.678005 0.195011 0.673469 0.188209 0.653061 0.188209 0.634921 0.206349 0.614512 0.206349 0.609977 0.224490 0.585034 0.249433 0.564626 0.274376 0.555556 0.281179 0.548753 0.301587 0.539683
0 0.820862 0.072562 0.798186 0.058957 0.736961 0.058957 0.705215 0.079365 0.682540 0.102041 0.650794 0.117914 0.585034 0.183673 0.575964 0.188209 0.564626 0.199546 0.564626 0.204082 0.539683 0.226757 0.535147 0.235828 0.514739 0.253968 0.514739 0.276644 0.507937 0.283447 0.505669 0.306122 0.501134 0.306122 0.496599 0.315193 0.496599 0.331066 0.505669 0.340136 0.501134 0.371882 0.523810 0.374150 0.535147 0.367347 0.553288 0.365079 0.557823 0.378685 0.573696 0.374150 0.580499 0.365079 0.612245 0.342404 0.634921 0.335601 0.643991 0.321995 0.655329 0.319728 0.666667 0.308390 0.682540 0.303855 0.684807 0.299320 0.693878 0.297052 0.714286 0.281179 0.750567 0.229025 0.755102 0.215420 0.764172 0.208617 0.768707 0.197279 0.784580 0.179138 0.809524 0.129252 0.823129 0.113379 0.825397 0.106576 0.823129 0.108844 0.820862 0.102041 0.825397 0.079365
0 0.471655 0.594104 0.467120 0.607710 0.435374 0.637188 0.424036 0.643991 0.405896 0.641723 0.401361 0.646259 0.399093 0.659864 0.380952 0.682540 0.378685 0.698413 0.374150 0.702948 0.369615 0.721088 0.346939 0.755102 0.346939 0.780045 0.342404 0.800454 0.342404 0.884354 0.360544 0.945578 0.371882 0.963719 0.390023 0.981859 0.410431 0.988662 0.435374 0.984127 0.469388 0.954649 0.494331 0.907029 0.510204 0.854875 0.510204 0.829932 0.517007 0.811791 0.514739 0.761905 0.517007 0.748299 0.523810 0.736961 0.519274 0.727891 0.512472 0.723356 0.521542 0.714286 0.521542 0.705215 0.507937 0.684807 0.519274 0.680272 0.498866 0.643991 0.471655 0.609977
0 0.519274 0.496599 0.510204 0.512472 0.492063 0.523810 0.487528 0.532880 0.485261 0.530612 0.485261 0.560091 0.478458 0.587302 0.473923 0.591837 0.473923 0.609977 0.501134 0.646259 0.505669 0.646259 0.517007 0.657596 0.528345 0.657596 0.555556 0.675737 0.578231 0.680272 0.580499 0.675737 0.598639 0.675737 0.619048 0.668934 0.628118 0.655329 0.628118 0.648526 0.621315 0.632653 0.603175 0.609977 0.598639 0.580499 0.578231 0.528345 0.546485 0.505669
0 0.034014 0.297052 0.029478 0.310658 0.029478 0.333333 0.052154 0.378685 0.079365 0.396825 0.088435 0.399093 0.113379 0.419501 0.136054 0.430839 0.154195 0.433107 0.170068 0.455782 0.206349 0.462585 0.215420 0.467120 0.217687 0.473923 0.231293 0.469388 0.238095 0.471655 0.253968 0.458050 0.285714 0.446712 0.367347 0.446712 0.371882 0.451247 0.387755 0.453515 0.385488 0.451247 0.390023 0.448980 0.378685 0.417234 0.378685 0.408163 0.371882 0.405896 0.367347 0.392290 0.335601 0.360544 0.331066 0.349206 0.312925 0.335601 0.306122 0.335601 0.299320 0.326531 0.285714 0.321995 0.265306 0.303855 0.260771 0.303855 0.242630 0.290249 0.226757 0.290249 0.185941 0.272109 0.154195 0.263039 0.081633 0.258503 0.054422 0.272109
0 0.240363 0.476190 0.240363 0.489796 0.263039 0.512472 0.285714 0.521542 0.301587 0.521542 0.312925 0.526077 0.351474 0.526077 0.362812 0.521542 0.378685 0.507937 0.390023 0.503401 0.399093 0.505669 0.419501 0.492063 0.419501 0.487528 0.396825 0.476190 0.390023 0.451247 0.387755 0.455782 0.371882 0.453515 0.367347 0.448980 0.285714 0.448980 0.253968 0.460317 0.244898 0.467120
0 0.530612 0.149660 0.528345 0.181406 0.498866 0.238095 0.489796 0.265306 0.489796 0.276644 0.485261 0.276644 0.485261 0.287982 0.492063 0.292517 0.507937 0.242630 0.523810 0.219955 0.537415 0.213152 0.544218 0.195011 0.532880 0.190476 0.532880 0.183673 0.541950 0.172336 0.544218 0.154195 0.535147 0.154195
0 0.553288 0.367347 0.535147 0.369615 0.523810 0.376417 0.503401 0.374150 0.492063 0.385488 0.471655 0.394558 0.448980 0.417234 0.446712 0.424036 0.442177 0.424036 0.442177 0.430839 0.455782 0.439909 0.460317 0.455782 0.464853 0.458050 0.469388 0.469388 0.473923 0.469388 0.487528 0.487528 0.510204 0.496599 0.510204 0.501134 0.528345 0.492063 0.544218 0.464853 0.548753 0.446712 0.566893 0.421769 0.566893 0.412698 0.560091 0.401361 0.560091 0.380952 0.555556 0.378685
0 0.414966 0.195011 0.399093 0.201814 0.376417 0.219955 0.371882 0.281179 0.374150 0.333333 0.378685 0.337868 0.376417 0.344671 0.385488 0.371882 0.403628 0.385488 0.403628 0.394558 0.408163 0.396825 0.401361 0.399093 0.417234 0.401361 0.428571 0.410431 0.437642 0.424036 0.444444 0.424036 0.446712 0.417234 0.471655 0.392290 0.492063 0.383220 0.501134 0.374150 0.498866 0.360544 0.503401 0.351474 0.503401 0.340136 0.494331 0.331066 0.494331 0.315193 0.501134 0.301587 0.496599 0.294785 0.482993 0.287982 0.482993 0.276644 0.469388 0.256236 0.464853 0.235828 0.451247 0.222222 0.448980 0.215420 0.430839 0.199546
0 0.535147 0.664399 0.544218 0.693878 0.553288 0.698413 0.564626 0.698413 0.580499 0.689342 0.580499 0.682540 0.566893 0.682540
0 0.482993 0.523810 0.471655 0.523810 0.460317 0.532880 0.410431 0.532880 0.414966 0.537415 0.399093 0.560091 0.396825 0.569161 0.396825 0.600907 0.401361 0.603175 0.401361 0.621315 0.408163 0.634921 0.405896 0.639456 0.428571 0.639456 0.464853 0.607710 0.467120 0.596372 0.476190 0.587302 0.480726 0.573696 0.482993 0.530612 0.487528 0.530612
0 0.526077 0.494331 0.528345 0.498866 0.546485 0.503401 0.562358 0.512472 0.580499 0.528345 0.596372 0.571429 0.607710 0.571429 0.612245 0.575964 0.632653 0.575964 0.639456 0.589569 0.650794 0.594104 0.718821 0.589569 0.761905 0.573696 0.775510 0.573696 0.775510 0.569161 0.791383 0.555556 0.793651 0.528345 0.752834 0.480726 0.725624 0.471655 0.714286 0.462585 0.702948 0.460317 0.693878 0.451247 0.673469 0.451247 0.653061 0.444444 0.630385 0.444444 0.598639 0.426304 0.591837 0.426304 0.591837 0.430839 0.575964 0.435374 0.560091 0.448980 0.555556 0.448980 0.553288 0.444444 0.546485 0.455782 0.546485 0.464853 0.530612 0.492063
0 0.380952 0.408163 0.380952 0.417234 0.394558 0.453515 0.399093 0.476190 0.414966 0.485261 0.421769 0.476190 0.435374 0.471655 0.467120 0.473923 0.467120 0.464853 0.458050 0.455782 0.453515 0.439909 0.439909 0.430839 0.439909 0.426304 0.430839 0.419501 0.426304 0.410431 0.410431 0.401361
0 0.401361 0.510204 0.396825 0.505669 0.390023 0.505669 0.351474 0.528345 0.315193 0.526077 0.315193 0.530612 0.301587 0.541950 0.235828 0.575964 0.190476 0.634921 0.190476 0.653061 0.197279 0.673469 0.195011 0.678005 0.208617 0.680272 0.219955 0.687075 0.251701 0.689342 0.267574 0.682540 0.285714 0.668934 0.308390 0.664399 0.317460 0.655329 0.349206 0.637188 0.376417 0.612245 0.380952 0.612245 0.394558 0.600907 0.396825 0.560091 0.412698 0.537415 0.408163 0.532880 0.410431 0.530612
0 0.469388 0.471655 0.469388 0.512472 0.464853 0.514739 0.462585 0.523810 0.482993 0.521542 0.487528 0.526077 0.503401 0.517007 0.512472 0.503401 0.503401 0.494331 0.487528 0.489796 0.478458 0.476190
0 0.158730 0.539683 0.251701 0.544218 0.256236 0.539683 0.294785 0.535147 0.310658 0.528345 0.312925 0.523810 0.297052 0.523810 0.294785 0.528345 0.251701 0.528345 0.242630 0.521542 0.229025 0.519274 0.185941 0.519274
0 0.421769 0.478458 0.417234 0.482993 0.421769 0.492063 0.401361 0.505669 0.410431 0.528345 0.460317 0.530612 0.467120 0.526077 0.460317 0.523810 0.462585 0.514739 0.467120 0.512472 0.467120 0.476190 0.435374 0.473923