0 0.464853 0.519274 0.467120 0.544218 0.482993 0.546485 0.494331 0.539683 0.498866 0.528345 0.489796 0.519274 0.476190 0.523810
0 0.598639 0.487528 0.585034 0.503401 0.594104 0.510204 0.600907 0.523810 0.609977 0.557823 0.637188 0.555556 0.655329 0.532880 0.655329 0.517007 0.643991 0.501134 0.625850 0.487528
0 0.478458 0.308390 0.464853 0.312925 0.451247 0.326531 0.451247 0.335601 0.444444 0.349206 0.444444 0.367347 0.455782 0.392290 0.469388 0.401361 0.480726 0.403628 0.489796 0.412698 0.494331 0.430839 0.498866 0.430839 0.505669 0.421769 0.505669 0.399093 0.517007 0.387755 0.526077 0.385488 0.530612 0.353741 0.514739 0.328798 0.498866 0.312925
0 0.510204 0.494331 0.505669 0.517007 0.496599 0.537415 0.496599 0.555556 0.492063 0.560091 0.462585 0.564626 0.451247 0.578231 0.446712 0.596372 0.446712 0.637188 0.460317 0.659864 0.478458 0.673469 0.503401 0.671202 0.537415 0.639456 0.537415 0.594104 0.528345 0.580499 0.514739 0.569161 0.507937 0.555556 0.505669 0.514739
0 0.698413 0.412698 0.682540 0.394558 0.666667 0.390023 0.628118 0.394558 0.623583 0.399093 0.603175 0.403628 0.591837 0.410431 0.578231 0.451247 0.562358 0.464853 0.546485 0.469388 0.544218 0.478458 0.571429 0.464853 0.587302 0.462585 0.600907 0.464853 0.623583 0.478458 0.657596 0.473923 0.678005 0.462585 0.691610 0.448980 0.700680 0.426304
0 0.326531 0.460317 0.326531 0.473923 0.333333 0.485261 0.346939 0.496599 0.396825 0.512472 0.430839 0.505669 0.448980 0.485261 0.485261 0.485261 0.482993 0.478458 0.476190 0.480726 0.453515 0.473923 0.428571 0.446712 0.419501 0.444444 0.412698 0.437642 0.380952 0.435374 0.349206 0.439909
0 0.519274 0.494331 0.517007 0.503401 0.526077 0.510204 0.521542 0.519274 0.521542 0.530612 0.553288 0.569161 0.571429 0.575964 0.594104 0.575964 0.605442 0.564626 0.605442 0.541950 0.587302 0.505669 0.575964 0.505669 0.551020 0.496599 0.532880 0.498866
0 0.532880 0.403628 0.519274 0.403628 0.507937 0.414966 0.503401 0.428571 0.496599 0.433107 0.498866 0.467120 0.517007 0.482993 0.517007 0.487528 0.521542 0.478458 0.544218 0.469388 0.544218 0.462585 0.555556 0.446712 0.551020 0.426304
0 0.514739 0.482993 0.501134 0.471655 0.494331 0.482993 0.487528 0.482993 0.467120 0.498866 0.464853 0.517007 0.476190 0.521542 0.501134 0.512472 0.505669 0.505669 0.505669 0.494331 0.514739 0.489796
0 0.442177 0.448980 0.448980 0.460317 0.458050 0.464853 0.469388 0.464853 0.487528 0.480726 0.494331 0.480726 0.492063 0.473923 0.478458 0.467120 0.471655 0.446712 0.464853 0.439909 0.451247 0.439909
0 0.544218 0.471655 0.521542 0.480726 0.519274 0.492063 0.535147 0.496599 0.541950 0.489796 0.539683 0.480726