0 0.507937 0.433107 0.539683 0.442177 0.553288 0.458050 0.555556 0.467120 0.555556 0.460317 0.551020 0.455782 0.553288 0.439909 0.544218 0.439909 0.526077 0.430839
0 0.476190 0.283447 0.460317 0.283447 0.446712 0.290249 0.435374 0.301587 0.426304 0.324263 0.426304 0.340136 0.435374 0.356009 0.433107 0.360544 0.437642 0.369615 0.446712 0.376417 0.453515 0.374150 0.462585 0.383220 0.460317 0.421769 0.471655 0.419501 0.462585 0.414966 0.467120 0.408163 0.464853 0.387755 0.489796 0.367347 0.503401 0.337868 0.503401 0.324263 0.496599 0.299320 0.489796 0.290249
0 0.292517 0.464853 0.301587 0.478458 0.317460 0.485261 0.385488 0.487528 0.401361 0.471655 0.396825 0.467120 0.399093 0.455782 0.417234 0.448980 0.433107 0.451247 0.455782 0.446712 0.414966 0.442177 0.405896 0.435374 0.403628 0.439909 0.374150 0.410431 0.351474 0.410431 0.333333 0.417234 0.319728 0.433107 0.308390 0.437642 0.297052 0.448980
0 0.435374 0.453515 0.428571 0.462585 0.419501 0.464853 0.412698 0.471655 0.403628 0.471655 0.392290 0.485261 0.380952 0.489796 0.380952 0.494331 0.401361 0.514739 0.412698 0.514739 0.426304 0.503401 0.426304 0.496599 0.419501 0.489796 0.417234 0.480726 0.424036 0.480726 0.424036 0.473923 0.433107 0.464853
0 0.621315 0.346939 0.607710 0.335601 0.571429 0.335601 0.551020 0.344671 0.514739 0.383220 0.514739 0.412698 0.498866 0.426304 0.487528 0.428571 0.492063 0.433107 0.503401 0.433107 0.507937 0.426304 0.526077 0.424036 0.526077 0.428571 0.537415 0.435374 0.555556 0.437642 0.587302 0.426304 0.619048 0.394558 0.625850 0.371882 0.625850 0.356009
0 0.458050 0.473923 0.448980 0.492063 0.451247 0.498866 0.446712 0.517007 0.430839 0.523810 0.414966 0.539683 0.410431 0.551020 0.410431 0.600907 0.417234 0.619048 0.430839 0.634921 0.448980 0.634921 0.471655 0.609977 0.480726 0.594104 0.478458 0.580499 0.482993 0.573696 0.482993 0.560091 0.478458 0.544218 0.482993 0.537415 0.471655 0.530612 0.471655 0.523810 0.467120 0.526077 0.460317 0.517007
0 0.399093 0.358277 0.392290 0.365079 0.385488 0.380952 0.392290 0.414966 0.403628 0.430839 0.414966 0.439909 0.426304 0.439909 0.442177 0.433107 0.455782 0.444444 0.455782 0.430839 0.451247 0.428571 0.451247 0.421769 0.455782 0.419501 0.458050 0.392290 0.451247 0.380952 0.442177 0.376417 0.426304 0.358277
0 0.464853 0.448980 0.469388 0.464853 0.489796 0.489796 0.523810 0.489796 0.553288 0.471655 0.551020 0.458050 0.535147 0.442177 0.505669 0.435374 0.485261 0.435374
0 0.485261 0.426304 0.473923 0.421769 0.460317 0.424036 0.455782 0.433107 0.458050 0.451247 0.480726 0.435374 0.489796 0.433107
0 0.435374 0.460317 0.424036 0.482993 0.435374 0.494331 0.446712 0.494331 0.458050 0.462585 0.444444 0.464853
0 0.435374 0.451247 0.435374 0.458050 0.444444 0.462585 0.458050 0.455782 0.455782 0.451247
0 0.462585 0.451247 0.451247 0.462585 0.467120 0.462585