0 0.435374 0.566893 0.403628 0.569161 0.378685 0.541950 0.360544 0.555556 0.326531 0.560091 0.321995 0.571429 0.321995 0.587302 0.331066 0.600907 0.367347 0.614512 0.392290 0.600907 0.392290 0.589569 0.401361 0.578231 0.414966 0.573696 0.433107 0.575964
0 0.414966 0.353741 0.403628 0.360544 0.387755 0.378685 0.385488 0.403628 0.380952 0.414966 0.387755 0.453515 0.392290 0.460317 0.412698 0.467120 0.419501 0.462585 0.439909 0.460317 0.448980 0.469388 0.451247 0.489796 0.460317 0.489796 0.467120 0.494331 0.451247 0.455782 0.458050 0.435374 0.448980 0.417234 0.424036 0.405896 0.424036 0.394558 0.433107 0.385488 0.433107 0.378685 0.419501 0.367347
0 0.464853 0.637188 0.442177 0.659864 0.414966 0.668934 0.403628 0.682540 0.394558 0.705215 0.394558 0.718821 0.403628 0.746032 0.410431 0.757370 0.426304 0.768707 0.451247 0.770975 0.469388 0.761905 0.492063 0.736961 0.492063 0.687075 0.510204 0.671202 0.501134 0.673469 0.485261 0.662132 0.473923 0.662132 0.464853 0.650794
0 0.519274 0.562358 0.521542 0.575964 0.562358 0.582766 0.578231 0.596372 0.578231 0.619048 0.585034 0.630385 0.587302 0.643991 0.594104 0.653061 0.619048 0.664399 0.625850 0.664399 0.655329 0.680272 0.714286 0.680272 0.730159 0.668934 0.730159 0.634921 0.723356 0.616780 0.702948 0.594104 0.680272 0.580499 0.664399 0.578231 0.641723 0.569161 0.598639 0.578231 0.587302 0.573696 0.569161 0.573696 0.562358 0.569161 0.546485 0.571429
0 0.405896 0.596372 0.342404 0.630385 0.328798 0.621315 0.299320 0.623583 0.265306 0.641723 0.238095 0.666667 0.235828 0.675737 0.219955 0.687075 0.201814 0.725624 0.201814 0.741497 0.217687 0.759637 0.235828 0.766440 0.242630 0.761905 0.294785 0.752834 0.328798 0.734694 0.362812 0.689342 0.362812 0.639456 0.380952 0.621315 0.392290 0.619048 0.399093 0.600907
0 0.469388 0.242630 0.446712 0.260771 0.435374 0.281179 0.433107 0.303855 0.439909 0.328798 0.435374 0.342404 0.419501 0.353741 0.421769 0.367347 0.435374 0.378685 0.435374 0.385488 0.426304 0.394558 0.426304 0.405896 0.448980 0.414966 0.460317 0.439909 0.467120 0.446712 0.464853 0.451247 0.469388 0.471655 0.469388 0.494331 0.478458 0.517007 0.482993 0.519274 0.482993 0.417234 0.510204 0.403628 0.517007 0.396825 0.519274 0.378685 0.530612 0.365079 0.537415 0.349206 0.537415 0.312925 0.530612 0.301587 0.530612 0.287982 0.519274 0.265306 0.503401 0.249433 0.489796 0.242630
0 0.487528 0.596372 0.496599 0.609977 0.498866 0.628118 0.512472 0.655329 0.512472 0.671202 0.494331 0.687075 0.496599 0.746032 0.521542 0.789116 0.553288 0.825397 0.573696 0.836735 0.596372 0.834467 0.609977 0.823129 0.619048 0.804989 0.621315 0.757370 0.607710 0.709751 0.578231 0.668934 0.566893 0.662132 0.546485 0.657596 0.526077 0.643991 0.517007 0.628118 0.517007 0.612245 0.510204 0.603175
0 0.204082 0.476190 0.201814 0.503401 0.208617 0.512472 0.224490 0.519274 0.240363 0.535147 0.260771 0.544218 0.272109 0.544218 0.285714 0.553288 0.342404 0.557823 0.360544 0.553288 0.376417 0.541950 0.376417 0.535147 0.396825 0.535147 0.399093 0.539683 0.412698 0.539683 0.433107 0.551020 0.439909 0.551020 0.428571 0.535147 0.428571 0.528345 0.421769 0.532880 0.401361 0.526077 0.383220 0.507937 0.383220 0.498866 0.367347 0.482993 0.321995 0.462585 0.303855 0.464853 0.287982 0.455782 0.263039 0.453515 0.231293 0.458050 0.213152 0.467120
0 0.634921 0.446712 0.623583 0.439909 0.571429 0.442177 0.560091 0.451247 0.548753 0.467120 0.537415 0.471655 0.528345 0.480726 0.512472 0.482993 0.503401 0.503401 0.505669 0.526077 0.494331 0.539683 0.503401 0.546485 0.505669 0.557823 0.505669 0.551020 0.517007 0.539683 0.528345 0.546485 0.553288 0.548753 0.564626 0.539683 0.582766 0.532880 0.594104 0.521542 0.616780 0.507937 0.637188 0.471655
0 0.476190 0.578231 0.455782 0.587302 0.444444 0.587302 0.433107 0.578231 0.419501 0.582766 0.403628 0.594104 0.408163 0.596372 0.401361 0.600907 0.399093 0.612245 0.385488 0.630385 0.392290 0.655329 0.399093 0.662132 0.419501 0.662132 0.444444 0.653061 0.464853 0.634921 0.467120 0.637188 0.476190 0.619048 0.476190 0.603175 0.482993 0.596372 0.476190 0.589569
0 0.503401 0.555556 0.498866 0.562358 0.482993 0.569161 0.478458 0.573696 0.478458 0.580499 0.485261 0.594104 0.507937 0.600907 0.521542 0.587302 0.521542 0.578231 0.517007 0.562358 0.510204 0.555556 0.505669 0.560091
0 0.519274 0.591837 0.510204 0.600907 0.519274 0.612245 0.521542 0.621315 0.523810 0.609977 0.519274 0.603175
0 0.448980 0.489796 0.435374 0.498866 0.428571 0.526077 0.442177 0.553288 0.453515 0.553288 0.462585 0.557823 0.471655 0.546485 0.492063 0.539683 0.492063 0.535147 0.476190 0.517007 0.469388 0.496599
0 0.503401 0.551020 0.498866 0.544218 0.489796 0.541950 0.471655 0.548753 0.462585 0.560091 0.453515 0.555556 0.442177 0.555556 0.435374 0.578231 0.444444 0.585034 0.455782 0.585034 0.473923 0.578231 0.482993 0.566893 0.498866 0.560091