0 0.421769 0.521542 0.414966 0.521542 0.394558 0.510204 0.387755 0.510204 0.383220 0.517007 0.353741 0.519274 0.326531 0.492063 0.312925 0.485261 0.242630 0.485261 0.224490 0.494331 0.195011 0.498866 0.172336 0.510204 0.131519 0.546485 0.131519 0.555556 0.122449 0.569161 0.124717 0.605442 0.142857 0.625850 0.179138 0.641723 0.195011 0.641723 0.204082 0.646259 0.222222 0.646259 0.267574 0.634921 0.301587 0.632653 0.319728 0.621315 0.337868 0.598639 0.353741 0.557823 0.367347 0.544218 0.387755 0.530612
0 0.492063 0.163265 0.464853 0.163265 0.444444 0.174603 0.435374 0.183673 0.414966 0.247166 0.414966 0.263039 0.424036 0.276644 0.424036 0.292517 0.430839 0.306122 0.430839 0.315193 0.442177 0.328798 0.462585 0.340136 0.469388 0.319728 0.464853 0.312925 0.453515 0.312925 0.448980 0.308390 0.451247 0.278912 0.458050 0.274376 0.460317 0.267574 0.464853 0.267574 0.473923 0.251701 0.480726 0.251701 0.489796 0.242630 0.498866 0.242630 0.505669 0.233560 0.507937 0.217687 0.512472 0.213152 0.546485 0.206349 0.539683 0.206349 0.519274 0.181406
0 0.861678 0.594104 0.863946 0.569161 0.854875 0.546485 0.818594 0.514739 0.811791 0.514739 0.789116 0.526077 0.766440 0.526077 0.759637 0.530612 0.725624 0.530612 0.718821 0.526077 0.641723 0.528345 0.621315 0.523810 0.646259 0.544218 0.655329 0.566893 0.678005 0.596372 0.678005 0.605442 0.682540 0.612245 0.680272 0.619048 0.689342 0.616780 0.705215 0.625850 0.723356 0.625850 0.746032 0.634921 0.789116 0.634921 0.823129 0.628118 0.841270 0.619048
0 0.832200 0.219955 0.802721 0.195011 0.784580 0.188209 0.766440 0.188209 0.736961 0.197279 0.702948 0.217687 0.696145 0.229025 0.682540 0.242630 0.675737 0.244898 0.657596 0.265306 0.646259 0.292517 0.634921 0.308390 0.632653 0.340136 0.646259 0.365079 0.643991 0.380952 0.632653 0.390023 0.630385 0.399093 0.616780 0.412698 0.596372 0.419501 0.582766 0.435374 0.569161 0.437642 0.585034 0.442177 0.589569 0.448980 0.594104 0.444444 0.609977 0.442177 0.621315 0.430839 0.637188 0.426304 0.655329 0.405896 0.675737 0.399093 0.705215 0.403628 0.718821 0.401361 0.770975 0.374150 0.811791 0.328798 0.816327 0.312925 0.839002 0.272109 0.839002 0.242630
0 0.569161 0.634921 0.598639 0.684807 0.603175 0.709751 0.600907 0.727891 0.628118 0.780045 0.698413 0.845805 0.734694 0.859410 0.746032 0.870748 0.775510 0.886621 0.789116 0.888889 0.825397 0.888889 0.839002 0.884354 0.875283 0.857143 0.877551 0.836735 0.863946 0.800454 0.839002 0.761905 0.807256 0.732426 0.791383 0.712018 0.759637 0.693878 0.743764 0.689342 0.736961 0.678005 0.718821 0.664399 0.687075 0.659864 0.673469 0.650794 0.650794 0.650794 0.639456 0.662132 0.623583 0.662132 0.614512 0.655329 0.589569 0.653061 0.575964 0.637188
0 0.122449 0.283447 0.124717 0.310658 0.138322 0.337868 0.165533 0.365079 0.199546 0.383220 0.219955 0.399093 0.247166 0.405896 0.267574 0.405896 0.283447 0.417234 0.306122 0.414966 0.321995 0.408163 0.337868 0.417234 0.346939 0.417234 0.374150 0.396825 0.394558 0.399093 0.414966 0.412698 0.410431 0.414966 0.437642 0.417234 0.453515 0.433107 0.473923 0.442177 0.482993 0.453515 0.492063 0.458050 0.492063 0.453515 0.451247 0.412698 0.419501 0.387755 0.396825 0.362812 0.387755 0.342404 0.387755 0.308390 0.376417 0.287982 0.365079 0.276644 0.349206 0.272109 0.308390 0.240363 0.285714 0.238095 0.267574 0.231293 0.197279 0.231293 0.183673 0.240363 0.174603 0.238095 0.147392 0.253968
0 0.482993 0.517007 0.417234 0.582766 0.387755 0.598639 0.374150 0.591837 0.356009 0.591837 0.312925 0.634921 0.303855 0.639456 0.301587 0.646259 0.283447 0.664399 0.276644 0.680272 0.249433 0.721088 0.249433 0.732426 0.238095 0.755102 0.233560 0.775510 0.233560 0.789116 0.240363 0.802721 0.258503 0.811791 0.274376 0.811791 0.326531 0.793651 0.369615 0.761905 0.376417 0.750567 0.401361 0.727891 0.412698 0.705215 0.426304 0.691610 0.439909 0.648526 0.448980 0.637188 0.442177 0.628118 0.446712 0.596372 0.478458 0.555556 0.476190 0.548753 0.480726 0.539683 0.473923 0.530612 0.482993 0.521542
0 0.541950 0.208617 0.512472 0.215420 0.507937 0.233560 0.501134 0.242630 0.489796 0.244898 0.480726 0.253968 0.473923 0.253968 0.467120 0.267574 0.460317 0.269841 0.460317 0.274376 0.451247 0.283447 0.451247 0.308390 0.464853 0.310658 0.471655 0.319728 0.464853 0.342404 0.476190 0.369615 0.473923 0.387755 0.494331 0.410431 0.503401 0.428571 0.496599 0.433107 0.496599 0.453515 0.512472 0.444444 0.532880 0.444444 0.539683 0.426304 0.560091 0.408163 0.564626 0.396825 0.564626 0.383220 0.578231 0.369615 0.575964 0.346939 0.585034 0.328798 0.585034 0.287982 0.580499 0.281179 0.582766 0.263039 0.569161 0.231293 0.562358 0.222222
0 0.541950 0.505669 0.532880 0.523810 0.532880 0.541950 0.523810 0.560091 0.526077 0.557823 0.532880 0.564626 0.541950 0.589569 0.555556 0.603175 0.569161 0.632653 0.575964 0.634921 0.589569 0.650794 0.614512 0.653061 0.637188 0.659864 0.650794 0.648526 0.673469 0.648526 0.678005 0.653061 0.684807 0.632653 0.680272 0.625850 0.682540 0.621315 0.678005 0.619048 0.680272 0.612245 0.675737 0.605442 0.675737 0.596372 0.653061 0.566893 0.643991 0.544218 0.630385 0.530612 0.609977 0.521542 0.605442 0.514739 0.594104 0.514739 0.591837 0.510204 0.578231 0.505669 0.573696 0.510204 0.566893 0.510204 0.562358 0.505669
0 0.616780 0.374150 0.603175 0.374150 0.578231 0.390023 0.578231 0.419501 0.571429 0.435374 0.582766 0.433107 0.589569 0.421769 0.619048 0.408163 0.609977 0.399093 0.614512 0.394558 0.623583 0.394558 0.623583 0.385488
0 0.360544 0.428571 0.351474 0.451247 0.362812 0.478458 0.385488 0.505669 0.405896 0.512472 0.414966 0.519274 0.437642 0.523810 0.451247 0.517007 0.460317 0.521542 0.473923 0.512472 0.480726 0.512472 0.485261 0.505669 0.494331 0.501134 0.494331 0.482993 0.482993 0.473923 0.492063 0.460317 0.482993 0.455782 0.473923 0.444444 0.453515 0.435374 0.437642 0.419501 0.392290 0.412698 0.376417 0.417234
0 0.526077 0.444444 0.528345 0.453515 0.537415 0.462585 0.537415 0.478458 0.544218 0.485261 0.541950 0.503401 0.562358 0.503401 0.566893 0.507937 0.573696 0.507937 0.587302 0.496599 0.589569 0.487528 0.596372 0.480726 0.598639 0.462585 0.585034 0.448980 0.585034 0.444444 0.564626 0.437642 0.553288 0.437642 0.544218 0.442177 0.541950 0.439909 0.532880 0.446712
0 0.530612 0.523810 0.519274 0.523810 0.510204 0.512472 0.478458 0.514739 0.485261 0.517007 0.485261 0.521542 0.476190 0.530612 0.482993 0.539683 0.478458 0.553288 0.489796 0.569161 0.507937 0.569161 0.526077 0.553288 0.530612 0.541950
0 0.494331 0.455782 0.485261 0.473923 0.496599 0.485261 0.501134 0.480726 0.507937 0.480726 0.519274 0.487528 0.532880 0.485261 0.535147 0.462585 0.523810 0.446712 0.512472 0.446712
0 0.541950 0.485261 0.537415 0.480726 0.530612 0.489796 0.519274 0.489796 0.507937 0.482993 0.501134 0.482993 0.496599 0.487528 0.496599 0.501134 0.482993 0.512472 0.510204 0.510204 0.519274 0.521542 0.532880 0.521542 0.541950 0.498866