0 0.424036 0.337868 0.403628 0.369615 0.403628 0.390023 0.412698 0.401361 0.430839 0.412698 0.442177 0.408163 0.467120 0.408163 0.485261 0.378685 0.473923 0.356009 0.462585 0.342404 0.448980 0.335601
0 0.451247 0.535147 0.446712 0.537415 0.446712 0.551020 0.442177 0.560091 0.421769 0.582766 0.412698 0.600907 0.412698 0.609977 0.419501 0.621315 0.433107 0.632653 0.464853 0.630385 0.478458 0.619048 0.485261 0.598639 0.485261 0.585034 0.480726 0.573696 0.455782 0.553288 0.458050 0.539683
0 0.521542 0.539683 0.523810 0.555556 0.517007 0.569161 0.517007 0.578231 0.526077 0.591837 0.544218 0.607710 0.557823 0.605442 0.566893 0.609977 0.591837 0.609977 0.612245 0.594104 0.612245 0.560091 0.553288 0.553288
0 0.251701 0.478458 0.253968 0.505669 0.258503 0.514739 0.272109 0.528345 0.303855 0.544218 0.337868 0.544218 0.351474 0.537415 0.362812 0.526077 0.369615 0.501134 0.387755 0.489796 0.433107 0.489796 0.433107 0.485261 0.419501 0.482993 0.362812 0.485261 0.351474 0.476190 0.340136 0.448980 0.324263 0.446712 0.317460 0.442177 0.294785 0.442177 0.276644 0.451247 0.256236 0.469388
0 0.589569 0.287982 0.578231 0.283447 0.546485 0.287982 0.514739 0.308390 0.507937 0.331066 0.496599 0.344671 0.489796 0.362812 0.492063 0.385488 0.507937 0.414966 0.501134 0.435374 0.489796 0.448980 0.489796 0.460317 0.514739 0.433107 0.523810 0.428571 0.553288 0.428571 0.566893 0.419501 0.575964 0.408163 0.598639 0.362812 0.603175 0.337868 0.603175 0.308390
0 0.253968 0.317460 0.242630 0.340136 0.247166 0.344671 0.247166 0.360544 0.258503 0.380952 0.258503 0.387755 0.299320 0.428571 0.306122 0.430839 0.310658 0.439909 0.337868 0.446712 0.353741 0.435374 0.371882 0.433107 0.387755 0.439909 0.426304 0.469388 0.426304 0.455782 0.421769 0.446712 0.414966 0.446712 0.399093 0.430839 0.387755 0.412698 0.392290 0.396825 0.390023 0.380952 0.380952 0.371882 0.371882 0.351474 0.337868 0.321995 0.308390 0.308390 0.272109 0.308390 0.263039 0.312925 0.260771 0.310658
0 0.476190 0.489796 0.482993 0.505669 0.492063 0.501134 0.505669 0.512472 0.517007 0.528345 0.519274 0.539683 0.521542 0.537415 0.544218 0.548753 0.589569 0.553288 0.614512 0.560091 0.625850 0.553288 0.634921 0.539683 0.634921 0.528345 0.621315 0.512472 0.580499 0.487528 0.564626 0.485261 0.557823 0.480726 0.541950 0.480726 0.532880 0.476190 0.519274 0.478458 0.501134 0.489796
0 0.435374 0.507937 0.430839 0.512472 0.414966 0.514739 0.408163 0.519274 0.390023 0.517007 0.371882 0.537415 0.353741 0.569161 0.353741 0.582766 0.346939 0.596372 0.346939 0.609977 0.353741 0.619048 0.376417 0.621315 0.412698 0.598639 0.419501 0.582766 0.435374 0.566893 0.444444 0.551020 0.444444 0.539683 0.433107 0.526077 0.437642 0.519274 0.439909 0.521542
0 0.442177 0.410431 0.424036 0.421769 0.421769 0.444444 0.428571 0.455782 0.426304 0.473923 0.433107 0.471655 0.453515 0.476190 0.458050 0.480726 0.473923 0.485261 0.464853 0.489796 0.458050 0.501134 0.444444 0.501134 0.437642 0.507937 0.446712 0.530612 0.460317 0.539683 0.473923 0.528345 0.485261 0.507937 0.473923 0.494331 0.473923 0.485261 0.487528 0.464853 0.487528 0.446712 0.476190 0.433107 0.467120 0.410431
0 0.412698 0.473923 0.412698 0.480726 0.435374 0.485261 0.430839 0.494331 0.412698 0.494331 0.414966 0.498866 0.430839 0.496599 0.439909 0.501134 0.442177 0.476190 0.426304 0.476190 0.419501 0.471655
0 0.494331 0.487528 0.501134 0.487528 0.519274 0.476190 0.530612 0.476190 0.523810 0.471655 0.505669 0.471655
0 0.442177 0.501134 0.458050 0.498866 0.462585 0.489796 0.471655 0.485261 0.444444 0.478458