0 0.385488 0.417234 0.374150 0.426304 0.365079 0.451247 0.365079 0.471655 0.378685 0.487528 0.394558 0.489796 0.426304 0.467120 0.426304 0.446712 0.430839 0.433107 0.424036 0.428571 0.424036 0.424036 0.417234 0.426304 0.401361 0.417234
0 0.530612 0.532880 0.535147 0.544218 0.544218 0.544218 0.564626 0.564626 0.560091 0.596372 0.571429 0.614512 0.591837 0.616780 0.616780 0.591837 0.619048 0.580499 0.630385 0.562358 0.630385 0.553288 0.621315 0.544218 0.607710 0.539683 0.591837 0.541950 0.569161 0.551020 0.539683 0.539683
0 0.482993 0.541950 0.469388 0.546485 0.437642 0.566893 0.437642 0.578231 0.444444 0.582766 0.442177 0.585034
0 0.517007 0.476190 0.530612 0.476190 0.539683 0.487528 0.551020 0.478458 0.551020 0.471655 0.541950 0.464853 0.528345 0.462585 0.519274 0.469388
0 0.498866 0.619048 0.467120 0.625850 0.458050 0.634921 0.446712 0.634921 0.439909 0.648526 0.435374 0.682540 0.439909 0.707483 0.458050 0.734694 0.473923 0.746032 0.494331 0.743764 0.512472 0.732426 0.530612 0.700680 0.535147 0.682540 0.535147 0.659864 0.530612 0.641723 0.519274 0.628118
0 0.455782 0.408163 0.460317 0.421769 0.458050 0.426304 0.467120 0.428571 0.498866 0.458050 0.498866 0.462585 0.510204 0.453515 0.528345 0.453515 0.537415 0.448980 0.551020 0.430839 0.551020 0.424036 0.544218 0.412698 0.532880 0.405896 0.517007 0.403628 0.501134 0.392290 0.471655 0.392290 0.460317 0.399093
0 0.478458 0.539683 0.460317 0.541950 0.405896 0.569161 0.396825 0.569161 0.390023 0.562358 0.369615 0.553288 0.360544 0.553288 0.356009 0.557823 0.349206 0.555556 0.333333 0.566893 0.315193 0.573696 0.292517 0.596372 0.278912 0.616780 0.278912 0.637188 0.299320 0.657596 0.340136 0.655329 0.383220 0.639456 0.392290 0.632653 0.401361 0.632653 0.410431 0.621315 0.414966 0.582766 0.435374 0.562358 0.439909 0.564626
0 0.721088 0.439909 0.707483 0.426304 0.687075 0.419501 0.657596 0.419501 0.616780 0.433107 0.594104 0.448980 0.594104 0.458050 0.587302 0.462585 0.587302 0.471655 0.582766 0.478458 0.553288 0.496599 0.544218 0.494331 0.537415 0.512472 0.530612 0.519274 0.544218 0.507937 0.596372 0.496599 0.612245 0.510204 0.653061 0.510204 0.666667 0.505669 0.702948 0.480726 0.716553 0.467120 0.721088 0.458050
0 0.437642 0.426304 0.433107 0.430839 0.428571 0.446712 0.426304 0.478458 0.430839 0.487528 0.439909 0.496599 0.469388 0.510204 0.471655 0.514739 0.487528 0.514739 0.482993 0.505669 0.496599 0.487528 0.501134 0.464853 0.467120 0.430839
0 0.530612 0.478458 0.517007 0.478458 0.512472 0.473923 0.498866 0.478458 0.498866 0.487528 0.485261 0.505669 0.489796 0.514739 0.496599 0.519274 0.498866 0.528345 0.510204 0.528345 0.519274 0.521542 0.528345 0.521542 0.535147 0.512472 0.541950 0.494331
0 0.501134 0.530612 0.501134 0.541950 0.510204 0.546485 0.507937 0.553288 0.517007 0.564626 0.523810 0.564626 0.535147 0.555556 0.535147 0.546485 0.526077 0.528345 0.514739 0.526077 0.510204 0.530612
0 0.464853 0.521542 0.464853 0.528345 0.471655 0.537415 0.494331 0.535147 0.498866 0.539683 0.498866 0.530612 0.492063 0.517007 0.469388 0.517007