0 0.353741 0.482993 0.344671 0.487528 0.328798 0.485261 0.306122 0.494331 0.299320 0.501134 0.294785 0.514739 0.301587 0.530612 0.301587 0.541950 0.310658 0.551020 0.324263 0.557823 0.351474 0.560091 0.344671 0.557823 0.326531 0.537415 0.324263 0.512472 0.333333 0.496599
0 0.598639 0.154195 0.578231 0.154195 0.551020 0.167800 0.512472 0.206349 0.496599 0.240363 0.476190 0.265306 0.473923 0.281179 0.467120 0.290249 0.467120 0.317460 0.498866 0.376417 0.498866 0.396825 0.492063 0.412698 0.494331 0.417234 0.478458 0.448980 0.480726 0.453515 0.496599 0.444444 0.507937 0.430839 0.505669 0.426304 0.523810 0.394558 0.532880 0.385488 0.544218 0.383220 0.553288 0.376417 0.562358 0.378685 0.582766 0.358277 0.600907 0.331066 0.609977 0.301587 0.612245 0.278912 0.621315 0.256236 0.623583 0.217687 0.621315 0.183673 0.609977 0.163265
0 0.605442 0.537415 0.600907 0.523810 0.594104 0.517007 0.571429 0.505669 0.560091 0.505669 0.530612 0.532880 0.505669 0.532880 0.503401 0.528345 0.485261 0.532880 0.492063 0.539683 0.507937 0.537415 0.546485 0.553288 0.566893 0.553288 0.585034 0.537415
0 0.360544 0.623583 0.358277 0.630385 0.349206 0.630385 0.333333 0.641723 0.310658 0.680272 0.308390 0.727891 0.312925 0.736961 0.312925 0.748299 0.326531 0.768707 0.344671 0.775510 0.369615 0.770975 0.392290 0.757370 0.408163 0.734694 0.424036 0.700680 0.417234 0.698413 0.403628 0.712018 0.394558 0.714286 0.387755 0.721088 0.360544 0.721088 0.356009 0.716553 0.346939 0.696145 0.346939 0.668934 0.353741 0.657596
0 0.714286 0.353741 0.700680 0.340136 0.691610 0.337868 0.653061 0.340136 0.630385 0.349206 0.589569 0.378685 0.569161 0.399093 0.560091 0.414966 0.560091 0.471655 0.555556 0.478458 0.555556 0.487528 0.569161 0.476190 0.598639 0.476190 0.612245 0.485261 0.634921 0.480726 0.653061 0.471655 0.689342 0.444444 0.700680 0.433107 0.707483 0.412698 0.725624 0.385488
0 0.088435 0.351474 0.088435 0.374150 0.095238 0.396825 0.113379 0.430839 0.131519 0.448980 0.140590 0.451247 0.179138 0.476190 0.199546 0.476190 0.206349 0.480726 0.258503 0.480726 0.272109 0.473923 0.287982 0.458050 0.315193 0.458050 0.351474 0.476190 0.358277 0.476190 0.360544 0.482993 0.385488 0.478458 0.376417 0.476190 0.349206 0.455782 0.308390 0.435374 0.299320 0.424036 0.290249 0.387755 0.276644 0.371882 0.272109 0.360544 0.253968 0.344671 0.235828 0.340136 0.208617 0.324263 0.197279 0.324263 0.188209 0.319728 0.120181 0.321995 0.104308 0.331066
0 0.462585 0.587302 0.478458 0.639456 0.476190 0.648526 0.482993 0.668934 0.482993 0.680272 0.473923 0.698413 0.451247 0.725624 0.455782 0.743764 0.455782 0.782313 0.473923 0.809524 0.482993 0.834467 0.496599 0.850340 0.505669 0.852608 0.526077 0.875283 0.541950 0.884354 0.569161 0.879819 0.578231 0.873016 0.585034 0.861678 0.587302 0.848073 0.596372 0.832200 0.589569 0.775510 0.591837 0.764172 0.580499 0.739229 0.578231 0.718821 0.571429 0.702948 0.553288 0.682540 0.526077 0.671202 0.503401 0.650794 0.501134 0.637188 0.482993 0.609977 0.476190 0.587302
0 0.387755 0.562358 0.374150 0.562358 0.360544 0.555556 0.349206 0.555556 0.346939 0.560091 0.326531 0.560091 0.324263 0.564626 0.297052 0.566893 0.247166 0.546485 0.222222 0.548753 0.210884 0.555556 0.190476 0.553288 0.170068 0.560091 0.156463 0.560091 0.142857 0.573696 0.124717 0.580499 0.088435 0.609977 0.086168 0.621315 0.070295 0.639456 0.068027 0.648526 0.072562 0.648526 0.079365 0.655329 0.086168 0.671202 0.086168 0.682540 0.102041 0.700680 0.111111 0.705215 0.138322 0.712018 0.158730 0.712018 0.185941 0.700680 0.210884 0.700680 0.278912 0.662132 0.301587 0.639456 0.319728 0.596372 0.344671 0.575964 0.358277 0.573696 0.367347 0.564626
0 0.498866 0.539683 0.505669 0.562358 0.519274 0.564626 0.548753 0.585034 0.553288 0.594104 0.557823 0.632653 0.580499 0.646259 0.609977 0.671202 0.628118 0.671202 0.668934 0.682540 0.727891 0.680272 0.746032 0.666667 0.752834 0.653061 0.752834 0.630385 0.743764 0.619048 0.736961 0.600907 0.723356 0.587302 0.659864 0.544218 0.643991 0.544218 0.630385 0.548753 0.612245 0.546485 0.605442 0.539683 0.585034 0.539683 0.566893 0.555556 0.546485 0.555556 0.532880 0.551020 0.528345 0.553288 0.523810 0.548753 0.512472 0.546485 0.507937 0.539683
0 0.333333 0.253968 0.324263 0.260771 0.315193 0.285714 0.315193 0.324263 0.328798 0.365079 0.328798 0.376417 0.340136 0.396825 0.344671 0.417234 0.362812 0.437642 0.392290 0.442177 0.412698 0.464853 0.421769 0.482993 0.421769 0.489796 0.430839 0.469388 0.437642 0.464853 0.439909 0.467120 0.430839 0.448980 0.428571 0.433107 0.435374 0.428571 0.448980 0.403628 0.451247 0.365079 0.446712 0.342404 0.437642 0.331066 0.419501 0.292517 0.405896 0.274376 0.369615 0.251701
0 0.439909 0.566893 0.419501 0.569161 0.421769 0.571429 0.412698 0.580499 0.403628 0.580499 0.387755 0.587302 0.365079 0.605442 0.358277 0.648526 0.349206 0.668934 0.349206 0.696145 0.360544 0.718821 0.387755 0.718821 0.394558 0.712018 0.403628 0.709751 0.417234 0.696145 0.426304 0.696145 0.433107 0.682540 0.433107 0.673469 0.444444 0.653061 0.442177 0.639456 0.448980 0.623583 0.446712 0.598639 0.439909 0.589569 0.439909 0.582766 0.433107 0.575964 0.433107 0.571429
0 0.544218 0.430839 0.512472 0.430839 0.485261 0.455782 0.478458 0.455782 0.464853 0.469388 0.464853 0.480726 0.471655 0.492063 0.471655 0.507937 0.464853 0.512472 0.464853 0.517007 0.469388 0.517007 0.489796 0.535147 0.485261 0.530612 0.487528 0.528345 0.523810 0.523810 0.537415 0.517007 0.557823 0.489796 0.553288 0.487528 0.553288 0.478458 0.557823 0.471655 0.557823 0.444444
0 0.421769 0.492063 0.387755 0.478458 0.378685 0.482993 0.356009 0.482993 0.340136 0.492063 0.328798 0.507937 0.326531 0.532880 0.344671 0.555556 0.360544 0.553288 0.374150 0.560091 0.408163 0.555556 0.412698 0.551020 0.412698 0.541950 0.419501 0.535147 0.426304 0.535147 0.426304 0.512472
0 0.480726 0.528345 0.478458 0.537415 0.467120 0.546485 0.458050 0.546485 0.453515 0.539683 0.448980 0.539683 0.444444 0.555556 0.437642 0.564626 0.460317 0.587302 0.492063 0.587302 0.498866 0.582766 0.505669 0.569161 0.496599 0.541950 0.492063 0.541950
0 0.478458 0.453515 0.467120 0.446712 0.442177 0.469388 0.437642 0.467120 0.464853 0.478458 0.462585 0.469388
0 0.433107 0.469388 0.424036 0.489796 0.426304 0.510204 0.437642 0.496599 0.442177 0.496599 0.446712 0.501134 0.460317 0.501134 0.462585 0.514739 0.469388 0.507937 0.469388 0.492063 0.464853 0.482993 0.446712 0.471655
0 0.419501 0.537415 0.414966 0.541950 0.414966 0.551020 0.410431 0.557823 0.419501 0.566893 0.435374 0.564626 0.442177 0.555556 0.442177 0.548753 0.430839 0.544218 0.426304 0.537415
0 0.433107 0.503401 0.428571 0.510204 0.430839 0.541950 0.444444 0.548753 0.448980 0.537415 0.453515 0.537415 0.458050 0.544218 0.467120 0.544218 0.476190 0.537415 0.478458 0.528345 0.460317 0.514739 0.460317 0.503401 0.446712 0.503401 0.442177 0.498866