0 0.512472 0.346939 0.507937 0.346939 0.489796 0.390023 0.489796 0.421769 0.498866 0.424036 0.505669 0.419501 0.507937 0.410431 0.526077 0.390023 0.526077 0.369615 0.519274 0.351474
0 0.510204 0.659864 0.496599 0.657596 0.464853 0.689342 0.433107 0.684807 0.433107 0.732426 0.455782 0.761905 0.467120 0.768707 0.485261 0.768707 0.501134 0.761905 0.519274 0.743764 0.530612 0.723356 0.532880 0.698413 0.528345 0.691610 0.528345 0.682540 0.521542 0.668934
0 0.648526 0.575964 0.664399 0.587302 0.696145 0.600907 0.716553 0.621315 0.721088 0.639456 0.732426 0.655329 0.732426 0.675737 0.721088 0.684807 0.696145 0.687075 0.689342 0.693878 0.709751 0.698413 0.764172 0.698413 0.780045 0.691610 0.786848 0.684807 0.791383 0.671202 0.789116 0.653061 0.755102 0.609977 0.721088 0.596372 0.689342 0.578231 0.662132 0.573696
0 0.412698 0.612245 0.408163 0.612245 0.387755 0.628118 0.374150 0.630385 0.362812 0.641723 0.333333 0.655329 0.321995 0.657596 0.301587 0.646259 0.278912 0.646259 0.244898 0.659864 0.224490 0.678005 0.206349 0.705215 0.195011 0.714286 0.192744 0.736961 0.188209 0.741497 0.185941 0.770975 0.235828 0.730159 0.249433 0.709751 0.272109 0.707483 0.294785 0.693878 0.328798 0.680272 0.356009 0.680272 0.360544 0.662132 0.403628 0.621315 0.405896 0.614512
0 0.505669 0.106576 0.471655 0.108844 0.446712 0.126984 0.421769 0.179138 0.414966 0.226757 0.408163 0.238095 0.408163 0.260771 0.417234 0.281179 0.412698 0.312925 0.428571 0.328798 0.435374 0.328798 0.444444 0.337868 0.448980 0.335601 0.464853 0.360544 0.469388 0.417234 0.458050 0.435374 0.462585 0.460317 0.460317 0.485261 0.464853 0.485261 0.476190 0.458050 0.487528 0.442177 0.487528 0.390023 0.505669 0.346939 0.539683 0.335601 0.553288 0.324263 0.557823 0.294785 0.571429 0.267574 0.566893 0.181406 0.541950 0.138322 0.514739 0.111111
0 0.503401 0.598639 0.507937 0.630385 0.514739 0.628118 0.521542 0.639456 0.530612 0.646259 0.541950 0.668934 0.614512 0.741497 0.614512 0.789116 0.621315 0.804989 0.637188 0.827664 0.655329 0.836735 0.680272 0.863946 0.702948 0.875283 0.709751 0.875283 0.723356 0.884354 0.795918 0.907029 0.804989 0.907029 0.850340 0.888889 0.879819 0.863946 0.882086 0.843537 0.854875 0.786848 0.807256 0.736961 0.789116 0.723356 0.770975 0.718821 0.736961 0.700680 0.709751 0.700680 0.698413 0.696145 0.666667 0.693878 0.609977 0.696145 0.589569 0.684807 0.528345 0.625850 0.523810 0.598639
0 0.136054 0.210884 0.124717 0.222222 0.115646 0.244898 0.106576 0.251701 0.102041 0.274376 0.113379 0.292517 0.113379 0.306122 0.138322 0.353741 0.140590 0.365079 0.160998 0.394558 0.208617 0.444444 0.247166 0.464853 0.269841 0.460317 0.294785 0.462585 0.326531 0.478458 0.333333 0.487528 0.383220 0.512472 0.405896 0.532880 0.405896 0.507937 0.380952 0.494331 0.360544 0.473923 0.353741 0.471655 0.324263 0.439909 0.324263 0.421769 0.333333 0.408163 0.333333 0.399093 0.344671 0.383220 0.344671 0.371882 0.321995 0.346939 0.319728 0.335601 0.310658 0.333333 0.299320 0.303855 0.283447 0.287982 0.272109 0.283447 0.238095 0.244898 0.197279 0.217687 0.174603 0.208617
0 0.888889 0.285714 0.877551 0.274376 0.854875 0.263039 0.800454 0.267574 0.770975 0.283447 0.752834 0.301587 0.741497 0.301587 0.730159 0.308390 0.693878 0.344671 0.653061 0.369615 0.625850 0.405896 0.621315 0.435374 0.594104 0.471655 0.573696 0.485261 0.573696 0.492063 0.564626 0.507937 0.544218 0.528345 0.582766 0.510204 0.614512 0.487528 0.646259 0.473923 0.709751 0.478458 0.723356 0.471655 0.739229 0.471655 0.761905 0.458050 0.773243 0.446712 0.811791 0.426304 0.873016 0.358277 0.891156 0.310658
0 0.408163 0.639456 0.408163 0.643991 0.392290 0.657596 0.390023 0.664399 0.369615 0.680272 0.328798 0.682540 0.294785 0.696145 0.272109 0.709751 0.249433 0.712018 0.235828 0.732426 0.201814 0.757370 0.183673 0.775510 0.174603 0.802721 0.158730 0.829932 0.154195 0.888889 0.163265 0.900227 0.179138 0.909297 0.197279 0.913832 0.222222 0.913832 0.231293 0.909297 0.244898 0.909297 0.269841 0.900227 0.283447 0.888889 0.292517 0.886621 0.337868 0.845805 0.351474 0.823129 0.365079 0.811791 0.390023 0.743764 0.390023 0.723356 0.396825 0.712018 0.396825 0.700680 0.417234 0.671202 0.408163 0.659864
0 0.526077 0.596372 0.535147 0.603175 0.539683 0.621315 0.553288 0.641723 0.578231 0.668934 0.598639 0.671202 0.619048 0.682540 0.639456 0.684807 0.653061 0.691610 0.687075 0.693878 0.696145 0.684807 0.721088 0.682540 0.730159 0.675737 0.730159 0.655329 0.718821 0.639456 0.714286 0.621315 0.696145 0.603175 0.664399 0.589569 0.646259 0.575964 0.634921 0.578231 0.616780 0.566893 0.605442 0.566893 0.598639 0.571429 0.587302 0.569161 0.560091 0.575964 0.544218 0.573696 0.541950 0.580499
0 0.342404 0.226757 0.315193 0.249433 0.310658 0.258503 0.306122 0.287982 0.308390 0.315193 0.321995 0.335601 0.324263 0.346939 0.346939 0.371882 0.346939 0.383220 0.340136 0.392290 0.344671 0.392290 0.351474 0.399093 0.353741 0.419501 0.360544 0.421769 0.374150 0.439909 0.399093 0.453515 0.410431 0.467120 0.414966 0.467120 0.424036 0.476190 0.424036 0.482993 0.439909 0.485261 0.469388 0.510204 0.464853 0.487528 0.453515 0.482993 0.442177 0.467120 0.435374 0.437642 0.437642 0.417234 0.444444 0.408163 0.442177 0.356009 0.433107 0.342404 0.435374 0.331066 0.428571 0.331066 0.410431 0.312925 0.414966 0.281179 0.408163 0.265306 0.403628 0.263039 0.399093 0.251701 0.374150 0.229025 0.362812 0.224490
0 0.430839 0.553288 0.419501 0.544218 0.414966 0.553288 0.385488 0.551020 0.376417 0.544218 0.369615 0.544218 0.362812 0.548753 0.340136 0.548753 0.306122 0.555556 0.290249 0.564626 0.267574 0.571429 0.244898 0.598639 0.242630 0.619048 0.251701 0.634921 0.272109 0.643991 0.301587 0.643991 0.315193 0.650794 0.342404 0.646259 0.374150 0.628118 0.396825 0.621315 0.401361 0.614512 0.417234 0.605442 0.430839 0.587302 0.424036 0.578231 0.424036 0.573696 0.428571 0.571429
0 0.573696 0.387755 0.560091 0.383220 0.555556 0.387755 0.544218 0.387755 0.532880 0.394558 0.526077 0.392290 0.510204 0.410431 0.507937 0.419501 0.498866 0.426304 0.494331 0.435374 0.496599 0.437642 0.485261 0.446712 0.467120 0.482993 0.467120 0.496599 0.471655 0.510204 0.489796 0.537415 0.528345 0.535147 0.532880 0.541950 0.532880 0.537415 0.539683 0.530612 0.544218 0.530612 0.544218 0.523810 0.566893 0.501134 0.571429 0.482993 0.578231 0.476190 0.578231 0.464853 0.587302 0.448980 0.589569 0.433107 0.585034 0.399093
0 0.489796 0.587302 0.485261 0.587302 0.476190 0.596372 0.435374 0.594104 0.428571 0.600907 0.410431 0.637188 0.410431 0.659864 0.428571 0.682540 0.464853 0.687075 0.489796 0.659864 0.498866 0.655329 0.510204 0.632653 0.503401 0.625850 0.503401 0.600907
0 0.408163 0.494331 0.408163 0.535147 0.428571 0.551020 0.435374 0.546485 0.448980 0.546485 0.460317 0.537415 0.482993 0.532880 0.473923 0.514739 0.458050 0.505669 0.439909 0.487528 0.417234 0.485261
0 0.492063 0.537415 0.498866 0.551020 0.517007 0.564626 0.517007 0.573696 0.512472 0.580499 0.485261 0.580499 0.487528 0.585034 0.503401 0.596372 0.523810 0.596372 0.546485 0.569161 0.537415 0.546485 0.528345 0.537415
0 0.435374 0.548753 0.430839 0.571429 0.426304 0.573696 0.435374 0.591837 0.476190 0.594104 0.485261 0.585034 0.482993 0.580499 0.455782 0.582766 0.446712 0.573696 0.453515 0.560091 0.453515 0.546485
0 0.494331 0.551020 0.485261 0.532880 0.460317 0.539683 0.471655 0.539683
0 0.455782 0.544218 0.455782 0.560091 0.448980 0.569161 0.448980 0.573696 0.455782 0.580499 0.512472 0.578231 0.514739 0.564626 0.503401 0.557823 0.496599 0.548753 0.494331 0.553288 0.471655 0.541950