0 0.346939 0.428571 0.365079 0.439909 0.396825 0.448980 0.421769 0.467120 0.424036 0.462585 0.442177 0.478458 0.460317 0.487528 0.455782 0.476190 0.451247 0.478458 0.421769 0.448980 0.421769 0.437642 0.385488 0.405896 0.365079 0.408163 0.353741 0.417234 0.353741 0.428571
0 0.437642 0.553288 0.437642 0.562358 0.448980 0.573696 0.462585 0.580499 0.473923 0.578231 0.473923 0.566893 0.464853 0.555556 0.464853 0.541950
0 0.494331 0.591837 0.507937 0.623583 0.510204 0.650794 0.517007 0.655329 0.551020 0.657596 0.557823 0.664399 0.573696 0.705215 0.573696 0.725624 0.569161 0.741497 0.580499 0.764172 0.596372 0.736961 0.600907 0.712018 0.598639 0.687075 0.587302 0.666667 0.582766 0.648526 0.575964 0.639456 0.562358 0.632653 0.532880 0.632653 0.523810 0.628118 0.505669 0.598639 0.507937 0.589569
0 0.551020 0.297052 0.539683 0.297052 0.537415 0.292517 0.523810 0.297052 0.473923 0.297052 0.448980 0.312925 0.437642 0.328798 0.437642 0.337868 0.469388 0.399093 0.487528 0.408163 0.505669 0.403628 0.514739 0.410431 0.512472 0.405896 0.523810 0.394558 0.537415 0.387755 0.560091 0.362812 0.562358 0.319728
0 0.460317 0.539683 0.446712 0.530612 0.439909 0.532880 0.399093 0.569161 0.362812 0.594104 0.308390 0.585034 0.274376 0.600907 0.258503 0.616780 0.244898 0.623583 0.231293 0.641723 0.213152 0.675737 0.213152 0.684807 0.206349 0.698413 0.208617 0.718821 0.222222 0.732426 0.238095 0.741497 0.256236 0.741497 0.317460 0.723356 0.367347 0.691610 0.376417 0.680272 0.387755 0.650794 0.383220 0.614512 0.385488 0.605442 0.430839 0.553288
0 0.845805 0.358277 0.827664 0.335601 0.793651 0.326531 0.766440 0.326531 0.752834 0.331066 0.725624 0.346939 0.712018 0.349206 0.700680 0.356009 0.680272 0.376417 0.659864 0.403628 0.662132 0.424036 0.653061 0.439909 0.575964 0.480726 0.566893 0.480726 0.560091 0.485261 0.537415 0.485261 0.553288 0.489796 0.562358 0.498866 0.575964 0.487528 0.603175 0.480726 0.614512 0.473923 0.655329 0.467120 0.664399 0.462585 0.678005 0.462585 0.707483 0.478458 0.718821 0.480726 0.784580 0.467120 0.791383 0.458050 0.829932 0.430839 0.845805 0.403628 0.850340 0.387755
0 0.473923 0.582766 0.473923 0.625850 0.478458 0.650794 0.460317 0.671202 0.448980 0.696145 0.455782 0.727891 0.455782 0.759637 0.462585 0.786848 0.469388 0.798186 0.469388 0.811791 0.476190 0.818594 0.485261 0.841270 0.496599 0.857143 0.510204 0.866213 0.523810 0.882086 0.539683 0.888889 0.564626 0.886621 0.575964 0.877551 0.589569 0.843537 0.582766 0.775510 0.566893 0.741497 0.571429 0.725624 0.571429 0.705215 0.560091 0.673469 0.551020 0.659864 0.517007 0.657596 0.501134 0.646259 0.494331 0.630385 0.489796 0.605442 0.494331 0.596372 0.492063 0.591837
0 0.709751 0.253968 0.698413 0.249433 0.662132 0.251701 0.643991 0.260771 0.585034 0.308390 0.575964 0.319728 0.566893 0.342404 0.564626 0.412698 0.539683 0.448980 0.528345 0.444444 0.530612 0.460317 0.512472 0.489796 0.532880 0.480726 0.532880 0.476190 0.544218 0.467120 0.544218 0.462585 0.553288 0.453515 0.557823 0.453515 0.569161 0.430839 0.585034 0.424036 0.614512 0.426304 0.630385 0.424036 0.650794 0.403628 0.657596 0.403628 0.678005 0.376417 0.705215 0.349206 0.705215 0.340136 0.714286 0.326531 0.714286 0.317460 0.721088 0.301587 0.718821 0.269841
0 0.530612 0.539683 0.539683 0.544218 0.544218 0.551020 0.555556 0.553288 0.560091 0.560091 0.555556 0.571429 0.557823 0.603175 0.571429 0.614512 0.600907 0.623583 0.612245 0.634921 0.619048 0.648526 0.637188 0.653061 0.682540 0.673469 0.696145 0.671202 0.705215 0.675737 0.730159 0.673469 0.748299 0.659864 0.752834 0.650794 0.752834 0.630385 0.743764 0.612245 0.712018 0.578231 0.657596 0.544218 0.625850 0.532880 0.612245 0.537415 0.600907 0.535147 0.580499 0.544218 0.551020 0.535147 0.548753 0.530612
0 0.263039 0.458050 0.263039 0.471655 0.278912 0.492063 0.315193 0.519274 0.340136 0.532880 0.367347 0.535147 0.392290 0.526077 0.412698 0.526077 0.433107 0.507937 0.448980 0.510204 0.462585 0.498866 0.476190 0.496599 0.464853 0.489796 0.460317 0.489796 0.458050 0.494331 0.448980 0.494331 0.439909 0.489796 0.424036 0.469388 0.412698 0.464853 0.396825 0.451247 0.365079 0.442177 0.340136 0.428571 0.312925 0.428571 0.303855 0.433107 0.290249 0.433107 0.272109 0.444444
0 0.467120 0.399093 0.462585 0.401361 0.448980 0.426304 0.448980 0.430839 0.455782 0.430839 0.451247 0.439909 0.448980 0.464853 0.453515 0.473923 0.460317 0.478458 0.462585 0.487528 0.476190 0.492063 0.478458 0.496599 0.496599 0.498866 0.498866 0.503401 0.503401 0.503401 0.528345 0.460317 0.526077 0.421769 0.505669 0.405896 0.487528 0.410431
0 0.492063 0.528345 0.482993 0.539683 0.467120 0.544218 0.467120 0.555556 0.476190 0.566893 0.473923 0.580499 0.487528 0.589569 0.510204 0.589569 0.528345 0.566893 0.530612 0.546485 0.526077 0.539683 0.530612 0.537415 0.526077 0.532880
0 0.569161 0.614512 0.573696 0.619048 0.578231 0.637188 0.594104 0.648526 0.616780 0.650794 0.609977 0.634921 0.600907 0.625850
0 0.569161 0.505669 0.553288 0.492063 0.530612 0.482993 0.512472 0.492063 0.503401 0.505669 0.498866 0.505669 0.496599 0.501134 0.487528 0.510204 0.487528 0.521542 0.494331 0.526077 0.505669 0.526077 0.535147 0.535147 0.555556 0.523810
0 0.494331 0.501134 0.462585 0.501134 0.442177 0.519274 0.444444 0.528345 0.467120 0.541950 0.482993 0.537415 0.492063 0.526077 0.485261 0.521542 0.485261 0.510204