0 0.408163 0.523810 0.396825 0.519274 0.360544 0.519274 0.337868 0.523810 0.328798 0.519274 0.303855 0.489796 0.292517 0.485261 0.229025 0.480726 0.201814 0.492063 0.167800 0.494331 0.122449 0.519274 0.104308 0.537415 0.090703 0.571429 0.092971 0.600907 0.108844 0.621315 0.136054 0.634921 0.174603 0.646259 0.201814 0.646259 0.233560 0.637188 0.251701 0.637188 0.265306 0.641723 0.290249 0.632653 0.303855 0.623583 0.308390 0.609977 0.312925 0.607710 0.319728 0.594104 0.324263 0.575964 0.346939 0.551020
0 0.469388 0.158730 0.446712 0.170068 0.426304 0.197279 0.424036 0.217687 0.414966 0.233560 0.414966 0.263039 0.421769 0.292517 0.439909 0.324263 0.448980 0.333333 0.460317 0.337868 0.462585 0.321995 0.453515 0.294785 0.453515 0.231293 0.448980 0.219955 0.448980 0.192744 0.458050 0.174603 0.469388 0.165533
0 0.866213 0.585034 0.866213 0.557823 0.857143 0.537415 0.836735 0.519274 0.784580 0.489796 0.712018 0.492063 0.682540 0.512472 0.675737 0.521542 0.664399 0.526077 0.619048 0.523810 0.614512 0.519274 0.591837 0.517007 0.564626 0.507937 0.560091 0.501134 0.557823 0.503401 0.557823 0.512472 0.560091 0.510204 0.578231 0.521542 0.643991 0.541950 0.655329 0.555556 0.657596 0.569161 0.680272 0.594104 0.682540 0.600907 0.696145 0.614512 0.714286 0.621315 0.732426 0.619048 0.764172 0.630385 0.823129 0.621315 0.850340 0.607710
0 0.832200 0.156463 0.798186 0.138322 0.775510 0.138322 0.755102 0.145125 0.743764 0.145125 0.712018 0.163265 0.678005 0.197279 0.648526 0.240363 0.637188 0.263039 0.634921 0.301587 0.643991 0.326531 0.639456 0.349206 0.625850 0.362812 0.625850 0.367347 0.600907 0.403628 0.591837 0.410431 0.585034 0.410431 0.589569 0.414966 0.607710 0.421769 0.659864 0.367347 0.684807 0.360544 0.714286 0.365079 0.732426 0.353741 0.757370 0.346939 0.789116 0.319728 0.791383 0.312925 0.816327 0.290249 0.823129 0.269841 0.848073 0.224490 0.850340 0.201814 0.843537 0.188209 0.841270 0.170068
0 0.553288 0.621315 0.566893 0.646259 0.566893 0.655329 0.575964 0.673469 0.578231 0.693878 0.585034 0.709751 0.585034 0.732426 0.569161 0.764172 0.573696 0.777778 0.573696 0.809524 0.578231 0.818594 0.578231 0.832200 0.589569 0.852608 0.594104 0.873016 0.605442 0.886621 0.614512 0.909297 0.648526 0.952381 0.659864 0.979592 0.678005 0.997732 0.791383 0.997732 0.804989 0.981859 0.802721 0.938776 0.798186 0.929705 0.798186 0.918367 0.786848 0.886621 0.768707 0.857143 0.768707 0.850340 0.727891 0.791383 0.712018 0.757370 0.673469 0.716553 0.619048 0.707483 0.605442 0.693878 0.591837 0.668934 0.569161 0.648526
0 0.090703 0.188209 0.079365 0.206349 0.074830 0.222222 0.081633 0.244898 0.113379 0.292517 0.145125 0.315193 0.167800 0.337868 0.183673 0.346939 0.217687 0.356009 0.247166 0.374150 0.274376 0.376417 0.285714 0.371882 0.301587 0.385488 0.308390 0.385488 0.333333 0.371882 0.356009 0.371882 0.392290 0.392290 0.417234 0.417234 0.426304 0.417234 0.453515 0.435374 0.476190 0.467120 0.473923 0.446712 0.480726 0.439909 0.473923 0.439909 0.462585 0.433107 0.365079 0.337868 0.358277 0.324263 0.358277 0.276644 0.346939 0.258503 0.328798 0.240363 0.321995 0.238095 0.306122 0.219955 0.256236 0.190476 0.222222 0.176871 0.190476 0.170068 0.136054 0.170068
0 0.469388 0.521542 0.433107 0.560091 0.396825 0.587302 0.356009 0.607710 0.315193 0.605442 0.299320 0.630385 0.253968 0.648526 0.235828 0.664399 0.231293 0.673469 0.217687 0.684807 0.210884 0.705215 0.190476 0.723356 0.181406 0.739229 0.176871 0.764172 0.165533 0.782313 0.160998 0.798186 0.160998 0.814059 0.165533 0.823129 0.165533 0.834467 0.170068 0.839002 0.197279 0.848073 0.217687 0.839002 0.235828 0.839002 0.258503 0.832200 0.274376 0.820862 0.292517 0.814059 0.337868 0.773243 0.342404 0.764172 0.353741 0.755102 0.360544 0.739229 0.378685 0.725624 0.385488 0.714286 0.390023 0.691610 0.405896 0.675737 0.408163 0.666667 0.403628 0.639456 0.426304 0.596372 0.442177 0.585034 0.453515 0.571429 0.458050 0.571429 0.455782 0.555556 0.464853 0.535147 0.464853 0.526077
0 0.514739 0.115646 0.496599 0.122449 0.487528 0.131519 0.480726 0.147392 0.471655 0.154195 0.471655 0.165533 0.460317 0.174603 0.451247 0.192744 0.451247 0.219955 0.455782 0.231293 0.455782 0.294785 0.464853 0.321995 0.464853 0.337868 0.489796 0.360544 0.489796 0.369615 0.501134 0.378685 0.507937 0.405896 0.512472 0.410431 0.512472 0.414966 0.505669 0.417234 0.510204 0.417234 0.521542 0.430839 0.532880 0.430839 0.528345 0.428571 0.532880 0.390023 0.544218 0.369615 0.562358 0.358277 0.569161 0.349206 0.571429 0.319728 0.582766 0.306122 0.585034 0.260771 0.591837 0.249433 0.591837 0.240363 0.587302 0.233560 0.587302 0.217687 0.580499 0.204082 0.578231 0.176871 0.566893 0.149660 0.539683 0.117914
0 0.530612 0.514739 0.541950 0.523810 0.539683 0.535147 0.541950 0.532880 0.548753 0.544218 0.548753 0.551020 0.539683 0.562358 0.539683 0.578231 0.551020 0.609977 0.551020 0.619048 0.557823 0.623583 0.571429 0.648526 0.594104 0.668934 0.607710 0.693878 0.623583 0.707483 0.673469 0.714286 0.682540 0.721088 0.689342 0.714286 0.702948 0.709751 0.712018 0.700680 0.712018 0.671202 0.705215 0.643991 0.696145 0.630385 0.693878 0.614512 0.662132 0.578231 0.653061 0.560091 0.637188 0.557823 0.619048 0.544218 0.591837 0.541950 0.582766 0.530612 0.569161 0.528345 0.560091 0.519274 0.560091 0.514739
0 0.623583 0.367347 0.600907 0.367347 0.591837 0.371882 0.578231 0.385488 0.575964 0.405896 0.571429 0.410431 0.585034 0.412698 0.585034 0.408163 0.596372 0.405896
0 0.283447 0.421769 0.283447 0.451247 0.287982 0.460317 0.303855 0.473923 0.308390 0.485261 0.321995 0.496599 0.342404 0.505669 0.351474 0.505669 0.365079 0.512472 0.367347 0.517007 0.396825 0.517007 0.414966 0.523810 0.419501 0.519274 0.448980 0.510204 0.462585 0.498866 0.471655 0.496599 0.482993 0.480726 0.480726 0.469388 0.476190 0.469388 0.453515 0.437642 0.435374 0.424036 0.417234 0.419501 0.380952 0.399093 0.369615 0.401361 0.360544 0.396825 0.326531 0.396825 0.294785 0.408163
0 0.569161 0.410431 0.541950 0.419501 0.532880 0.428571 0.532880 0.433107 0.526077 0.430839 0.539683 0.446712 0.537415 0.467120 0.532880 0.476190 0.562358 0.501134 0.607710 0.489796 0.612245 0.485261 0.616780 0.462585 0.625850 0.453515 0.628118 0.455782 0.625850 0.439909 0.612245 0.426304 0.600907 0.419501
0 0.517007 0.505669 0.510204 0.512472 0.480726 0.512472 0.478458 0.507937 0.471655 0.523810 0.467120 0.526077 0.467120 0.535147 0.458050 0.555556 0.458050 0.569161 0.464853 0.575964 0.469388 0.591837 0.482993 0.603175 0.492063 0.596372 0.512472 0.594104 0.530612 0.585034 0.535147 0.578231 0.535147 0.560091 0.544218 0.551020 0.544218 0.544218 0.537415 0.535147 0.539683 0.523810
0 0.503401 0.417234 0.480726 0.437642 0.482993 0.442177 0.476190 0.446712 0.476190 0.464853 0.485261 0.473923 0.485261 0.467120 0.503401 0.451247 0.532880 0.473923 0.530612 0.471655 0.535147 0.467120 0.537415 0.455782 0.535147 0.442177 0.521542 0.433107 0.510204 0.419501
0 0.528345 0.473923 0.530612 0.487528 0.519274 0.505669 0.526077 0.512472 0.555556 0.512472 0.557823 0.498866
0 0.503401 0.453515 0.487528 0.467120 0.485261 0.480726 0.471655 0.498866 0.480726 0.510204 0.510204 0.510204 0.514739 0.503401 0.521542 0.501134 0.528345 0.487528 0.526077 0.471655