0 0.492063 0.494331 0.471655 0.510204 0.467120 0.510204 0.469388 0.512472 0.455782 0.523810 0.442177 0.523810 0.428571 0.535147 0.435374 0.544218 0.460317 0.544218 0.455782 0.535147
0 0.637188 0.469388 0.632653 0.435374 0.612245 0.448980 0.580499 0.448980 0.573696 0.444444 0.555556 0.455782 0.573696 0.476190 0.596372 0.489796 0.607710 0.489796 0.630385 0.478458
0 0.469388 0.287982 0.458050 0.297052 0.451247 0.308390 0.444444 0.328798 0.442177 0.351474 0.446712 0.367347 0.455782 0.380952 0.478458 0.387755 0.494331 0.401361 0.503401 0.455782 0.501134 0.469388 0.510204 0.469388 0.505669 0.453515 0.505669 0.394558 0.519274 0.378685 0.530612 0.374150 0.537415 0.358277 0.541950 0.331066 0.535147 0.312925 0.523810 0.299320 0.485261 0.287982
0 0.523810 0.512472 0.535147 0.535147 0.562358 0.569161 0.555556 0.609977 0.582766 0.641723 0.603175 0.655329 0.621315 0.659864 0.659864 0.655329 0.671202 0.643991 0.675737 0.634921 0.675737 0.612245 0.662132 0.587302 0.643991 0.566893 0.616780 0.546485 0.605442 0.541950 0.591837 0.541950 0.580499 0.551020 0.564626 0.555556 0.546485 0.541950 0.532880 0.519274 0.535147 0.517007 0.528345 0.517007
0 0.446712 0.501134 0.421769 0.519274 0.401361 0.519274 0.385488 0.548753 0.385488 0.569161 0.380952 0.578231 0.380952 0.600907 0.374150 0.648526 0.383220 0.666667 0.399093 0.666667 0.414966 0.659864 0.417234 0.632653 0.424036 0.623583 0.430839 0.591837 0.430839 0.553288 0.435374 0.548753 0.426304 0.535147 0.451247 0.512472 0.446712 0.510204
0 0.673469 0.331066 0.664399 0.321995 0.653061 0.317460 0.632653 0.319728 0.607710 0.331066 0.594104 0.344671 0.587302 0.360544 0.571429 0.369615 0.551020 0.394558 0.551020 0.424036 0.523810 0.458050 0.539683 0.455782 0.562358 0.435374 0.571429 0.437642 0.580499 0.446712 0.612245 0.446712 0.630385 0.435374 0.659864 0.403628 0.668934 0.385488 0.678005 0.351474 0.678005 0.340136
0 0.507937 0.494331 0.503401 0.494331 0.501134 0.505669 0.480726 0.526077 0.476190 0.537415 0.467120 0.546485 0.444444 0.546485 0.433107 0.553288 0.433107 0.591837 0.428571 0.603175 0.428571 0.616780 0.419501 0.632653 0.417234 0.662132 0.444444 0.657596 0.460317 0.643991 0.467120 0.621315 0.489796 0.578231 0.482993 0.562358 0.485261 0.544218 0.498866 0.514739 0.507937 0.503401
0 0.394558 0.342404 0.385488 0.360544 0.390023 0.401361 0.412698 0.437642 0.442177 0.455782 0.451247 0.455782 0.467120 0.448980 0.478458 0.453515 0.498866 0.469388 0.501134 0.464853 0.494331 0.458050 0.494331 0.453515 0.489796 0.453515 0.478458 0.442177 0.478458 0.421769 0.473923 0.412698 0.478458 0.390023 0.455782 0.383220 0.444444 0.367347 0.442177 0.353741 0.426304 0.342404
0 0.512472 0.471655 0.512472 0.492063 0.528345 0.514739 0.544218 0.514739 0.564626 0.521542 0.575964 0.514739 0.594104 0.510204 0.607710 0.492063 0.596372 0.492063 0.580499 0.482993 0.553288 0.455782 0.521542 0.460317
0 0.494331 0.473923 0.480726 0.469388 0.458050 0.478458 0.448980 0.494331 0.448980 0.510204 0.462585 0.512472 0.471655 0.507937 0.492063 0.489796
0 0.494331 0.471655 0.496599 0.482993 0.492063 0.492063 0.507937 0.492063 0.512472 0.496599 0.510204 0.471655
0 0.480726 0.428571 0.480726 0.442177 0.492063 0.451247 0.492063 0.428571