0 0.469388 0.501134 0.453515 0.492063 0.455782 0.494331 0.451247 0.498866 0.421769 0.501134 0.387755 0.512472 0.367347 0.512472 0.328798 0.482993 0.269841 0.485261 0.244898 0.496599 0.224490 0.498866 0.185941 0.523810 0.156463 0.566893 0.156463 0.591837 0.170068 0.612245 0.188209 0.621315 0.208617 0.625850 0.258503 0.628118 0.274376 0.621315 0.283447 0.621315 0.292517 0.614512 0.317460 0.616780 0.333333 0.607710 0.358277 0.582766 0.365079 0.555556 0.380952 0.535147 0.412698 0.519274 0.421769 0.519274 0.437642 0.510204 0.448980 0.510204
0 0.482993 0.176871 0.455782 0.190476 0.448980 0.197279 0.442177 0.210884 0.439909 0.231293 0.430839 0.244898 0.426304 0.290249 0.428571 0.306122 0.439909 0.319728 0.439909 0.324263 0.460317 0.344671 0.489796 0.356009 0.501134 0.371882 0.501134 0.376417 0.496599 0.378685 0.501134 0.378685 0.505669 0.374150 0.521542 0.369615 0.514739 0.367347 0.519274 0.342404 0.546485 0.321995 0.553288 0.308390 0.555556 0.269841 0.551020 0.233560 0.539683 0.204082 0.514739 0.181406
0 0.594104 0.514739 0.594104 0.532880 0.598639 0.526077 0.605442 0.532880 0.621315 0.532880 0.646259 0.548753 0.659864 0.585034 0.675737 0.603175 0.689342 0.612245 0.712018 0.614512 0.734694 0.623583 0.786848 0.621315 0.811791 0.612245 0.832200 0.596372 0.839002 0.585034 0.843537 0.566893 0.829932 0.535147 0.773243 0.496599 0.709751 0.492063 0.684807 0.503401 0.664399 0.521542 0.650794 0.526077 0.607710 0.521542
0 0.356009 0.435374 0.360544 0.437642 0.374150 0.467120 0.390023 0.482993 0.410431 0.482993 0.419501 0.476190 0.430839 0.476190 0.446712 0.482993 0.453515 0.489796 0.453515 0.478458 0.444444 0.476190 0.435374 0.464853 0.439909 0.435374 0.426304 0.424036 0.408163 0.424036 0.385488 0.437642
0 0.752834 0.206349 0.725624 0.204082 0.687075 0.217687 0.675737 0.224490 0.634921 0.267574 0.619048 0.297052 0.609977 0.324263 0.609977 0.344671 0.616780 0.360544 0.616780 0.376417 0.571429 0.419501 0.571429 0.428571 0.575964 0.435374 0.571429 0.446712 0.580499 0.446712 0.621315 0.405896 0.625850 0.405896 0.632653 0.396825 0.639456 0.396825 0.646259 0.390023 0.662132 0.394558 0.687075 0.394558 0.682540 0.392290 0.687075 0.385488 0.705215 0.378685 0.750567 0.337868 0.759637 0.317460 0.777778 0.292517 0.784580 0.274376 0.780045 0.238095
0 0.530612 0.539683 0.532880 0.555556 0.551020 0.605442 0.548753 0.612245 0.553288 0.619048 0.553288 0.650794 0.535147 0.678005 0.537415 0.700680 0.528345 0.714286 0.528345 0.732426 0.530612 0.730159 0.535147 0.734694 0.535147 0.755102 0.555556 0.795918 0.571429 0.814059 0.582766 0.839002 0.625850 0.873016 0.657596 0.877551 0.678005 0.863946 0.684807 0.850340 0.687075 0.834467 0.687075 0.784580 0.678005 0.759637 0.673469 0.732426 0.662132 0.709751 0.650794 0.696145 0.650794 0.682540 0.646259 0.673469 0.619048 0.648526 0.609977 0.643991 0.598639 0.643991 0.580499 0.630385 0.555556 0.571429 0.555556 0.560091 0.544218 0.555556
0 0.229025 0.297052 0.222222 0.315193 0.222222 0.326531 0.238095 0.360544 0.258503 0.383220 0.301587 0.417234 0.324263 0.421769 0.340136 0.430839 0.367347 0.435374 0.385488 0.435374 0.408163 0.421769 0.426304 0.421769 0.455782 0.446712 0.460317 0.446712 0.467120 0.455782 0.464853 0.458050 0.492063 0.460317 0.489796 0.455782 0.494331 0.455782 0.473923 0.435374 0.439909 0.412698 0.426304 0.399093 0.421769 0.387755 0.426304 0.365079 0.417234 0.340136 0.369615 0.297052 0.308390 0.276644 0.260771 0.276644 0.238095 0.287982
0 0.512472 0.514739 0.487528 0.512472 0.489796 0.519274 0.480726 0.528345 0.448980 0.537415 0.419501 0.571429 0.394558 0.621315 0.385488 0.655329 0.387755 0.684807 0.399093 0.696145 0.444444 0.698413 0.464853 0.684807 0.485261 0.659864 0.494331 0.634921 0.498866 0.596372 0.501134 0.594104 0.503401 0.598639 0.503401 0.591837 0.510204 0.580499 0.505669 0.569161 0.507937 0.555556 0.498866 0.528345 0.507937 0.517007 0.514739 0.517007
0 0.555556 0.358277 0.523810 0.360544 0.519274 0.367347 0.523810 0.369615 0.498866 0.380952 0.489796 0.394558 0.487528 0.435374 0.494331 0.448980 0.492063 0.458050 0.514739 0.478458 0.519274 0.473923 0.521542 0.478458 0.530612 0.469388 0.551020 0.467120 0.557823 0.458050 0.571429 0.451247 0.569161 0.444444 0.573696 0.435374 0.569161 0.428571 0.566893 0.410431 0.571429 0.410431 0.575964 0.403628 0.575964 0.392290 0.571429 0.387755 0.569161 0.369615
0 0.544218 0.478458 0.546485 0.498866 0.537415 0.501134 0.526077 0.514739 0.514739 0.514739 0.521542 0.521542 0.523810 0.532880 0.532880 0.537415 0.544218 0.553288 0.553288 0.557823 0.582766 0.557823 0.591837 0.553288 0.598639 0.544218 0.598639 0.535147 0.591837 0.532880 0.594104 0.517007 0.573696 0.494331 0.555556 0.492063
0 0.603175 0.362812 0.591837 0.360544 0.575964 0.374150 0.573696 0.387755 0.578231 0.392290 0.578231 0.403628 0.571429 0.412698 0.569161 0.410431 0.569161 0.419501 0.607710 0.383220 0.603175 0.380952
0 0.455782 0.467120 0.453515 0.476190 0.458050 0.494331 0.476190 0.505669 0.485261 0.505669 0.487528 0.510204 0.494331 0.501134 0.514739 0.496599 0.521542 0.482993 0.519274 0.476190 0.514739 0.480726 0.494331 0.462585 0.462585 0.460317
0 0.544218 0.473923 0.530612 0.471655 0.521542 0.480726 0.523810 0.482993 0.514739 0.498866 0.494331 0.503401 0.489796 0.510204 0.526077 0.512472 0.537415 0.498866 0.544218 0.498866