0 0.530612 0.417234 0.535147 0.428571 0.551020 0.439909 0.555556 0.433107 0.564626 0.433107 0.580499 0.444444 0.587302 0.444444 0.582766 0.428571 0.564626 0.417234 0.551020 0.414966 0.535147 0.421769
0 0.482993 0.258503 0.464853 0.258503 0.444444 0.269841 0.430839 0.283447 0.424036 0.301587 0.424036 0.331066 0.428571 0.344671 0.435374 0.351474 0.451247 0.358277 0.460317 0.369615 0.460317 0.412698 0.469388 0.408163 0.471655 0.371882 0.485261 0.360544 0.473923 0.344671 0.471655 0.308390 0.478458 0.301587 0.485261 0.272109 0.492063 0.265306
0 0.405896 0.464853 0.378685 0.455782 0.362812 0.442177 0.360544 0.435374 0.344671 0.419501 0.328798 0.414966 0.285714 0.424036 0.244898 0.460317 0.240363 0.469388 0.240363 0.480726 0.256236 0.496599 0.285714 0.510204 0.340136 0.512472 0.353741 0.507937 0.365079 0.487528 0.365079 0.480726 0.376417 0.469388 0.385488 0.471655 0.390023 0.467120
0 0.428571 0.369615 0.439909 0.385488 0.451247 0.390023 0.451247 0.378685 0.446712 0.374150
0 0.721088 0.272109 0.709751 0.263039 0.659864 0.263039 0.623583 0.278912 0.614512 0.287982 0.607710 0.287982 0.598639 0.312925 0.582766 0.331066 0.580499 0.356009 0.575964 0.367347 0.551020 0.390023 0.512472 0.412698 0.528345 0.414966 0.532880 0.408163 0.580499 0.385488 0.589569 0.385488 0.630385 0.399093 0.641723 0.399093 0.671202 0.387755 0.709751 0.349206 0.721088 0.321995 0.725624 0.299320 0.725624 0.281179
0 0.467120 0.507937 0.458050 0.519274 0.462585 0.562358 0.458050 0.598639 0.439909 0.619048 0.419501 0.632653 0.405896 0.664399 0.410431 0.680272 0.410431 0.716553 0.417234 0.741497 0.428571 0.759637 0.448980 0.775510 0.473923 0.775510 0.492063 0.759637 0.517007 0.718821 0.523810 0.682540 0.521542 0.648526 0.517007 0.637188 0.503401 0.619048 0.492063 0.614512 0.482993 0.605442 0.476190 0.589569
0 0.269841 0.185941 0.253968 0.208617 0.253968 0.235828 0.263039 0.274376 0.267574 0.276644 0.276644 0.297052 0.292517 0.319728 0.310658 0.337868 0.337868 0.353741 0.390023 0.353741 0.403628 0.367347 0.399093 0.369615 0.414966 0.378685 0.426304 0.392290 0.444444 0.403628 0.453515 0.417234 0.458050 0.414966 0.460317 0.390023 0.446712 0.392290 0.439909 0.387755 0.410431 0.344671 0.410431 0.328798 0.417234 0.310658 0.419501 0.290249 0.414966 0.269841 0.403628 0.251701 0.399093 0.235828 0.358277 0.201814 0.337868 0.190476 0.319728 0.188209 0.308390 0.181406 0.281179 0.181406
0 0.544218 0.476190 0.555556 0.482993 0.578231 0.485261 0.605442 0.496599 0.621315 0.512472 0.625850 0.528345 0.634921 0.539683 0.682540 0.557823 0.725624 0.555556 0.736961 0.548753 0.750567 0.548753 0.770975 0.537415 0.789116 0.510204 0.789116 0.498866 0.775510 0.476190 0.743764 0.460317 0.698413 0.446712 0.657596 0.451247 0.648526 0.444444 0.630385 0.458050 0.603175 0.469388 0.569161 0.471655 0.557823 0.462585 0.551020 0.473923
0 0.571429 0.199546 0.555556 0.199546 0.523810 0.213152 0.503401 0.233560 0.492063 0.251701 0.494331 0.265306 0.487528 0.272109 0.480726 0.301587 0.473923 0.308390 0.476190 0.344671 0.492063 0.365079 0.492063 0.376417 0.485261 0.390023 0.480726 0.392290 0.478458 0.403628 0.471655 0.408163 0.482993 0.410431 0.485261 0.414966 0.501134 0.414966 0.514739 0.410431 0.501134 0.403628 0.505669 0.390023 0.519274 0.376417 0.544218 0.371882 0.557823 0.349206 0.580499 0.335601 0.580499 0.331066 0.600907 0.303855 0.605442 0.292517 0.605442 0.278912 0.609977 0.274376 0.605442 0.235828 0.589569 0.213152
0 0.433107 0.487528 0.428571 0.487528 0.419501 0.498866 0.399093 0.510204 0.396825 0.521542 0.380952 0.521542 0.371882 0.517007 0.362812 0.517007 0.358277 0.521542 0.340136 0.517007 0.324263 0.519274 0.283447 0.548753 0.238095 0.596372 0.229025 0.619048 0.231293 0.641723 0.269841 0.671202 0.301587 0.668934 0.328798 0.650794 0.346939 0.643991 0.387755 0.607710 0.408163 0.580499 0.403628 0.551020 0.414966 0.526077 0.433107 0.510204
0 0.480726 0.485261 0.480726 0.501134 0.494331 0.510204 0.494331 0.530612 0.501134 0.546485 0.501134 0.575964 0.507937 0.591837 0.535147 0.621315 0.575964 0.637188 0.596372 0.630385 0.609977 0.612245 0.612245 0.587302 0.596372 0.546485 0.575964 0.523810 0.544218 0.503401 0.510204 0.498866 0.503401 0.492063 0.503401 0.487528
0 0.358277 0.383220 0.351474 0.396825 0.353741 0.419501 0.369615 0.446712 0.387755 0.458050 0.403628 0.460317 0.408163 0.464853 0.421769 0.464853 0.437642 0.460317 0.448980 0.451247 0.451247 0.453515 0.455782 0.417234 0.453515 0.419501 0.444444 0.405896 0.426304 0.394558 0.414966 0.380952 0.396825 0.369615 0.383220 0.369615 0.369615 0.374150
0 0.444444 0.464853 0.426304 0.473923 0.414966 0.473923 0.405896 0.467120 0.390023 0.469388 0.380952 0.476190 0.378685 0.492063 0.385488 0.503401 0.390023 0.503401 0.394558 0.510204 0.403628 0.507937 0.424036 0.492063 0.428571 0.480726 0.435374 0.473923 0.437642 0.476190
0 0.503401 0.414966 0.498866 0.424036 0.498866 0.442177 0.485261 0.455782 0.494331 0.458050 0.507937 0.476190 0.521542 0.480726 0.541950 0.478458 0.544218 0.473923 0.548753 0.473923 0.557823 0.460317 0.557823 0.446712 0.541950 0.437642 0.532880 0.428571 0.528345 0.417234
0 0.492063 0.519274 0.480726 0.530612 0.478458 0.541950 0.498866 0.562358 0.498866 0.546485 0.492063 0.530612
0 0.448980 0.455782 0.451247 0.458050 0.446712 0.467120 0.433107 0.482993 0.435374 0.512472 0.444444 0.519274 0.455782 0.521542 0.464853 0.507937 0.469388 0.507937 0.471655 0.501134 0.478458 0.498866 0.476190 0.482993 0.460317 0.480726 0.460317 0.464853 0.453515 0.455782
0 0.467120 0.410431 0.458050 0.417234 0.453515 0.439909 0.462585 0.433107 0.476190 0.433107 0.482993 0.439909 0.487528 0.453515 0.485261 0.451247 0.496599 0.442177 0.496599 0.424036 0.501134 0.417234 0.485261 0.417234 0.482993 0.412698
0 0.507937 0.482993 0.503401 0.469388 0.494331 0.462585 0.480726 0.480726 0.469388 0.480726 0.476190 0.480726 0.478458 0.485261 0.496599 0.482993 0.505669 0.487528
0 0.455782 0.437642 0.453515 0.453515 0.462585 0.464853 0.462585 0.480726 0.480726 0.478458 0.494331 0.460317 0.482993 0.455782 0.482993 0.444444 0.476190 0.435374