0 0.369615 0.351474 0.362812 0.358277 0.356009 0.374150 0.358277 0.396825 0.369615 0.419501 0.380952 0.426304 0.414966 0.426304 0.412698 0.414966 0.396825 0.399093 0.394558 0.376417 0.374150 0.351474
0 0.458050 0.260771 0.446712 0.269841 0.435374 0.285714 0.433107 0.319728 0.428571 0.333333 0.424036 0.337868 0.412698 0.340136 0.437642 0.340136 0.455782 0.349206 0.478458 0.371882 0.487528 0.376417 0.489796 0.369615 0.503401 0.356009 0.498866 0.344671 0.498866 0.333333 0.503401 0.326531 0.501134 0.278912 0.505669 0.276644 0.510204 0.265306 0.482993 0.265306 0.476190 0.260771
0 0.399093 0.589569 0.380952 0.607710 0.362812 0.637188 0.360544 0.675737 0.369615 0.700680 0.378685 0.709751 0.392290 0.716553 0.408163 0.718821 0.417234 0.707483 0.417234 0.691610 0.428571 0.666667 0.453515 0.643991 0.462585 0.614512 0.448980 0.621315 0.426304 0.621315 0.410431 0.607710 0.403628 0.591837
0 0.775510 0.317460 0.746032 0.315193 0.739229 0.319728 0.721088 0.321995 0.705215 0.335601 0.634921 0.367347 0.621315 0.385488 0.623583 0.412698 0.616780 0.421769 0.609977 0.421769 0.609977 0.442177 0.600907 0.460317 0.621315 0.437642 0.630385 0.433107 0.655329 0.430839 0.678005 0.437642 0.687075 0.426304 0.700680 0.419501 0.714286 0.417234 0.736961 0.405896 0.761905 0.401361 0.784580 0.367347 0.791383 0.344671 0.791383 0.333333
0 0.079365 0.387755 0.083900 0.399093 0.083900 0.424036 0.088435 0.433107 0.106576 0.451247 0.129252 0.467120 0.181406 0.482993 0.185941 0.487528 0.190476 0.487528 0.179138 0.480726 0.172336 0.458050 0.172336 0.439909 0.185941 0.426304 0.206349 0.414966 0.213152 0.414966 0.231293 0.401361 0.242630 0.401361 0.276644 0.390023 0.290249 0.390023 0.294785 0.394558 0.276644 0.380952 0.226757 0.358277 0.204082 0.358277 0.190476 0.351474 0.136054 0.349206 0.113379 0.353741 0.095238 0.365079
0 0.519274 0.555556 0.526077 0.555556 0.535147 0.564626 0.587302 0.653061 0.587302 0.702948 0.596372 0.736961 0.603175 0.746032 0.614512 0.752834 0.630385 0.777778 0.650794 0.795918 0.673469 0.804989 0.691610 0.820862 0.714286 0.832200 0.741497 0.834467 0.757370 0.827664 0.777778 0.802721 0.780045 0.786848 0.802721 0.741497 0.802721 0.723356 0.786848 0.693878 0.752834 0.659864 0.741497 0.657596 0.689342 0.619048 0.668934 0.614512 0.619048 0.614512 0.591837 0.603175 0.575964 0.582766 0.575964 0.578231 0.557823 0.569161 0.551020 0.546485 0.530612 0.555556
0 0.782313 0.083900 0.761905 0.074830 0.725624 0.072562 0.718821 0.077098 0.705215 0.077098 0.691610 0.083900 0.673469 0.102041 0.666667 0.104308 0.630385 0.140590 0.625850 0.154195 0.621315 0.158730 0.619048 0.156463 0.632653 0.165533 0.641723 0.181406 0.641723 0.188209 0.646259 0.190476 0.648526 0.258503 0.630385 0.308390 0.621315 0.317460 0.616780 0.333333 0.648526 0.315193 0.691610 0.317460 0.716553 0.306122 0.773243 0.240363 0.786848 0.210884 0.791383 0.190476 0.802721 0.170068 0.807256 0.147392 0.793651 0.099773
0 0.417234 0.521542 0.394558 0.537415 0.383220 0.539683 0.342404 0.562358 0.315193 0.571429 0.292517 0.573696 0.274376 0.566893 0.244898 0.566893 0.222222 0.585034 0.204082 0.587302 0.190476 0.603175 0.160998 0.621315 0.117914 0.664399 0.095238 0.700680 0.095238 0.716553 0.086168 0.732426 0.092971 0.777778 0.108844 0.786848 0.165533 0.786848 0.226757 0.766440 0.272109 0.741497 0.285714 0.723356 0.315193 0.702948 0.337868 0.671202 0.340136 0.621315 0.346939 0.598639 0.362812 0.585034 0.367347 0.585034 0.394558 0.557823 0.396825 0.562358 0.396825 0.553288
0 0.158730 0.133787 0.149660 0.145125 0.156463 0.185941 0.174603 0.219955 0.204082 0.256236 0.208617 0.267574 0.231293 0.285714 0.253968 0.310658 0.294785 0.333333 0.337868 0.331066 0.362812 0.340136 0.383220 0.358277 0.399093 0.380952 0.412698 0.342404 0.405896 0.344671 0.396825 0.335601 0.385488 0.315193 0.376417 0.285714 0.376417 0.260771 0.356009 0.224490 0.337868 0.201814 0.299320 0.163265 0.238095 0.126984 0.190476 0.124717 0.183673 0.129252 0.167800 0.129252
0 0.920635 0.435374 0.904762 0.419501 0.886621 0.408163 0.852608 0.396825 0.770975 0.396825 0.757370 0.405896 0.736961 0.408163 0.687075 0.428571 0.678005 0.439909 0.653061 0.458050 0.628118 0.462585 0.598639 0.473923 0.594104 0.469388 0.600907 0.464853 0.591837 0.467120 0.575964 0.485261 0.571429 0.485261 0.614512 0.482993 0.637188 0.487528 0.648526 0.494331 0.664399 0.496599 0.705215 0.528345 0.725624 0.528345 0.748299 0.537415 0.770975 0.532880 0.809524 0.537415 0.879819 0.514739 0.907029 0.494331 0.920635 0.473923
0 0.496599 0.585034 0.478458 0.607710 0.462585 0.616780 0.455782 0.643991 0.430839 0.666667 0.419501 0.691610 0.419501 0.707483 0.408163 0.721088 0.408163 0.766440 0.414966 0.825397 0.430839 0.861678 0.455782 0.882086 0.476190 0.877551 0.494331 0.863946 0.503401 0.848073 0.523810 0.825397 0.523810 0.814059 0.532880 0.786848 0.530612 0.761905 0.537415 0.723356 0.537415 0.700680 0.530612 0.689342 0.530612 0.675737 0.521542 0.657596 0.494331 0.625850 0.492063 0.607710
0 0.174603 0.439909 0.174603 0.458050 0.181406 0.480726 0.190476 0.485261 0.204082 0.501134 0.226757 0.512472 0.238095 0.512472 0.260771 0.521542 0.306122 0.523810 0.312925 0.519274 0.365079 0.519274 0.371882 0.514739 0.383220 0.514739 0.394558 0.505669 0.424036 0.494331 0.403628 0.469388 0.403628 0.448980 0.396825 0.451247 0.383220 0.444444 0.369615 0.428571 0.351474 0.419501 0.335601 0.417234 0.315193 0.399093 0.299320 0.399093 0.290249 0.392290 0.276644 0.392290 0.269841 0.396825 0.231293 0.403628 0.213152 0.417234 0.192744 0.424036
0 0.623583 0.160998 0.589569 0.163265 0.560091 0.185941 0.544218 0.213152 0.532880 0.224490 0.519274 0.260771 0.503401 0.278912 0.505669 0.326531 0.501134 0.333333 0.501134 0.344671 0.505669 0.358277 0.510204 0.360544 0.512472 0.385488 0.507937 0.390023 0.505669 0.403628 0.498866 0.408163 0.501134 0.428571 0.507937 0.435374 0.510204 0.430839 0.512472 0.435374 0.517007 0.435374 0.521542 0.426304 0.532880 0.417234 0.532880 0.403628 0.548753 0.383220 0.566893 0.374150 0.580499 0.374150 0.596372 0.353741 0.616780 0.335601 0.614512 0.326531 0.628118 0.308390 0.646259 0.258503 0.643991 0.190476 0.639456 0.188209 0.639456 0.181406 0.630385 0.165533
0 0.530612 0.494331 0.551020 0.523810 0.551020 0.537415 0.546485 0.544218 0.555556 0.548753 0.555556 0.560091 0.560091 0.569161 0.575964 0.575964 0.594104 0.594104 0.612245 0.594104 0.625850 0.600907 0.675737 0.596372 0.693878 0.589569 0.705215 0.573696 0.698413 0.530612 0.691610 0.521542 0.643991 0.492063 0.614512 0.485261 0.580499 0.485261
0 0.414966 0.342404 0.399093 0.383220 0.399093 0.399093 0.414966 0.414966 0.414966 0.428571 0.419501 0.433107 0.417234 0.435374 0.433107 0.435374 0.435374 0.430839 0.453515 0.428571 0.464853 0.442177 0.476190 0.444444 0.489796 0.435374 0.501134 0.433107 0.496599 0.408163 0.498866 0.394558 0.489796 0.380952 0.478458 0.374150 0.455782 0.351474 0.437642 0.342404
0 0.433107 0.501134 0.433107 0.507937 0.405896 0.539683 0.399093 0.553288 0.396825 0.573696 0.408163 0.600907 0.421769 0.616780 0.448980 0.619048 0.471655 0.609977 0.489796 0.591837 0.505669 0.546485 0.496599 0.544218 0.482993 0.532880 0.480726 0.514739 0.458050 0.514739 0.446712 0.503401
0 0.598639 0.408163 0.580499 0.401361 0.553288 0.401361 0.530612 0.419501 0.517007 0.437642 0.512472 0.437642 0.510204 0.433107 0.510204 0.437642 0.523810 0.446712 0.519274 0.464853 0.535147 0.476190 0.530612 0.489796 0.566893 0.487528 0.575964 0.482993 0.591837 0.464853 0.598639 0.462585 0.607710 0.442177 0.607710 0.419501
0 0.414966 0.437642 0.403628 0.453515 0.408163 0.473923 0.426304 0.496599 0.448980 0.503401 0.453515 0.492063 0.464853 0.480726 0.462585 0.471655 0.473923 0.460317 0.467120 0.458050 0.467120 0.448980 0.471655 0.444444 0.464853 0.444444 0.453515 0.430839 0.442177 0.430839 0.433107 0.437642
0 0.548753 0.523810 0.530612 0.498866 0.519274 0.519274 0.496599 0.519274 0.482993 0.514739 0.485261 0.532880 0.496599 0.541950 0.505669 0.544218 0.514739 0.553288 0.530612 0.553288 0.546485 0.546485 0.544218 0.544218 0.548753 0.537415
0 0.521542 0.446712 0.503401 0.433107 0.471655 0.446712 0.469388 0.458050 0.480726 0.458050 0.492063 0.469388 0.519274 0.467120 0.517007 0.460317 0.521542 0.455782
0 0.464853 0.482993 0.455782 0.492063 0.451247 0.505669 0.458050 0.512472 0.485261 0.514739 0.482993 0.501134 0.469388 0.498866
0 0.476190 0.460317 0.464853 0.471655 0.469388 0.482993 0.469388 0.496599 0.482993 0.498866 0.487528 0.505669 0.487528 0.514739 0.519274 0.517007 0.528345 0.501134 0.528345 0.487528 0.532880 0.476190 0.523810 0.469388 0.492063 0.471655 0.480726 0.460317