0 0.365079 0.532880 0.376417 0.553288 0.412698 0.562358 0.424036 0.548753 0.439909 0.537415 0.435374 0.535147 0.437642 0.523810 0.458050 0.514739 0.453515 0.510204 0.426304 0.507937 0.421769 0.501134 0.412698 0.498866 0.390023 0.498866 0.371882 0.512472
0 0.346939 0.276644 0.331066 0.290249 0.324263 0.306122 0.324263 0.342404 0.328798 0.349206 0.328798 0.358277 0.344671 0.385488 0.360544 0.401361 0.374150 0.408163 0.390023 0.408163 0.412698 0.399093 0.424036 0.403628 0.451247 0.428571 0.467120 0.451247 0.467120 0.435374 0.453515 0.421769 0.448980 0.408163 0.442177 0.403628 0.437642 0.387755 0.435374 0.353741 0.428571 0.342404 0.428571 0.333333 0.444444 0.315193 0.439909 0.315193 0.433107 0.306122 0.421769 0.306122 0.394558 0.294785 0.376417 0.272109 0.371882 0.276644
0 0.548753 0.578231 0.539683 0.585034 0.551020 0.609977 0.553288 0.632653 0.526077 0.659864 0.521542 0.680272 0.521542 0.696145 0.526077 0.718821 0.532880 0.727891 0.532880 0.741497 0.551020 0.755102 0.571429 0.777778 0.589569 0.786848 0.612245 0.786848 0.623583 0.782313 0.641723 0.764172 0.648526 0.750567 0.650794 0.684807 0.641723 0.682540 0.634921 0.675737 0.623583 0.653061 0.603175 0.634921 0.596372 0.621315 0.578231 0.621315 0.566893 0.609977
0 0.727891 0.233560 0.700680 0.226757 0.666667 0.208617 0.653061 0.208617 0.632653 0.219955 0.619048 0.233560 0.612245 0.253968 0.594104 0.285714 0.594104 0.308390 0.614512 0.349206 0.612245 0.374150 0.603175 0.396825 0.566893 0.446712 0.585034 0.442177 0.600907 0.426304 0.609977 0.408163 0.621315 0.396825 0.619048 0.383220 0.625850 0.369615 0.650794 0.349206 0.664399 0.344671 0.684807 0.326531 0.689342 0.315193 0.689342 0.297052 0.702948 0.281179 0.716553 0.276644 0.741497 0.258503 0.743764 0.253968
0 0.419501 0.614512 0.410431 0.607710 0.403628 0.614512 0.387755 0.614512 0.369615 0.603175 0.356009 0.600907 0.324263 0.609977 0.306122 0.609977 0.285714 0.628118 0.258503 0.641723 0.238095 0.666667 0.240363 0.696145 0.235828 0.718821 0.240363 0.746032 0.249433 0.766440 0.263039 0.777778 0.276644 0.782313 0.297052 0.782313 0.326531 0.770975 0.351474 0.752834 0.362812 0.750567 0.378685 0.739229 0.394558 0.721088 0.412698 0.707483 0.426304 0.684807 0.430839 0.655329 0.435374 0.646259
0 0.911565 0.582766 0.907029 0.546485 0.900227 0.539683 0.902494 0.528345 0.859410 0.492063 0.791383 0.489796 0.775510 0.496599 0.757370 0.496599 0.750567 0.498866 0.730159 0.519274 0.696145 0.532880 0.614512 0.526077 0.612245 0.521542 0.596372 0.528345 0.587302 0.528345 0.634921 0.544218 0.655329 0.546485 0.691610 0.560091 0.714286 0.573696 0.752834 0.616780 0.768707 0.623583 0.777778 0.623583 0.793651 0.632653 0.875283 0.630385 0.895692 0.614512
0 0.349206 0.074830 0.333333 0.090703 0.331066 0.099773 0.331066 0.163265 0.335601 0.181406 0.346939 0.199546 0.349206 0.217687 0.378685 0.265306 0.378685 0.274376 0.394558 0.292517 0.421769 0.303855 0.437642 0.301587 0.448980 0.312925 0.460317 0.308390 0.473923 0.294785 0.494331 0.294785 0.489796 0.274376 0.489796 0.235828 0.480726 0.215420 0.480726 0.199546 0.442177 0.117914 0.414966 0.095238 0.380952 0.077098
0 0.519274 0.566893 0.514739 0.566893 0.496599 0.598639 0.496599 0.616780 0.492063 0.628118 0.494331 0.634921 0.482993 0.671202 0.464853 0.689342 0.448980 0.698413 0.426304 0.734694 0.428571 0.750567 0.414966 0.784580 0.417234 0.809524 0.412698 0.818594 0.408163 0.848073 0.408163 0.893424 0.414966 0.911565 0.428571 0.922902 0.446712 0.922902 0.480726 0.891156 0.489796 0.870748 0.501134 0.857143 0.505669 0.836735 0.514739 0.818594 0.514739 0.809524 0.521542 0.798186 0.530612 0.727891 0.523810 0.718821 0.514739 0.650794
0 0.120181 0.446712 0.120181 0.462585 0.136054 0.480726 0.188209 0.505669 0.267574 0.526077 0.315193 0.526077 0.344671 0.514739 0.358277 0.501134 0.376417 0.494331 0.414966 0.498866 0.426304 0.496599 0.444444 0.501134 0.451247 0.507937 0.442177 0.478458 0.419501 0.480726 0.408163 0.471655 0.396825 0.471655 0.385488 0.464853 0.371882 0.462585 0.333333 0.435374 0.285714 0.417234 0.263039 0.417234 0.238095 0.410431 0.165533 0.412698 0.131519 0.428571
0 0.802721 0.269841 0.786848 0.256236 0.759637 0.253968 0.750567 0.258503 0.743764 0.256236 0.716553 0.278912 0.702948 0.283447 0.691610 0.297052 0.691610 0.315193 0.687075 0.326531 0.664399 0.346939 0.650794 0.351474 0.628118 0.369615 0.621315 0.383220 0.623583 0.396825 0.628118 0.396825 0.625850 0.419501 0.609977 0.421769 0.603175 0.435374 0.628118 0.446712 0.653061 0.444444 0.664399 0.433107 0.680272 0.435374 0.698413 0.419501 0.714286 0.412698 0.730159 0.390023 0.761905 0.358277 0.770975 0.344671 0.793651 0.326531 0.807256 0.290249 0.807256 0.278912
0 0.562358 0.526077 0.564626 0.555556 0.578231 0.566893 0.591837 0.585034 0.591837 0.609977 0.598639 0.616780 0.605442 0.634921 0.625850 0.653061 0.625850 0.657596 0.641723 0.680272 0.650794 0.682540 0.653061 0.689342 0.657596 0.687075 0.664399 0.693878 0.696145 0.709751 0.730159 0.709751 0.746032 0.696145 0.748299 0.680272 0.741497 0.653061 0.723356 0.623583 0.712018 0.612245 0.687075 0.596372 0.671202 0.580499 0.639456 0.562358 0.600907 0.557823 0.566893 0.532880 0.571429 0.526077 0.573696 0.528345 0.571429 0.523810
0 0.473923 0.297052 0.460317 0.310658 0.446712 0.315193 0.430839 0.333333 0.430839 0.342404 0.437642 0.353741 0.439909 0.387755 0.444444 0.403628 0.469388 0.424036 0.467120 0.453515 0.478458 0.451247 0.503401 0.462585 0.514739 0.444444 0.523810 0.439909 0.539683 0.439909 0.523810 0.412698 0.523810 0.387755 0.514739 0.360544 0.514739 0.324263 0.496599 0.297052
0 0.489796 0.519274 0.471655 0.519274 0.448980 0.537415 0.442177 0.537415 0.424036 0.551020 0.412698 0.564626 0.414966 0.573696 0.408163 0.589569 0.410431 0.605442 0.421769 0.614512 0.437642 0.650794 0.453515 0.650794 0.467120 0.643991 0.487528 0.625850 0.494331 0.598639 0.512472 0.569161 0.510204 0.560091 0.503401 0.553288 0.501134 0.535147 0.496599 0.530612 0.498866 0.528345
0 0.653061 0.446712 0.628118 0.448980 0.600907 0.437642 0.594104 0.444444 0.564626 0.448980 0.560091 0.480726 0.551020 0.496599 0.557823 0.498866 0.562358 0.505669 0.560091 0.526077 0.569161 0.521542 0.585034 0.528345 0.605442 0.521542 0.612245 0.512472 0.625850 0.507937 0.650794 0.476190
0 0.464853 0.453515 0.462585 0.458050 0.451247 0.462585 0.442177 0.473923 0.448980 0.496599 0.460317 0.514739 0.487528 0.517007 0.485261 0.503401 0.498866 0.489796 0.512472 0.485261 0.505669 0.464853 0.487528 0.455782
0 0.498866 0.530612 0.503401 0.535147 0.505669 0.553288 0.514739 0.564626 0.521542 0.566893 0.526077 0.580499 0.539683 0.582766 0.560091 0.564626 0.562358 0.551020 0.557823 0.523810 0.535147 0.528345 0.526077 0.521542
0 0.541950 0.439909 0.514739 0.446712 0.505669 0.462585 0.514739 0.482993 0.532880 0.496599 0.548753 0.496599 0.553288 0.492063 0.560091 0.467120 0.560091 0.451247
0 0.535147 0.496599 0.537415 0.505669 0.528345 0.519274 0.535147 0.526077 0.555556 0.523810 0.560091 0.517007 0.557823 0.501134
0 0.487528 0.503401 0.489796 0.517007 0.501134 0.528345 0.517007 0.523810 0.514739 0.519274 0.501134 0.512472 0.498866 0.496599 0.494331 0.496599
0 0.514739 0.485261 0.496599 0.494331 0.503401 0.498866 0.503401 0.512472 0.514739 0.517007 0.519274 0.523810 0.532880 0.512472 0.535147 0.501134 0.530612 0.494331