0 0.524000 0.492453 0.498000 0.494340 0.478000 0.509434 0.474000 0.520755 0.468000 0.526415 0.462000 0.558491 0.468000 0.564151 0.476000 0.581132 0.476000 0.588679 0.484000 0.586792 0.486000 0.583019 0.498000 0.583019 0.502000 0.567925 0.518000 0.554717 0.536000 0.533962 0.536000 0.507547
0 0.440000 0.552830 0.432000 0.562264 0.434000 0.573585 0.442000 0.577358 0.444000 0.584906 0.462000 0.586792 0.474000 0.594340 0.480000 0.588679 0.474000 0.588679 0.474000 0.581132 0.466000 0.564151 0.454000 0.550943
0 0.594000 0.475472 0.586000 0.475472 0.580000 0.471698 0.552000 0.471698 0.532000 0.488679 0.530000 0.496226 0.538000 0.507547 0.540000 0.518868 0.538000 0.533962 0.520000 0.554717 0.504000 0.567925 0.502000 0.575472 0.520000 0.556604 0.540000 0.547170 0.588000 0.507547
0 0.476000 0.594340 0.476000 0.600000 0.484000 0.601887 0.498000 0.626415 0.514000 0.630189 0.520000 0.639623 0.528000 0.641509 0.544000 0.637736 0.548000 0.643396 0.568000 0.647170 0.566000 0.641509 0.570000 0.637736 0.574000 0.641509 0.580000 0.641509 0.598000 0.616981 0.596000 0.605660 0.590000 0.598113 0.590000 0.586792 0.594000 0.583019 0.576000 0.567925 0.560000 0.567925 0.552000 0.573585 0.526000 0.567925 0.510000 0.579245 0.498000 0.592453 0.488000 0.594340 0.482000 0.588679
0 0.428000 0.630189 0.424000 0.633962 0.432000 0.649057 0.422000 0.658491 0.414000 0.660377 0.398000 0.679245 0.396000 0.715094 0.404000 0.724528 0.408000 0.735849 0.424000 0.750943 0.438000 0.754717 0.466000 0.752830 0.482000 0.739623 0.482000 0.730189 0.488000 0.728302 0.484000 0.720755 0.484000 0.666038 0.468000 0.652830 0.448000 0.652830 0.442000 0.643396 0.448000 0.637736 0.446000 0.630189
0 0.766000 0.377358 0.756000 0.367925 0.738000 0.364151 0.706000 0.366038 0.694000 0.369811 0.686000 0.381132 0.652000 0.411321 0.638000 0.430189 0.614000 0.445283 0.604000 0.466038 0.596000 0.473585 0.590000 0.507547 0.540000 0.549057 0.520000 0.558491 0.504000 0.573585 0.500000 0.581132 0.508000 0.575472 0.512000 0.577358 0.528000 0.562264 0.552000 0.550943 0.566000 0.535849 0.596000 0.513208 0.606000 0.513208 0.612000 0.516981 0.632000 0.516981 0.664000 0.509434 0.690000 0.507547 0.722000 0.492453 0.754000 0.469811 0.762000 0.460377 0.766000 0.441509 0.776000 0.426415 0.774000 0.392453
0 0.316000 0.439623 0.310000 0.449057 0.314000 0.469811 0.340000 0.503774 0.356000 0.516981 0.370000 0.515094 0.378000 0.511321 0.384000 0.503774 0.398000 0.507547 0.406000 0.520755 0.424000 0.537736 0.434000 0.556604 0.432000 0.560377 0.438000 0.549057 0.430000 0.533962 0.422000 0.528302 0.406000 0.507547 0.406000 0.486792 0.398000 0.486792 0.386000 0.481132 0.376000 0.471698 0.376000 0.466038 0.366000 0.458491 0.358000 0.437736 0.358000 0.424528 0.354000 0.428302 0.332000 0.430189
0 0.420000 0.616981 0.414000 0.616981 0.388000 0.628302 0.340000 0.639623 0.278000 0.639623 0.270000 0.647170 0.234000 0.652830 0.212000 0.666038 0.204000 0.683019 0.204000 0.700000 0.210000 0.709434 0.234000 0.684906 0.242000 0.683019 0.248000 0.677358 0.290000 0.656604 0.316000 0.649057 0.370000 0.641509 0.412000 0.626415 0.422000 0.626415
0 0.426000 0.628302 0.412000 0.628302 0.366000 0.652830 0.350000 0.652830 0.346000 0.647170 0.308000 0.652830 0.272000 0.666038 0.242000 0.684906 0.234000 0.686792 0.212000 0.707547 0.206000 0.724528 0.200000 0.732075 0.200000 0.741509 0.194000 0.754717 0.194000 0.767925 0.200000 0.777358 0.210000 0.783019 0.228000 0.783019 0.236000 0.788679 0.264000 0.781132 0.282000 0.779245 0.288000 0.769811 0.296000 0.767925 0.314000 0.750943 0.326000 0.750943 0.340000 0.733962 0.348000 0.737736 0.358000 0.737736 0.370000 0.720755 0.370000 0.701887 0.378000 0.696226 0.374000 0.666038 0.388000 0.652830 0.402000 0.643396 0.410000 0.641509 0.418000 0.633962 0.422000 0.633962
0 0.708000 0.522642 0.696000 0.518868 0.676000 0.520755 0.672000 0.516981 0.674000 0.511321 0.624000 0.518868 0.624000 0.524528 0.618000 0.530189 0.610000 0.547170 0.610000 0.556604 0.596000 0.571698 0.588000 0.575472 0.594000 0.581132 0.608000 0.584906 0.612000 0.592453 0.632000 0.609434 0.640000 0.609434 0.650000 0.601887 0.662000 0.598113 0.702000 0.600000 0.712000 0.594340 0.724000 0.592453 0.732000 0.584906 0.732000 0.571698 0.726000 0.558491 0.726000 0.543396
0 0.306000 0.562264 0.320000 0.601887 0.344000 0.615094 0.352000 0.615094 0.362000 0.609434 0.372000 0.609434 0.382000 0.601887 0.398000 0.603774 0.414000 0.594340 0.428000 0.590566 0.438000 0.577358 0.432000 0.573585 0.430000 0.566038 0.424000 0.566038 0.410000 0.549057 0.394000 0.547170 0.382000 0.537736 0.356000 0.524528 0.344000 0.528302 0.338000 0.535849 0.332000 0.535849 0.314000 0.545283
0 0.472000 0.605660 0.466000 0.620755 0.482000 0.635849 0.488000 0.647170 0.488000 0.656604 0.484000 0.662264 0.486000 0.720755 0.496000 0.750943 0.508000 0.762264 0.512000 0.771698 0.526000 0.784906 0.532000 0.784906 0.544000 0.796226 0.562000 0.803774 0.580000 0.801887 0.588000 0.796226 0.592000 0.784906 0.606000 0.777358 0.608000 0.766038 0.616000 0.756604 0.618000 0.745283 0.612000 0.722642 0.610000 0.692453 0.592000 0.673585 0.574000 0.662264 0.572000 0.652830 0.568000 0.649057 0.518000 0.639623 0.514000 0.643396 0.500000 0.641509 0.484000 0.626415 0.480000 0.613208
0 0.422000 0.600000 0.416000 0.611321 0.422000 0.616981 0.424000 0.626415 0.460000 0.628302 0.464000 0.624528 0.474000 0.596226 0.462000 0.588679 0.440000 0.586792
0 0.512000 0.262264 0.494000 0.262264 0.470000 0.267925 0.446000 0.284906 0.428000 0.324528 0.414000 0.341509 0.420000 0.358491 0.420000 0.367925 0.426000 0.377358 0.428000 0.392453 0.442000 0.403774 0.452000 0.424528 0.458000 0.426415 0.470000 0.441509 0.474000 0.462264 0.476000 0.511321 0.482000 0.503774 0.480000 0.467925 0.484000 0.458491 0.486000 0.435849 0.518000 0.405660 0.540000 0.358491 0.540000 0.330189 0.544000 0.322642 0.532000 0.296226 0.528000 0.273585
0 0.124000 0.398113 0.120000 0.426415 0.130000 0.462264 0.152000 0.484906 0.160000 0.486792 0.168000 0.494340 0.172000 0.503774 0.186000 0.507547 0.194000 0.515094 0.220000 0.515094 0.232000 0.528302 0.248000 0.528302 0.264000 0.518868 0.276000 0.526415 0.282000 0.526415 0.300000 0.515094 0.326000 0.518868 0.342000 0.526415 0.356000 0.522642 0.356000 0.518868 0.338000 0.503774 0.312000 0.469811 0.308000 0.449057 0.298000 0.441509 0.288000 0.439623 0.266000 0.416981 0.240000 0.407547 0.224000 0.394340 0.214000 0.381132 0.210000 0.381132 0.196000 0.371698 0.172000 0.369811 0.154000 0.371698 0.144000 0.375472
0 0.358000 0.335849 0.344000 0.352830 0.344000 0.373585 0.340000 0.379245 0.338000 0.398113 0.346000 0.407547 0.348000 0.415094 0.360000 0.424528 0.360000 0.437736 0.368000 0.458491 0.378000 0.466038 0.378000 0.471698 0.398000 0.484906 0.406000 0.484906 0.412000 0.481132 0.420000 0.486792 0.440000 0.528302 0.444000 0.547170 0.454000 0.549057 0.440000 0.507547 0.432000 0.494340 0.434000 0.475472 0.450000 0.460377 0.450000 0.447170 0.446000 0.437736 0.450000 0.420755 0.440000 0.403774 0.424000 0.401887 0.426000 0.384906 0.418000 0.367925 0.418000 0.358491 0.410000 0.345283 0.406000 0.345283 0.392000 0.333962