0 0.250000 0.566038 0.276000 0.584906 0.280000 0.583019 0.298000 0.598113 0.318000 0.601887 0.322000 0.594340 0.334000 0.586792 0.340000 0.586792 0.354000 0.598113 0.362000 0.598113 0.370000 0.592453 0.386000 0.590566 0.402000 0.583019 0.408000 0.573585 0.418000 0.569811 0.418000 0.554717 0.426000 0.545283 0.440000 0.541509 0.444000 0.537736 0.468000 0.533962 0.500000 0.535849 0.500000 0.530189 0.496000 0.524528 0.484000 0.522642 0.478000 0.526415 0.436000 0.526415 0.426000 0.522642 0.412000 0.507547 0.402000 0.503774 0.360000 0.501887 0.360000 0.509434 0.350000 0.516981 0.338000 0.516981 0.320000 0.511321 0.304000 0.516981 0.298000 0.522642 0.268000 0.524528 0.264000 0.528302 0.258000 0.528302 0.254000 0.532075
0 0.568000 0.633962 0.548000 0.652830 0.526000 0.654717 0.514000 0.681132 0.514000 0.690566 0.520000 0.700000 0.528000 0.732075 0.546000 0.752830 0.566000 0.760377 0.570000 0.766038 0.596000 0.767925 0.606000 0.762264 0.612000 0.749057 0.622000 0.737736 0.628000 0.703774 0.626000 0.694340 0.612000 0.671698 0.610000 0.658491 0.604000 0.652830 0.592000 0.649057 0.582000 0.639623
0 0.506000 0.535849 0.486000 0.537736 0.476000 0.547170 0.468000 0.549057 0.440000 0.573585 0.440000 0.577358 0.434000 0.581132 0.428000 0.592453 0.416000 0.598113 0.388000 0.620755 0.362000 0.624528 0.348000 0.632075 0.330000 0.630189 0.308000 0.662264 0.308000 0.666038 0.292000 0.679245 0.284000 0.709434 0.286000 0.715094 0.272000 0.735849 0.276000 0.766038 0.280000 0.777358 0.290000 0.786792 0.308000 0.796226 0.352000 0.794340 0.396000 0.760377 0.418000 0.732075 0.424000 0.705660 0.434000 0.686792 0.434000 0.675472 0.428000 0.664151 0.412000 0.647170 0.414000 0.624528 0.430000 0.609434 0.444000 0.583019 0.454000 0.575472 0.454000 0.567925 0.478000 0.554717 0.494000 0.539623 0.508000 0.537736
0 0.492000 0.575472 0.478000 0.601887 0.478000 0.607547 0.468000 0.616981 0.466000 0.635849 0.460000 0.645283 0.460000 0.650943 0.452000 0.658491 0.452000 0.664151 0.442000 0.677358 0.436000 0.679245 0.436000 0.686792 0.430000 0.694340 0.418000 0.735849 0.382000 0.775472 0.376000 0.777358 0.356000 0.794340 0.344000 0.796226 0.348000 0.803774 0.342000 0.813208 0.340000 0.828302 0.344000 0.833962 0.346000 0.852830 0.350000 0.862264 0.372000 0.883019 0.398000 0.886792 0.448000 0.873585 0.454000 0.867925 0.468000 0.841509 0.466000 0.828302 0.478000 0.818868 0.482000 0.786792 0.486000 0.781132 0.490000 0.781132 0.494000 0.771698 0.490000 0.767925 0.490000 0.754717 0.480000 0.735849 0.480000 0.730189 0.486000 0.722642 0.486000 0.715094 0.470000 0.700000 0.466000 0.688679 0.466000 0.666038 0.472000 0.650943 0.474000 0.633962 0.484000 0.615094 0.486000 0.601887 0.494000 0.596226
0 0.576000 0.577358 0.574000 0.590566 0.592000 0.607547 0.598000 0.620755 0.610000 0.626415 0.632000 0.652830 0.638000 0.654717 0.660000 0.675472 0.664000 0.686792 0.674000 0.696226 0.680000 0.711321 0.680000 0.720755 0.692000 0.732075 0.692000 0.766038 0.698000 0.777358 0.708000 0.783019 0.722000 0.815094 0.728000 0.820755 0.752000 0.822642 0.776000 0.839623 0.782000 0.849057 0.802000 0.852830 0.810000 0.858491 0.844000 0.858491 0.864000 0.843396 0.864000 0.835849 0.868000 0.830189 0.870000 0.788679 0.856000 0.766038 0.854000 0.756604 0.838000 0.745283 0.836000 0.730189 0.828000 0.720755 0.812000 0.711321 0.792000 0.707547 0.786000 0.694340 0.780000 0.688679 0.746000 0.688679 0.738000 0.681132 0.696000 0.684906 0.672000 0.673585 0.644000 0.650943 0.636000 0.639623 0.594000 0.601887 0.576000 0.581132
0 0.530000 0.466038 0.522000 0.473585 0.516000 0.492453 0.500000 0.505660 0.498000 0.526415 0.502000 0.533962 0.514000 0.539623 0.528000 0.535849 0.544000 0.535849 0.566000 0.543396 0.590000 0.539623 0.594000 0.535849 0.594000 0.526415 0.608000 0.518868 0.612000 0.513208 0.610000 0.492453 0.598000 0.486792 0.592000 0.479245 0.546000 0.479245 0.544000 0.466038
0 0.874000 0.571698 0.870000 0.550943 0.862000 0.539623 0.838000 0.524528 0.820000 0.522642 0.802000 0.507547 0.788000 0.501887 0.772000 0.490566 0.742000 0.492453 0.738000 0.494340 0.732000 0.505660 0.710000 0.505660 0.690000 0.516981 0.668000 0.537736 0.614000 0.539623 0.598000 0.535849 0.596000 0.532075 0.596000 0.535849 0.590000 0.541509 0.580000 0.543396 0.640000 0.550943 0.668000 0.560377 0.678000 0.569811 0.680000 0.583019 0.696000 0.590566 0.712000 0.613208 0.722000 0.613208 0.734000 0.607547 0.750000 0.615094 0.756000 0.615094 0.764000 0.609434 0.774000 0.609434 0.778000 0.603774 0.790000 0.600000 0.814000 0.600000 0.822000 0.607547 0.828000 0.607547 0.840000 0.600000 0.842000 0.594340 0.854000 0.594340 0.862000 0.590566 0.872000 0.581132
0 0.060000 0.443396 0.060000 0.450943 0.068000 0.467925 0.076000 0.475472 0.078000 0.483019 0.096000 0.500000 0.110000 0.505660 0.118000 0.505660 0.120000 0.509434 0.126000 0.509434 0.150000 0.520755 0.180000 0.516981 0.190000 0.509434 0.200000 0.518868 0.212000 0.513208 0.224000 0.513208 0.238000 0.500000 0.252000 0.501887 0.264000 0.488679 0.274000 0.484906 0.332000 0.490566 0.358000 0.500000 0.392000 0.500000 0.412000 0.505660 0.416000 0.509434 0.460000 0.515094 0.482000 0.522642 0.498000 0.520755 0.498000 0.507547 0.492000 0.513208 0.478000 0.513208 0.462000 0.507547 0.446000 0.507547 0.428000 0.501887 0.380000 0.496226 0.366000 0.490566 0.340000 0.486792 0.336000 0.483019 0.320000 0.479245 0.312000 0.469811 0.304000 0.471698 0.298000 0.466038 0.280000 0.458491 0.274000 0.450943 0.272000 0.441509 0.256000 0.432075 0.256000 0.426415 0.248000 0.416981 0.238000 0.413208 0.226000 0.416981 0.176000 0.401887 0.150000 0.403774 0.134000 0.396226 0.112000 0.396226 0.088000 0.405660 0.070000 0.422642
0 0.572000 0.566038 0.576000 0.575472 0.588000 0.581132 0.590000 0.594340 0.628000 0.632075 0.642000 0.633962 0.650000 0.626415 0.656000 0.615094 0.654000 0.600000 0.658000 0.594340 0.658000 0.584906 0.650000 0.569811 0.632000 0.554717 0.608000 0.554717 0.596000 0.569811 0.584000 0.571698
0 0.654000 0.311321 0.642000 0.309434 0.616000 0.324528 0.604000 0.324528 0.590000 0.332075 0.576000 0.333962 0.570000 0.339623 0.570000 0.350943 0.558000 0.366038 0.558000 0.373585 0.550000 0.384906 0.550000 0.394340 0.546000 0.400000 0.550000 0.407547 0.548000 0.422642 0.554000 0.437736 0.554000 0.449057 0.550000 0.452830 0.546000 0.477358 0.556000 0.477358 0.566000 0.460377 0.574000 0.454717 0.596000 0.452830 0.610000 0.445283 0.634000 0.424528 0.654000 0.398113 0.678000 0.377358 0.678000 0.369811 0.674000 0.366038 0.674000 0.349057 0.670000 0.341509 0.670000 0.324528
0 0.858000 0.188679 0.826000 0.183019 0.814000 0.188679 0.788000 0.192453 0.776000 0.196226 0.748000 0.222642 0.732000 0.228302 0.716000 0.249057 0.714000 0.266038 0.702000 0.277358 0.694000 0.307547 0.686000 0.316981 0.686000 0.324528 0.692000 0.333962 0.690000 0.362264 0.684000 0.369811 0.680000 0.369811 0.680000 0.377358 0.656000 0.398113 0.636000 0.424528 0.610000 0.447170 0.598000 0.452830 0.598000 0.458491 0.576000 0.477358 0.588000 0.477358 0.592000 0.471698 0.596000 0.471698 0.612000 0.458491 0.620000 0.447170 0.636000 0.435849 0.698000 0.375472 0.706000 0.375472 0.724000 0.367925 0.736000 0.369811 0.740000 0.373585 0.754000 0.373585 0.762000 0.360377 0.794000 0.356604 0.800000 0.349057 0.800000 0.343396 0.808000 0.335849 0.824000 0.332075 0.838000 0.320755 0.844000 0.311321 0.848000 0.296226 0.864000 0.281132 0.864000 0.277358 0.878000 0.260377 0.878000 0.245283 0.874000 0.235849 0.878000 0.228302 0.878000 0.216981 0.868000 0.198113
0 0.446000 0.424528 0.440000 0.430189 0.434000 0.449057 0.440000 0.464151 0.446000 0.467925 0.446000 0.471698 0.458000 0.486792 0.466000 0.488679 0.482000 0.501887 0.496000 0.501887 0.498000 0.505660 0.514000 0.492453 0.520000 0.475472 0.514000 0.469811 0.512000 0.462264 0.486000 0.435849 0.472000 0.430189 0.468000 0.432075 0.458000 0.428302 0.456000 0.424528
0 0.520000 0.539623 0.516000 0.547170 0.494000 0.560377 0.496000 0.598113 0.502000 0.605660 0.500000 0.635849 0.514000 0.647170 0.522000 0.647170 0.526000 0.650943 0.548000 0.650943 0.564000 0.637736 0.574000 0.616981 0.574000 0.573585 0.570000 0.562264 0.558000 0.550943 0.540000 0.547170 0.534000 0.543396 0.534000 0.537736
0 0.928000 0.392453 0.916000 0.373585 0.896000 0.358491 0.842000 0.354717 0.826000 0.360377 0.804000 0.362264 0.788000 0.369811 0.768000 0.388679 0.756000 0.390566 0.748000 0.400000 0.750000 0.424528 0.756000 0.441509 0.736000 0.464151 0.712000 0.473585 0.702000 0.481132 0.680000 0.486792 0.666000 0.496226 0.638000 0.505660 0.614000 0.509434 0.612000 0.516981 0.626000 0.516981 0.668000 0.503774 0.704000 0.488679 0.722000 0.477358 0.744000 0.477358 0.760000 0.471698 0.784000 0.479245 0.794000 0.490566 0.858000 0.486792 0.862000 0.481132 0.886000 0.466038 0.890000 0.458491 0.908000 0.443396 0.918000 0.426415 0.922000 0.424528
0 0.490000 0.084906 0.482000 0.086792 0.468000 0.096226 0.446000 0.118868 0.446000 0.122642 0.434000 0.135849 0.434000 0.143396 0.430000 0.147170 0.424000 0.166038 0.440000 0.175472 0.460000 0.201887 0.460000 0.247170 0.470000 0.252830 0.476000 0.260377 0.496000 0.266038 0.494000 0.294340 0.488000 0.303774 0.488000 0.313208 0.480000 0.324528 0.484000 0.324528 0.490000 0.330189 0.492000 0.337736 0.494000 0.375472 0.498000 0.381132 0.506000 0.454717 0.514000 0.462264 0.516000 0.469811 0.508000 0.390566 0.502000 0.381132 0.504000 0.371698 0.498000 0.350943 0.502000 0.301887 0.514000 0.284906 0.532000 0.275472 0.554000 0.256604 0.558000 0.249057 0.556000 0.230189 0.568000 0.207547 0.572000 0.175472 0.566000 0.166038 0.566000 0.152830 0.558000 0.130189 0.548000 0.118868 0.538000 0.096226 0.518000 0.086792
0 0.246000 0.316981 0.234000 0.341509 0.234000 0.352830 0.258000 0.384906 0.264000 0.403774 0.272000 0.403774 0.300000 0.422642 0.328000 0.420755 0.338000 0.428302 0.346000 0.428302 0.364000 0.418868 0.392000 0.418868 0.410000 0.430189 0.424000 0.443396 0.434000 0.447170 0.434000 0.439623 0.438000 0.435849 0.402000 0.415094 0.396000 0.407547 0.396000 0.401887 0.388000 0.394340 0.394000 0.384906 0.394000 0.371698 0.380000 0.356604 0.370000 0.328302 0.358000 0.326415 0.342000 0.318868 0.336000 0.311321 0.316000 0.301887 0.276000 0.300000 0.272000 0.303774 0.264000 0.303774
0 0.374000 0.160377 0.362000 0.166038 0.352000 0.177358 0.340000 0.218868 0.340000 0.228302 0.348000 0.239623 0.350000 0.249057 0.362000 0.256604 0.358000 0.266038 0.358000 0.284906 0.368000 0.298113 0.366000 0.313208 0.394000 0.333962 0.394000 0.343396 0.402000 0.347170 0.434000 0.347170 0.448000 0.358491 0.450000 0.367925 0.460000 0.383019 0.464000 0.398113 0.470000 0.407547 0.470000 0.420755 0.474000 0.426415 0.472000 0.428302 0.486000 0.433962 0.494000 0.443396 0.478000 0.403774 0.476000 0.386792 0.464000 0.354717 0.466000 0.339623 0.472000 0.328302 0.486000 0.313208 0.486000 0.303774 0.492000 0.294340 0.494000 0.266038 0.476000 0.262264 0.458000 0.247170 0.458000 0.201887 0.434000 0.171698 0.418000 0.167925 0.406000 0.162264 0.404000 0.158491