0 0.474000 0.526415 0.476000 0.533962 0.468000 0.539623 0.494000 0.554717 0.504000 0.564151 0.508000 0.600000 0.520000 0.613208 0.542000 0.613208 0.548000 0.616981 0.580000 0.616981 0.596000 0.611321 0.604000 0.603774 0.606000 0.579245 0.598000 0.567925 0.598000 0.562264 0.590000 0.554717 0.582000 0.552830 0.574000 0.543396 0.558000 0.535849 0.526000 0.535849 0.514000 0.543396 0.502000 0.545283 0.492000 0.543396
0 0.510000 0.454717 0.484000 0.452830 0.456000 0.467925 0.448000 0.498113 0.452000 0.500000 0.454000 0.509434 0.464000 0.509434 0.474000 0.516981 0.474000 0.524528 0.478000 0.520755 0.496000 0.516981 0.504000 0.505660 0.514000 0.498113 0.522000 0.479245 0.520000 0.464151
0 0.424000 0.530189 0.410000 0.562264 0.416000 0.575472 0.422000 0.581132 0.438000 0.583019 0.444000 0.581132 0.456000 0.569811 0.460000 0.560377 0.460000 0.549057 0.446000 0.530189
0 0.460000 0.562264 0.458000 0.569811 0.450000 0.577358 0.456000 0.575472 0.462000 0.581132 0.472000 0.598113 0.514000 0.643396 0.514000 0.686792 0.524000 0.698113 0.526000 0.711321 0.534000 0.724528 0.546000 0.728302 0.560000 0.739623 0.570000 0.741509 0.592000 0.752830 0.626000 0.752830 0.646000 0.745283 0.662000 0.732075 0.662000 0.700000 0.658000 0.684906 0.650000 0.669811 0.632000 0.654717 0.632000 0.650943 0.610000 0.639623 0.592000 0.635849 0.578000 0.628302 0.540000 0.622642 0.520000 0.624528 0.512000 0.618868 0.506000 0.618868
0 0.424000 0.479245 0.406000 0.492453 0.408000 0.507547 0.414000 0.520755 0.424000 0.528302 0.446000 0.528302 0.452000 0.518868 0.450000 0.500000 0.444000 0.498113 0.444000 0.492453 0.434000 0.479245
0 0.498000 0.403774 0.484000 0.415094 0.478000 0.435849 0.478000 0.452830 0.504000 0.450943 0.510000 0.452830 0.522000 0.466038 0.530000 0.460377 0.540000 0.439623 0.538000 0.424528 0.532000 0.411321 0.524000 0.405660
0 0.634000 0.637736 0.632000 0.605660 0.622000 0.592453 0.608000 0.581132 0.606000 0.603774 0.588000 0.616981 0.548000 0.618868 0.542000 0.615094 0.524000 0.615094 0.530000 0.620755 0.578000 0.626415 0.592000 0.633962 0.610000 0.637736 0.622000 0.645283 0.628000 0.645283
0 0.412000 0.545283 0.398000 0.558491 0.392000 0.560377 0.350000 0.601887 0.342000 0.605660 0.324000 0.605660 0.312000 0.609434 0.292000 0.622642 0.280000 0.626415 0.272000 0.633962 0.268000 0.647170 0.258000 0.656604 0.254000 0.666038 0.256000 0.688679 0.266000 0.709434 0.278000 0.715094 0.294000 0.715094 0.314000 0.707547 0.334000 0.707547 0.342000 0.696226 0.358000 0.683019 0.364000 0.666038 0.376000 0.660377 0.378000 0.656604 0.376000 0.626415 0.366000 0.613208 0.366000 0.607547 0.378000 0.590566 0.410000 0.558491 0.414000 0.549057
0 0.454000 0.511321 0.454000 0.518868 0.448000 0.528302 0.452000 0.537736 0.462000 0.539623 0.474000 0.533962 0.472000 0.516981 0.464000 0.511321
0 0.746000 0.364151 0.734000 0.352830 0.704000 0.345283 0.674000 0.345283 0.638000 0.366038 0.622000 0.369811 0.594000 0.407547 0.592000 0.428302 0.580000 0.445283 0.552000 0.466038 0.530000 0.475472 0.520000 0.484906 0.516000 0.498113 0.532000 0.488679 0.546000 0.484906 0.574000 0.466038 0.586000 0.462264 0.594000 0.464151 0.602000 0.471698 0.614000 0.471698 0.622000 0.477358 0.632000 0.479245 0.688000 0.466038 0.704000 0.450943 0.712000 0.449057 0.734000 0.428302 0.738000 0.407547 0.748000 0.381132
0 0.512000 0.218868 0.486000 0.216981 0.456000 0.226415 0.430000 0.252830 0.428000 0.260377 0.430000 0.275472 0.424000 0.286792 0.428000 0.311321 0.442000 0.333962 0.474000 0.356604 0.476000 0.366038 0.472000 0.413208 0.464000 0.426415 0.466000 0.435849 0.460000 0.462264 0.474000 0.458491 0.476000 0.435849 0.482000 0.420755 0.482000 0.407547 0.496000 0.362264 0.506000 0.356604 0.530000 0.354717 0.536000 0.349057 0.536000 0.337736 0.552000 0.320755 0.556000 0.283019 0.552000 0.277358 0.552000 0.262264 0.548000 0.250943 0.528000 0.226415
0 0.308000 0.364151 0.300000 0.381132 0.298000 0.400000 0.304000 0.418868 0.322000 0.437736 0.334000 0.441509 0.356000 0.443396 0.372000 0.439623 0.410000 0.481132 0.410000 0.488679 0.422000 0.477358 0.400000 0.452830 0.388000 0.432075 0.392000 0.405660 0.390000 0.390566 0.372000 0.375472 0.344000 0.360377 0.320000 0.356604
0 0.358000 0.277358 0.340000 0.290566 0.328000 0.307547 0.328000 0.343396 0.322000 0.356604 0.338000 0.356604 0.356000 0.364151 0.392000 0.390566 0.392000 0.422642 0.400000 0.428302 0.416000 0.452830 0.422000 0.475472 0.434000 0.477358 0.414000 0.416981 0.416000 0.407547 0.432000 0.394340 0.428000 0.383019 0.436000 0.379245 0.440000 0.373585 0.440000 0.364151 0.436000 0.360377 0.434000 0.328302 0.408000 0.288679 0.380000 0.277358
0 0.434000 0.583019 0.422000 0.583019 0.390000 0.600000 0.386000 0.613208 0.388000 0.630189 0.402000 0.643396 0.414000 0.643396 0.428000 0.633962 0.442000 0.633962 0.448000 0.630189 0.450000 0.607547 0.432000 0.588679
0 0.318000 0.532075 0.336000 0.549057 0.332000 0.552830 0.344000 0.550943 0.354000 0.560377 0.368000 0.560377 0.400000 0.549057 0.416000 0.530189 0.422000 0.530189 0.412000 0.520755 0.404000 0.498113 0.372000 0.498113 0.362000 0.494340 0.344000 0.496226 0.320000 0.516981
0 0.122000 0.411321 0.122000 0.424528 0.126000 0.435849 0.140000 0.452830 0.160000 0.471698 0.188000 0.481132 0.202000 0.490566 0.220000 0.490566 0.240000 0.483019 0.246000 0.483019 0.250000 0.486792 0.264000 0.486792 0.286000 0.467925 0.300000 0.467925 0.326000 0.481132 0.334000 0.481132 0.350000 0.490566 0.372000 0.496226 0.404000 0.496226 0.370000 0.484906 0.354000 0.475472 0.320000 0.464151 0.302000 0.454717 0.290000 0.443396 0.286000 0.432075 0.274000 0.422642 0.274000 0.418868 0.256000 0.400000 0.252000 0.400000 0.236000 0.386792 0.224000 0.381132 0.216000 0.381132 0.212000 0.377358 0.172000 0.375472 0.154000 0.379245 0.128000 0.398113
0 0.350000 0.556604 0.338000 0.552830 0.328000 0.554717 0.316000 0.562264 0.288000 0.567925 0.270000 0.554717 0.254000 0.554717 0.244000 0.562264 0.226000 0.564151 0.218000 0.567925 0.190000 0.601887 0.178000 0.626415 0.178000 0.649057 0.182000 0.658491 0.200000 0.669811 0.218000 0.669811 0.254000 0.660377 0.266000 0.647170 0.270000 0.633962 0.280000 0.624528 0.292000 0.620755 0.300000 0.613208 0.300000 0.586792 0.306000 0.581132 0.314000 0.579245 0.318000 0.573585 0.348000 0.560377