0 0.764000 0.279245 0.750000 0.269811 0.726000 0.271698 0.718000 0.275472 0.718000 0.279245 0.702000 0.292453 0.688000 0.294340 0.682000 0.300000 0.678000 0.315094 0.658000 0.332075 0.654000 0.339623 0.654000 0.352830 0.650000 0.360377 0.654000 0.405660 0.642000 0.426415 0.626000 0.445283 0.596000 0.469811 0.594000 0.481132 0.608000 0.471698 0.638000 0.441509 0.664000 0.422642 0.692000 0.413208 0.718000 0.411321 0.732000 0.398113 0.754000 0.388679 0.762000 0.381132 0.776000 0.341509 0.776000 0.318868 0.768000 0.288679 0.762000 0.283019
0 0.294000 0.545283 0.306000 0.560377 0.310000 0.558491 0.322000 0.564151 0.334000 0.579245 0.346000 0.586792 0.380000 0.586792 0.382000 0.583019 0.388000 0.583019 0.396000 0.571698 0.408000 0.567925 0.414000 0.562264 0.420000 0.545283 0.428000 0.533962 0.444000 0.530189 0.446000 0.526415 0.478000 0.526415 0.486000 0.513208 0.484000 0.511321 0.478000 0.518868 0.452000 0.518868 0.448000 0.522642 0.414000 0.520755 0.396000 0.511321 0.388000 0.501887 0.376000 0.500000 0.364000 0.503774 0.354000 0.498113 0.346000 0.498113 0.342000 0.501887 0.330000 0.503774 0.322000 0.516981 0.304000 0.522642 0.296000 0.532075
0 0.520000 0.509434 0.520000 0.516981 0.536000 0.535849 0.544000 0.533962 0.554000 0.526415 0.552000 0.516981 0.546000 0.515094 0.540000 0.507547
0 0.488000 0.564151 0.470000 0.584906 0.462000 0.601887 0.454000 0.609434 0.434000 0.611321 0.424000 0.616981 0.406000 0.650943 0.406000 0.677358 0.422000 0.694340 0.432000 0.700000 0.454000 0.700000 0.462000 0.688679 0.478000 0.679245 0.484000 0.671698 0.488000 0.658491 0.490000 0.628302 0.472000 0.611321 0.472000 0.603774 0.476000 0.590566 0.494000 0.566038
0 0.488000 0.507547 0.488000 0.515094 0.482000 0.524528 0.484000 0.554717 0.496000 0.566038 0.524000 0.566038 0.536000 0.554717 0.534000 0.533962 0.524000 0.526415 0.524000 0.522642 0.518000 0.516981 0.518000 0.509434 0.506000 0.505660
0 0.580000 0.443396 0.556000 0.445283 0.542000 0.458491 0.542000 0.471698 0.538000 0.479245 0.534000 0.505660 0.540000 0.505660 0.556000 0.520755 0.556000 0.516981 0.568000 0.509434 0.578000 0.494340 0.592000 0.483019 0.596000 0.467925 0.590000 0.454717
0 0.400000 0.435849 0.394000 0.458491 0.400000 0.467925 0.410000 0.475472 0.430000 0.471698 0.440000 0.479245 0.452000 0.475472 0.462000 0.479245 0.474000 0.477358 0.478000 0.484906 0.494000 0.498113 0.496000 0.503774 0.518000 0.507547 0.484000 0.473585 0.432000 0.456604 0.420000 0.447170 0.408000 0.443396
0 0.534000 0.558491 0.528000 0.564151 0.528000 0.603774 0.518000 0.607547 0.512000 0.615094 0.520000 0.620755 0.526000 0.620755 0.534000 0.632075 0.534000 0.637736 0.540000 0.641509 0.546000 0.635849 0.560000 0.635849 0.560000 0.622642 0.554000 0.611321 0.548000 0.613208 0.538000 0.598113
0 0.578000 0.556604 0.574000 0.564151 0.584000 0.566038 0.602000 0.579245 0.602000 0.603774 0.608000 0.611321 0.608000 0.616981 0.620000 0.628302 0.636000 0.628302 0.648000 0.624528 0.660000 0.615094 0.666000 0.601887 0.664000 0.583019 0.654000 0.581132 0.652000 0.575472 0.628000 0.573585 0.620000 0.566038 0.608000 0.569811 0.596000 0.562264
0 0.560000 0.316981 0.546000 0.316981 0.534000 0.324528 0.522000 0.360377 0.522000 0.371698 0.530000 0.390566 0.550000 0.409434 0.548000 0.449057 0.556000 0.443396 0.554000 0.433962 0.560000 0.413208 0.576000 0.401887 0.584000 0.400000 0.592000 0.392453 0.594000 0.383019 0.594000 0.354717 0.590000 0.335849 0.580000 0.322642
0 0.544000 0.562264 0.542000 0.579245 0.562000 0.622642 0.562000 0.641509 0.558000 0.652830 0.546000 0.666038 0.546000 0.673585 0.552000 0.681132 0.552000 0.692453 0.572000 0.720755 0.580000 0.726415 0.610000 0.728302 0.614000 0.732075 0.630000 0.730189 0.638000 0.722642 0.650000 0.701887 0.644000 0.669811 0.622000 0.649057 0.618000 0.633962 0.588000 0.632075 0.578000 0.626415 0.560000 0.600000 0.550000 0.577358 0.550000 0.566038
0 0.554000 0.528302 0.538000 0.537736 0.538000 0.554717 0.540000 0.552830 0.544000 0.560377 0.552000 0.566038 0.564000 0.567925 0.576000 0.558491 0.570000 0.549057 0.572000 0.537736
0 0.402000 0.364151 0.392000 0.375472 0.386000 0.400000 0.388000 0.416981 0.400000 0.433962 0.408000 0.441509 0.420000 0.445283 0.432000 0.454717 0.484000 0.471698 0.520000 0.507547 0.530000 0.505660 0.488000 0.454717 0.490000 0.439623 0.508000 0.426415 0.502000 0.418868 0.500000 0.409434 0.488000 0.403774 0.482000 0.398113 0.482000 0.394340 0.464000 0.381132 0.462000 0.366038 0.450000 0.354717 0.426000 0.356604
0 0.504000 0.430189 0.492000 0.439623 0.490000 0.454717 0.500000 0.466038 0.508000 0.460377 0.520000 0.460377 0.530000 0.475472 0.534000 0.492453 0.538000 0.475472 0.522000 0.443396 0.510000 0.428302
0 0.718000 0.535849 0.718000 0.524528 0.704000 0.509434 0.692000 0.505660 0.684000 0.498113 0.660000 0.494340 0.652000 0.500000 0.632000 0.498113 0.622000 0.505660 0.614000 0.507547 0.606000 0.520755 0.600000 0.524528 0.556000 0.522642 0.558000 0.530189 0.572000 0.535849 0.578000 0.532075 0.600000 0.535849 0.610000 0.545283 0.618000 0.562264 0.616000 0.564151 0.634000 0.573585 0.654000 0.573585 0.670000 0.566038 0.690000 0.566038 0.700000 0.558491