0 0.304000 0.454717 0.336000 0.449057 0.338000 0.450943 0.344000 0.445283 0.350000 0.445283 0.308000 0.432075 0.304000 0.439623
0 0.064000 0.360377 0.064000 0.375472 0.070000 0.384906 0.082000 0.396226 0.090000 0.398113 0.102000 0.411321 0.118000 0.415094 0.126000 0.420755 0.142000 0.420755 0.146000 0.424528 0.172000 0.424528 0.212000 0.415094 0.222000 0.405660 0.242000 0.405660 0.258000 0.413208 0.272000 0.413208 0.296000 0.422642 0.310000 0.432075 0.330000 0.435849 0.368000 0.449057 0.372000 0.452830 0.380000 0.450943 0.362000 0.437736 0.346000 0.435849 0.320000 0.422642 0.306000 0.422642 0.294000 0.413208 0.258000 0.401887 0.242000 0.392453 0.232000 0.377358 0.232000 0.358491 0.204000 0.337736 0.190000 0.332075 0.168000 0.330189 0.160000 0.324528 0.142000 0.318868 0.130000 0.320755 0.126000 0.324528 0.098000 0.326415 0.078000 0.335849
0 0.410000 0.460377 0.422000 0.464151 0.440000 0.464151 0.448000 0.467925 0.488000 0.464151 0.498000 0.454717 0.502000 0.454717 0.510000 0.445283 0.510000 0.437736 0.502000 0.424528 0.484000 0.415094 0.452000 0.415094 0.420000 0.441509 0.418000 0.450943
0 0.414000 0.462264 0.402000 0.460377 0.388000 0.452830 0.384000 0.452830 0.382000 0.460377 0.376000 0.464151 0.372000 0.460377 0.358000 0.458491 0.348000 0.450943 0.340000 0.456604 0.336000 0.452830 0.308000 0.454717 0.290000 0.469811 0.290000 0.477358 0.280000 0.486792 0.274000 0.501887 0.272000 0.520755 0.278000 0.526415 0.304000 0.528302 0.312000 0.535849 0.320000 0.535849 0.332000 0.526415 0.342000 0.524528 0.360000 0.507547 0.370000 0.503774 0.374000 0.490566 0.388000 0.494340 0.402000 0.475472 0.414000 0.466038
0 0.354000 0.411321 0.356000 0.430189 0.368000 0.441509 0.384000 0.450943 0.408000 0.460377 0.416000 0.450943 0.418000 0.441509 0.392000 0.405660 0.382000 0.401887 0.368000 0.401887
0 0.408000 0.471698 0.398000 0.483019 0.392000 0.607547 0.394000 0.632075 0.390000 0.641509 0.382000 0.649057 0.378000 0.649057 0.364000 0.664151 0.364000 0.681132 0.358000 0.690566 0.356000 0.711321 0.368000 0.739623 0.368000 0.749057 0.382000 0.769811 0.398000 0.783019 0.404000 0.783019 0.424000 0.792453 0.438000 0.792453 0.458000 0.786792 0.474000 0.773585 0.482000 0.756604 0.482000 0.745283 0.486000 0.741509 0.490000 0.726415 0.488000 0.713208 0.482000 0.701887 0.480000 0.679245 0.456000 0.654717 0.456000 0.649057 0.452000 0.645283 0.418000 0.639623 0.404000 0.616981 0.402000 0.530189
0 0.416000 0.464151 0.412000 0.469811 0.412000 0.494340 0.426000 0.537736 0.426000 0.549057 0.410000 0.566038 0.414000 0.594340 0.422000 0.605660 0.438000 0.616981 0.450000 0.622642 0.474000 0.624528 0.490000 0.615094 0.498000 0.600000 0.492000 0.564151 0.480000 0.554717 0.474000 0.541509 0.446000 0.541509 0.432000 0.532075 0.420000 0.494340 0.420000 0.464151
0 0.536000 0.498113 0.536000 0.494340 0.518000 0.479245 0.498000 0.481132 0.484000 0.496226 0.456000 0.486792 0.470000 0.496226 0.484000 0.500000 0.492000 0.507547 0.516000 0.516981 0.526000 0.516981 0.530000 0.503774
0 0.704000 0.381132 0.692000 0.367925 0.660000 0.354717 0.612000 0.360377 0.594000 0.367925 0.588000 0.373585 0.578000 0.394340 0.576000 0.418868 0.568000 0.426415 0.546000 0.437736 0.544000 0.435849 0.540000 0.439623 0.512000 0.445283 0.504000 0.452830 0.520000 0.452830 0.540000 0.447170 0.554000 0.437736 0.572000 0.433962 0.588000 0.433962 0.606000 0.447170 0.616000 0.450943 0.646000 0.450943 0.678000 0.432075 0.694000 0.415094 0.704000 0.396226
0 0.468000 0.283019 0.452000 0.283019 0.456000 0.309434 0.442000 0.326415 0.442000 0.335849 0.450000 0.343396 0.450000 0.349057 0.440000 0.358491 0.440000 0.366038 0.434000 0.371698 0.438000 0.373585 0.438000 0.386792 0.424000 0.422642 0.422000 0.437736 0.432000 0.430189 0.434000 0.416981 0.440000 0.407547 0.446000 0.386792 0.446000 0.371698 0.458000 0.362264 0.480000 0.358491 0.490000 0.345283 0.492000 0.318868 0.482000 0.294340
0 0.650000 0.218868 0.636000 0.213208 0.588000 0.218868 0.536000 0.258491 0.530000 0.269811 0.530000 0.279245 0.518000 0.296226 0.520000 0.311321 0.528000 0.324528 0.530000 0.337736 0.506000 0.371698 0.480000 0.392453 0.462000 0.413208 0.470000 0.413208 0.536000 0.350943 0.568000 0.349057 0.586000 0.352830 0.598000 0.339623 0.620000 0.333962 0.624000 0.330189 0.626000 0.320755 0.650000 0.303774 0.670000 0.256604 0.668000 0.237736
0 0.406000 0.224528 0.394000 0.230189 0.376000 0.250943 0.376000 0.262264 0.382000 0.271698 0.382000 0.322642 0.376000 0.343396 0.384000 0.354717 0.386000 0.364151 0.406000 0.384906 0.410000 0.428302 0.414000 0.435849 0.418000 0.424528 0.416000 0.396226 0.422000 0.386792 0.422000 0.381132 0.438000 0.366038 0.438000 0.358491 0.448000 0.349057 0.448000 0.343396 0.440000 0.335849 0.440000 0.326415 0.452000 0.313208 0.454000 0.300000 0.450000 0.281132 0.444000 0.275472 0.442000 0.264151 0.434000 0.256604 0.436000 0.243396 0.424000 0.235849 0.416000 0.226415
0 0.268000 0.173585 0.258000 0.183019 0.238000 0.220755 0.248000 0.279245 0.260000 0.290566 0.282000 0.300000 0.292000 0.307547 0.310000 0.305660 0.332000 0.316981 0.354000 0.347170 0.352000 0.350943 0.380000 0.398113 0.390000 0.403774 0.388000 0.394340 0.352000 0.335849 0.346000 0.311321 0.348000 0.294340 0.366000 0.275472 0.366000 0.262264 0.374000 0.235849 0.362000 0.222642 0.360000 0.215094 0.348000 0.198113 0.324000 0.179245 0.302000 0.167925 0.284000 0.167925 0.274000 0.173585
0 0.164000 0.426415 0.166000 0.458491 0.202000 0.481132 0.254000 0.483019 0.274000 0.473585 0.282000 0.466038 0.290000 0.467925 0.302000 0.456604 0.294000 0.458491 0.286000 0.454717 0.276000 0.445283 0.272000 0.433962 0.252000 0.420755 0.224000 0.418868 0.218000 0.413208 0.192000 0.422642
0 0.422000 0.466038 0.422000 0.471698 0.450000 0.494340 0.458000 0.496226 0.474000 0.511321 0.484000 0.515094 0.506000 0.532075 0.512000 0.554717 0.514000 0.579245 0.524000 0.588679 0.530000 0.588679 0.540000 0.594340 0.552000 0.605660 0.570000 0.611321 0.584000 0.628302 0.628000 0.630189 0.642000 0.626415 0.660000 0.605660 0.658000 0.579245 0.644000 0.550943 0.638000 0.545283 0.614000 0.539623 0.608000 0.533962 0.608000 0.524528 0.598000 0.515094 0.570000 0.513208 0.562000 0.507547 0.552000 0.507547 0.538000 0.518868 0.508000 0.516981 0.492000 0.509434 0.484000 0.501887 0.470000 0.498113 0.442000 0.481132 0.426000 0.466038