0 0.718000 0.311321 0.696000 0.300000 0.656000 0.298113 0.638000 0.309434 0.638000 0.318868 0.632000 0.324528 0.608000 0.330189 0.598000 0.337736 0.590000 0.337736 0.578000 0.349057 0.572000 0.362264 0.572000 0.369811 0.560000 0.375472 0.556000 0.396226 0.548000 0.407547 0.526000 0.426415 0.500000 0.441509 0.492000 0.449057 0.494000 0.452830 0.496000 0.449057 0.524000 0.437736 0.530000 0.432075 0.542000 0.430189 0.552000 0.424528 0.560000 0.424528 0.564000 0.428302 0.572000 0.428302 0.578000 0.432075 0.604000 0.432075 0.620000 0.426415 0.634000 0.416981 0.642000 0.416981 0.646000 0.420755 0.674000 0.416981 0.686000 0.403774 0.698000 0.400000 0.704000 0.394340 0.720000 0.369811 0.720000 0.360377 0.724000 0.356604 0.728000 0.341509 0.726000 0.326415
0 0.482000 0.377358 0.466000 0.377358 0.450000 0.386792 0.440000 0.398113 0.436000 0.437736 0.446000 0.452830 0.458000 0.452830 0.466000 0.458491 0.492000 0.452830 0.490000 0.449057 0.496000 0.443396 0.494000 0.445283 0.490000 0.441509 0.492000 0.418868 0.500000 0.405660 0.498000 0.396226
0 0.470000 0.458491 0.460000 0.473585 0.464000 0.483019 0.474000 0.483019 0.502000 0.490566 0.504000 0.475472 0.500000 0.466038 0.494000 0.462264 0.492000 0.454717
0 0.468000 0.545283 0.474000 0.573585 0.498000 0.620755 0.498000 0.637736 0.482000 0.654717 0.482000 0.683019 0.486000 0.696226 0.504000 0.728302 0.528000 0.750943 0.544000 0.760377 0.564000 0.758491 0.578000 0.750943 0.590000 0.737736 0.596000 0.686792 0.590000 0.673585 0.588000 0.656604 0.572000 0.639623 0.566000 0.637736 0.552000 0.622642 0.544000 0.618868 0.536000 0.618868 0.526000 0.624528 0.510000 0.620755 0.486000 0.586792 0.476000 0.560377 0.480000 0.556604
0 0.668000 0.420755 0.646000 0.422642 0.642000 0.418868 0.634000 0.418868 0.620000 0.428302 0.604000 0.433962 0.578000 0.433962 0.572000 0.430189 0.564000 0.430189 0.564000 0.435849 0.554000 0.447170 0.534000 0.449057 0.514000 0.456604 0.500000 0.458491 0.496000 0.462264 0.504000 0.464151 0.562000 0.449057 0.576000 0.454717 0.582000 0.464151 0.594000 0.473585 0.634000 0.471698 0.650000 0.458491 0.664000 0.435849
0 0.446000 0.454717 0.440000 0.460377 0.442000 0.462264 0.436000 0.466038 0.436000 0.469811 0.442000 0.473585 0.458000 0.475472 0.466000 0.460377 0.458000 0.454717
0 0.466000 0.484906 0.458000 0.518868 0.462000 0.526415 0.462000 0.535849 0.474000 0.550943 0.492000 0.564151 0.504000 0.567925 0.524000 0.567925 0.536000 0.562264 0.546000 0.545283 0.546000 0.528302 0.540000 0.515094 0.534000 0.509434 0.520000 0.509434 0.500000 0.490566
0 0.428000 0.477358 0.416000 0.481132 0.414000 0.477358 0.410000 0.477358 0.384000 0.490566 0.350000 0.498113 0.322000 0.509434 0.312000 0.509434 0.304000 0.515094 0.296000 0.515094 0.286000 0.520755 0.260000 0.520755 0.240000 0.513208 0.230000 0.513208 0.214000 0.522642 0.192000 0.524528 0.180000 0.530189 0.138000 0.569811 0.124000 0.609434 0.124000 0.618868 0.130000 0.633962 0.142000 0.647170 0.156000 0.654717 0.196000 0.652830 0.234000 0.637736 0.264000 0.613208 0.272000 0.598113 0.272000 0.586792 0.284000 0.562264 0.280000 0.539623 0.290000 0.528302 0.306000 0.518868 0.334000 0.511321 0.354000 0.501887 0.384000 0.496226 0.402000 0.486792 0.418000 0.486792
0 0.212000 0.401887 0.202000 0.416981 0.198000 0.437736 0.204000 0.449057 0.224000 0.467925 0.250000 0.469811 0.258000 0.466038 0.274000 0.466038 0.292000 0.454717 0.292000 0.449057 0.286000 0.441509 0.284000 0.418868 0.298000 0.400000 0.276000 0.392453 0.242000 0.388679
0 0.516000 0.124528 0.496000 0.126415 0.474000 0.137736 0.464000 0.149057 0.448000 0.186792 0.450000 0.213208 0.456000 0.232075 0.464000 0.239623 0.474000 0.243396 0.498000 0.269811 0.496000 0.316981 0.482000 0.375472 0.486000 0.379245 0.498000 0.345283 0.506000 0.303774 0.518000 0.277358 0.538000 0.260377 0.554000 0.256604 0.588000 0.218868 0.588000 0.211321 0.582000 0.198113 0.584000 0.173585 0.580000 0.164151 0.556000 0.135849
0 0.422000 0.522642 0.406000 0.584906 0.386000 0.607547 0.378000 0.622642 0.364000 0.633962 0.360000 0.641509 0.362000 0.658491 0.348000 0.677358 0.348000 0.696226 0.342000 0.707547 0.344000 0.733962 0.352000 0.756604 0.360000 0.769811 0.382000 0.783019 0.402000 0.781132 0.424000 0.766038 0.440000 0.745283 0.446000 0.728302 0.446000 0.713208 0.456000 0.701887 0.454000 0.684906 0.446000 0.669811 0.448000 0.650943 0.432000 0.632075 0.436000 0.626415 0.436000 0.616981 0.422000 0.596226 0.426000 0.545283 0.432000 0.528302
0 0.436000 0.471698 0.416000 0.490566 0.416000 0.511321 0.424000 0.522642 0.434000 0.526415 0.444000 0.524528 0.452000 0.516981 0.456000 0.516981 0.458000 0.505660 0.462000 0.501887 0.464000 0.484906 0.458000 0.477358 0.442000 0.475472
0 0.820000 0.533962 0.818000 0.509434 0.808000 0.492453 0.784000 0.473585 0.770000 0.471698 0.758000 0.466038 0.748000 0.466038 0.728000 0.456604 0.702000 0.458491 0.694000 0.462264 0.676000 0.460377 0.668000 0.464151 0.660000 0.475472 0.646000 0.486792 0.608000 0.500000 0.580000 0.498113 0.568000 0.494340 0.538000 0.494340 0.504000 0.484906 0.504000 0.490566 0.508000 0.494340 0.514000 0.492453 0.548000 0.501887 0.566000 0.501887 0.602000 0.509434 0.610000 0.513208 0.628000 0.532075 0.642000 0.533962 0.660000 0.554717 0.676000 0.556604 0.702000 0.571698 0.710000 0.571698 0.722000 0.566038 0.738000 0.569811 0.752000 0.566038 0.770000 0.567925 0.776000 0.562264 0.790000 0.560377 0.808000 0.550943
0 0.396000 0.322642 0.384000 0.332075 0.380000 0.347170 0.376000 0.349057 0.402000 0.384906 0.414000 0.388679 0.422000 0.396226 0.436000 0.432075 0.436000 0.413208 0.432000 0.409434 0.428000 0.392453 0.450000 0.369811 0.450000 0.349057 0.440000 0.335849 0.428000 0.326415 0.414000 0.320755
0 0.230000 0.181132 0.214000 0.200000 0.210000 0.215094 0.212000 0.252830 0.224000 0.269811 0.226000 0.277358 0.242000 0.290566 0.244000 0.301887 0.264000 0.315094 0.278000 0.316981 0.288000 0.326415 0.322000 0.324528 0.328000 0.330189 0.350000 0.337736 0.370000 0.356604 0.376000 0.367925 0.400000 0.396226 0.414000 0.422642 0.430000 0.441509 0.436000 0.456604 0.440000 0.458491 0.444000 0.454717 0.432000 0.433962 0.418000 0.416981 0.400000 0.383019 0.364000 0.333962 0.360000 0.322642 0.366000 0.303774 0.366000 0.294340 0.360000 0.288679 0.362000 0.260377 0.356000 0.252830 0.346000 0.247170 0.344000 0.233962 0.336000 0.216981 0.324000 0.205660 0.316000 0.192453 0.302000 0.183019 0.272000 0.173585 0.248000 0.173585
0 0.288000 0.413208 0.286000 0.430189 0.294000 0.454717 0.322000 0.467925 0.336000 0.481132 0.374000 0.475472 0.400000 0.481132 0.412000 0.475472 0.414000 0.469811 0.426000 0.464151 0.434000 0.467925 0.436000 0.464151 0.424000 0.456604 0.410000 0.452830 0.404000 0.445283 0.402000 0.430189 0.394000 0.422642 0.374000 0.420755 0.368000 0.413208 0.368000 0.407547 0.362000 0.401887 0.334000 0.403774 0.320000 0.394340 0.310000 0.394340 0.300000 0.400000
0 0.428000 0.556604 0.424000 0.596226 0.434000 0.613208 0.438000 0.615094 0.446000 0.605660 0.448000 0.594340 0.452000 0.590566 0.452000 0.573585 0.446000 0.566038 0.432000 0.562264