0 0.628000 0.203774 0.610000 0.203774 0.592000 0.213208 0.574000 0.230189 0.556000 0.262264 0.554000 0.277358 0.560000 0.290566 0.560000 0.313208 0.582000 0.337736 0.582000 0.354717 0.574000 0.369811 0.570000 0.388679 0.552000 0.416981 0.552000 0.430189 0.566000 0.401887 0.584000 0.381132 0.582000 0.371698 0.596000 0.349057 0.620000 0.333962 0.630000 0.332075 0.636000 0.326415 0.642000 0.313208 0.658000 0.296226 0.660000 0.258491 0.650000 0.224528 0.644000 0.215094
0 0.510000 0.249057 0.478000 0.271698 0.472000 0.283019 0.470000 0.301887 0.476000 0.318868 0.476000 0.328302 0.496000 0.366038 0.508000 0.367925 0.516000 0.375472 0.524000 0.398113 0.522000 0.403774 0.530000 0.405660 0.528000 0.375472 0.536000 0.367925 0.540000 0.367925 0.554000 0.352830 0.558000 0.339623 0.558000 0.290566 0.552000 0.271698 0.550000 0.273585 0.528000 0.250943
0 0.334000 0.375472 0.332000 0.400000 0.336000 0.409434 0.344000 0.418868 0.370000 0.432075 0.398000 0.435849 0.404000 0.432075 0.412000 0.432075 0.432000 0.422642 0.432000 0.416981 0.436000 0.413208 0.460000 0.418868 0.474000 0.428302 0.486000 0.432075 0.486000 0.426415 0.478000 0.424528 0.464000 0.413208 0.448000 0.409434 0.440000 0.401887 0.438000 0.371698 0.424000 0.356604 0.416000 0.352830 0.376000 0.350943 0.346000 0.362264
0 0.794000 0.390566 0.788000 0.381132 0.774000 0.373585 0.758000 0.369811 0.700000 0.369811 0.666000 0.388679 0.664000 0.403774 0.668000 0.411321 0.668000 0.420755 0.660000 0.428302 0.650000 0.428302 0.640000 0.435849 0.622000 0.441509 0.588000 0.443396 0.574000 0.447170 0.620000 0.449057 0.644000 0.433962 0.672000 0.422642 0.734000 0.424528 0.758000 0.432075 0.788000 0.416981 0.794000 0.401887
0 0.622000 0.379245 0.600000 0.375472 0.584000 0.383019 0.560000 0.415094 0.554000 0.428302 0.554000 0.437736 0.566000 0.445283 0.604000 0.441509 0.604000 0.437736 0.614000 0.430189 0.626000 0.400000 0.626000 0.386792
0 0.498000 0.405660 0.490000 0.415094 0.488000 0.433962 0.506000 0.450943 0.522000 0.456604 0.538000 0.454717 0.552000 0.441509 0.552000 0.432075 0.538000 0.420755 0.532000 0.407547 0.520000 0.403774
0 0.394000 0.452830 0.426000 0.445283 0.448000 0.445283 0.474000 0.450943 0.502000 0.449057 0.494000 0.443396 0.464000 0.443396 0.460000 0.437736 0.448000 0.435849 0.440000 0.424528 0.430000 0.424528 0.412000 0.433962 0.400000 0.435849
0 0.758000 0.445283 0.754000 0.439623 0.756000 0.433962 0.744000 0.428302 0.716000 0.424528 0.672000 0.424528 0.644000 0.435849 0.620000 0.450943 0.578000 0.452830 0.580000 0.456604 0.584000 0.454717 0.602000 0.458491 0.622000 0.458491 0.628000 0.462264 0.630000 0.471698 0.658000 0.483019 0.690000 0.488679 0.718000 0.484906 0.746000 0.471698 0.756000 0.460377
0 0.554000 0.439623 0.538000 0.456604 0.530000 0.456604 0.530000 0.464151 0.544000 0.467925 0.564000 0.481132 0.576000 0.466038 0.578000 0.454717 0.576000 0.449057 0.560000 0.445283
0 0.376000 0.492453 0.382000 0.501887 0.398000 0.507547 0.412000 0.516981 0.424000 0.520755 0.446000 0.518868 0.474000 0.507547 0.480000 0.500000 0.484000 0.486792 0.490000 0.481132 0.490000 0.471698 0.496000 0.466038 0.520000 0.456604 0.508000 0.452830 0.506000 0.456604 0.484000 0.462264 0.472000 0.450943 0.448000 0.447170 0.426000 0.447170 0.408000 0.452830 0.398000 0.452830 0.380000 0.467925 0.376000 0.479245
0 0.536000 0.466038 0.526000 0.466038 0.518000 0.471698 0.508000 0.473585 0.488000 0.503774 0.486000 0.537736 0.500000 0.545283 0.524000 0.547170 0.544000 0.520755 0.558000 0.507547 0.552000 0.477358
0 0.662000 0.500000 0.662000 0.492453 0.658000 0.488679 0.660000 0.484906 0.634000 0.473585 0.616000 0.479245 0.602000 0.492453 0.590000 0.492453 0.570000 0.479245 0.564000 0.483019 0.572000 0.490566 0.594000 0.500000 0.606000 0.513208 0.618000 0.518868 0.628000 0.518868 0.638000 0.511321 0.654000 0.509434
0 0.554000 0.477358 0.556000 0.494340 0.608000 0.539623 0.608000 0.566038 0.630000 0.592453 0.650000 0.594340 0.666000 0.607547 0.690000 0.611321 0.710000 0.611321 0.728000 0.598113 0.732000 0.588679 0.732000 0.567925 0.724000 0.549057 0.698000 0.526415 0.682000 0.516981 0.662000 0.516981 0.656000 0.511321 0.638000 0.513208 0.628000 0.520755 0.618000 0.520755 0.608000 0.515094 0.596000 0.518868 0.562000 0.490566 0.562000 0.483019
0 0.484000 0.539623 0.462000 0.549057 0.450000 0.562264 0.448000 0.588679 0.456000 0.611321 0.468000 0.624528 0.484000 0.630189 0.500000 0.630189 0.510000 0.626415 0.522000 0.613208 0.534000 0.590566 0.534000 0.579245 0.528000 0.567925 0.528000 0.558491 0.522000 0.549057 0.506000 0.549057