0 0.528000 0.364151 0.512000 0.381132 0.512000 0.394340 0.504000 0.411321 0.520000 0.439623 0.542000 0.441509 0.554000 0.428302 0.562000 0.413208 0.566000 0.400000 0.566000 0.381132 0.544000 0.364151
0 0.520000 0.479245 0.514000 0.486792 0.514000 0.535849 0.522000 0.558491 0.522000 0.569811 0.506000 0.586792 0.506000 0.611321 0.522000 0.628302 0.538000 0.633962 0.552000 0.633962 0.564000 0.626415 0.572000 0.609434 0.572000 0.583019 0.558000 0.569811 0.542000 0.567925 0.526000 0.549057 0.522000 0.533962
0 0.490000 0.490566 0.478000 0.486792 0.464000 0.501887 0.424000 0.530189 0.414000 0.533962 0.380000 0.524528 0.364000 0.530189 0.350000 0.539623 0.340000 0.552830 0.332000 0.575472 0.332000 0.588679 0.338000 0.603774 0.358000 0.616981 0.362000 0.609434 0.370000 0.603774 0.370000 0.590566 0.376000 0.584906 0.400000 0.581132 0.400000 0.577358 0.390000 0.567925 0.408000 0.552830 0.436000 0.543396 0.428000 0.537736 0.430000 0.533962 0.484000 0.492453
0 0.512000 0.447170 0.518000 0.466038 0.528000 0.475472 0.568000 0.473585 0.568000 0.458491 0.564000 0.456604 0.562000 0.449057 0.544000 0.447170 0.542000 0.443396 0.520000 0.441509 0.516000 0.447170
0 0.560000 0.550943 0.562000 0.556604 0.614000 0.601887 0.614000 0.613208 0.606000 0.630189 0.604000 0.645283 0.614000 0.658491 0.618000 0.669811 0.628000 0.679245 0.644000 0.683019 0.668000 0.696226 0.690000 0.700000 0.724000 0.700000 0.748000 0.686792 0.756000 0.673585 0.754000 0.645283 0.748000 0.628302 0.724000 0.603774 0.724000 0.600000 0.714000 0.588679 0.700000 0.581132 0.676000 0.577358 0.666000 0.567925 0.656000 0.567925 0.648000 0.571698 0.632000 0.584906 0.612000 0.583019 0.574000 0.562264 0.566000 0.550943
0 0.526000 0.475472 0.516000 0.466038 0.510000 0.447170 0.492000 0.460377 0.458000 0.466038 0.474000 0.483019 0.498000 0.492453 0.500000 0.488679 0.510000 0.486792 0.512000 0.483019 0.514000 0.484906 0.516000 0.479245
0 0.150000 0.518868 0.164000 0.537736 0.196000 0.550943 0.238000 0.552830 0.244000 0.556604 0.258000 0.556604 0.288000 0.539623 0.306000 0.539623 0.316000 0.532075 0.328000 0.509434 0.338000 0.507547 0.348000 0.496226 0.360000 0.490566 0.406000 0.483019 0.438000 0.484906 0.454000 0.479245 0.470000 0.479245 0.458000 0.467925 0.452000 0.473585 0.436000 0.477358 0.392000 0.479245 0.344000 0.473585 0.330000 0.467925 0.306000 0.443396 0.298000 0.439623 0.290000 0.439623 0.276000 0.445283 0.266000 0.439623 0.242000 0.435849 0.194000 0.447170 0.174000 0.460377 0.150000 0.490566
0 0.528000 0.477358 0.528000 0.500000 0.536000 0.515094 0.538000 0.528302 0.558000 0.549057 0.600000 0.547170 0.608000 0.541509 0.614000 0.511321 0.602000 0.498113 0.596000 0.498113 0.590000 0.492453 0.588000 0.483019 0.578000 0.483019 0.572000 0.475472
0 0.544000 0.315094 0.528000 0.330189 0.522000 0.345283 0.522000 0.366038 0.528000 0.362264 0.544000 0.362264 0.566000 0.379245 0.566000 0.373585 0.574000 0.364151 0.574000 0.354717 0.580000 0.345283 0.580000 0.328302 0.566000 0.316981
0 0.384000 0.394340 0.382000 0.413208 0.386000 0.418868 0.386000 0.430189 0.404000 0.449057 0.410000 0.449057 0.432000 0.460377 0.454000 0.460377 0.458000 0.464151 0.478000 0.462264 0.484000 0.458491 0.492000 0.458491 0.500000 0.452830 0.486000 0.433962 0.478000 0.411321 0.466000 0.405660 0.456000 0.394340 0.448000 0.392453 0.432000 0.379245 0.426000 0.377358 0.412000 0.383019 0.398000 0.383019
0 0.508000 0.488679 0.500000 0.490566 0.494000 0.503774 0.456000 0.545283 0.432000 0.545283 0.408000 0.554717 0.392000 0.567925 0.402000 0.577358 0.402000 0.581132 0.380000 0.584906 0.372000 0.590566 0.372000 0.603774 0.360000 0.615094 0.360000 0.633962 0.366000 0.641509 0.366000 0.658491 0.370000 0.666038 0.384000 0.677358 0.416000 0.679245 0.436000 0.669811 0.458000 0.650943 0.466000 0.635849 0.468000 0.613208 0.486000 0.601887 0.486000 0.567925 0.474000 0.554717 0.474000 0.543396
0 0.748000 0.407547 0.744000 0.403774 0.740000 0.390566 0.726000 0.377358 0.724000 0.383019 0.712000 0.394340 0.690000 0.400000 0.674000 0.411321 0.654000 0.420755 0.642000 0.422642 0.642000 0.435849 0.632000 0.445283 0.608000 0.454717 0.602000 0.452830 0.586000 0.458491 0.570000 0.458491 0.570000 0.466038 0.596000 0.464151 0.634000 0.450943 0.646000 0.450943 0.656000 0.458491 0.676000 0.456604 0.702000 0.443396 0.730000 0.411321 0.744000 0.411321
0 0.288000 0.258491 0.278000 0.277358 0.284000 0.309434 0.292000 0.324528 0.332000 0.362264 0.368000 0.369811 0.388000 0.352830 0.398000 0.352830 0.414000 0.360377 0.428000 0.371698 0.430000 0.377358 0.452000 0.392453 0.434000 0.367925 0.402000 0.337736 0.402000 0.328302 0.410000 0.313208 0.398000 0.309434 0.392000 0.303774 0.390000 0.294340 0.358000 0.264151 0.358000 0.260377 0.338000 0.243396 0.298000 0.249057
0 0.738000 0.326415 0.716000 0.311321 0.696000 0.309434 0.688000 0.305660 0.660000 0.328302 0.640000 0.330189 0.630000 0.337736 0.626000 0.356604 0.604000 0.373585 0.604000 0.400000 0.550000 0.445283 0.562000 0.447170 0.568000 0.437736 0.580000 0.432075 0.598000 0.416981 0.616000 0.409434 0.622000 0.409434 0.632000 0.416981 0.646000 0.420755 0.674000 0.409434 0.690000 0.398113 0.712000 0.392453 0.722000 0.383019 0.726000 0.375472 0.726000 0.364151 0.738000 0.349057
0 0.348000 0.169811 0.338000 0.177358 0.330000 0.190566 0.332000 0.224528 0.340000 0.243396 0.392000 0.294340 0.392000 0.300000 0.398000 0.307547 0.408000 0.309434 0.412000 0.313208 0.430000 0.313208 0.454000 0.330189 0.502000 0.420755 0.504000 0.430189 0.510000 0.437736 0.510000 0.445283 0.516000 0.445283 0.518000 0.439623 0.514000 0.430189 0.510000 0.428302 0.510000 0.422642 0.494000 0.396226 0.494000 0.390566 0.466000 0.335849 0.462000 0.313208 0.466000 0.303774 0.476000 0.294340 0.472000 0.281132 0.474000 0.264151 0.460000 0.247170 0.454000 0.222642 0.438000 0.207547 0.434000 0.198113 0.412000 0.179245 0.392000 0.175472 0.382000 0.167925
0 0.650000 0.133962 0.626000 0.133962 0.602000 0.147170 0.590000 0.158491 0.582000 0.177358 0.582000 0.184906 0.568000 0.201887 0.566000 0.213208 0.574000 0.237736 0.572000 0.258491 0.586000 0.281132 0.588000 0.318868 0.582000 0.326415 0.582000 0.345283 0.576000 0.354717 0.576000 0.364151 0.568000 0.373585 0.566000 0.388679 0.580000 0.364151 0.584000 0.347170 0.606000 0.309434 0.622000 0.294340 0.646000 0.288679 0.662000 0.277358 0.664000 0.269811 0.686000 0.247170 0.690000 0.194340 0.684000 0.171698 0.674000 0.149057 0.660000 0.137736
0 0.876000 0.447170 0.868000 0.432075 0.854000 0.418868 0.830000 0.405660 0.770000 0.403774 0.744000 0.413208 0.730000 0.413208 0.702000 0.445283 0.676000 0.458491 0.656000 0.460377 0.650000 0.466038 0.620000 0.467925 0.612000 0.471698 0.592000 0.467925 0.570000 0.467925 0.570000 0.473585 0.600000 0.477358 0.606000 0.473585 0.694000 0.473585 0.718000 0.494340 0.728000 0.494340 0.740000 0.501887 0.766000 0.503774 0.772000 0.507547 0.790000 0.509434 0.796000 0.505660 0.814000 0.505660 0.820000 0.501887 0.830000 0.501887 0.848000 0.494340 0.872000 0.469811 0.876000 0.460377