0 0.268000 0.194340 0.254000 0.215094 0.254000 0.254717 0.258000 0.264151 0.272000 0.277358 0.276000 0.290566 0.290000 0.303774 0.306000 0.313208 0.310000 0.326415 0.316000 0.330189 0.338000 0.332075 0.348000 0.345283 0.366000 0.345283 0.378000 0.349057 0.390000 0.360377 0.390000 0.364151 0.414000 0.383019 0.420000 0.400000 0.428000 0.405660 0.436000 0.405660 0.430000 0.400000 0.400000 0.349057 0.396000 0.320755 0.402000 0.307547 0.402000 0.294340 0.396000 0.288679 0.396000 0.267925 0.392000 0.258491 0.382000 0.252830 0.370000 0.222642 0.336000 0.190566 0.292000 0.183019
0 0.714000 0.218868 0.696000 0.209434 0.678000 0.209434 0.666000 0.216981 0.654000 0.218868 0.638000 0.226415 0.624000 0.239623 0.616000 0.241509 0.608000 0.249057 0.604000 0.256604 0.604000 0.266038 0.590000 0.284906 0.592000 0.303774 0.588000 0.305660 0.592000 0.313208 0.594000 0.347170 0.590000 0.358491 0.554000 0.392453 0.552000 0.398113 0.536000 0.407547 0.532000 0.416981 0.520000 0.428302 0.508000 0.432075 0.508000 0.435849 0.528000 0.430189 0.544000 0.411321 0.556000 0.405660 0.562000 0.396226 0.596000 0.367925 0.606000 0.364151 0.632000 0.366038 0.642000 0.358491 0.666000 0.364151 0.674000 0.360377 0.682000 0.349057 0.702000 0.341509 0.716000 0.328302 0.718000 0.313208 0.732000 0.284906 0.732000 0.256604 0.728000 0.237736
0 0.444000 0.233962 0.438000 0.235849 0.420000 0.256604 0.420000 0.288679 0.434000 0.315094 0.432000 0.330189 0.436000 0.337736 0.448000 0.347170 0.452000 0.356604 0.472000 0.360377 0.476000 0.364151 0.480000 0.347170 0.488000 0.337736 0.492000 0.326415 0.498000 0.322642 0.512000 0.320755 0.512000 0.313208 0.522000 0.296226 0.510000 0.286792 0.502000 0.269811 0.486000 0.256604 0.478000 0.245283 0.462000 0.235849
0 0.566000 0.290566 0.546000 0.290566 0.532000 0.298113 0.524000 0.298113 0.514000 0.313208 0.514000 0.320755 0.510000 0.324528 0.494000 0.326415 0.490000 0.337736 0.482000 0.347170 0.478000 0.358491 0.482000 0.390566 0.496000 0.401887 0.492000 0.422642 0.486000 0.428302 0.492000 0.435849 0.512000 0.409434 0.532000 0.409434 0.550000 0.398113 0.552000 0.392453 0.560000 0.386792 0.558000 0.381132 0.552000 0.377358 0.554000 0.375472 0.570000 0.377358 0.588000 0.358491 0.592000 0.347170 0.590000 0.313208 0.588000 0.307547
0 0.390000 0.366038 0.360000 0.369811 0.344000 0.381132 0.340000 0.390566 0.344000 0.411321 0.358000 0.424528 0.374000 0.432075 0.394000 0.430189 0.396000 0.420755 0.406000 0.409434 0.422000 0.405660 0.412000 0.383019
0 0.172000 0.424528 0.176000 0.447170 0.200000 0.469811 0.256000 0.488679 0.266000 0.488679 0.276000 0.483019 0.282000 0.483019 0.288000 0.488679 0.304000 0.484906 0.322000 0.469811 0.324000 0.452830 0.330000 0.447170 0.362000 0.450943 0.372000 0.456604 0.400000 0.456604 0.410000 0.462264 0.398000 0.450943 0.366000 0.443396 0.354000 0.443396 0.326000 0.433962 0.314000 0.416981 0.310000 0.401887 0.294000 0.384906 0.272000 0.383019 0.258000 0.375472 0.220000 0.379245 0.204000 0.384906 0.180000 0.405660
0 0.830000 0.435849 0.828000 0.428302 0.806000 0.403774 0.794000 0.400000 0.776000 0.384906 0.750000 0.383019 0.736000 0.390566 0.712000 0.390566 0.694000 0.403774 0.676000 0.403774 0.656000 0.418868 0.654000 0.428302 0.642000 0.441509 0.612000 0.454717 0.576000 0.460377 0.570000 0.466038 0.610000 0.466038 0.646000 0.473585 0.658000 0.483019 0.674000 0.481132 0.690000 0.496226 0.710000 0.496226 0.716000 0.500000 0.742000 0.503774 0.758000 0.496226 0.770000 0.498113 0.778000 0.494340 0.796000 0.494340 0.820000 0.473585 0.828000 0.460377
0 0.680000 0.400000 0.668000 0.390566 0.624000 0.390566 0.596000 0.411321 0.588000 0.441509 0.572000 0.450943 0.570000 0.458491 0.574000 0.460377 0.604000 0.454717 0.632000 0.445283 0.642000 0.439623 0.652000 0.428302 0.654000 0.418868
0 0.406000 0.411321 0.398000 0.420755 0.396000 0.432075 0.404000 0.445283 0.402000 0.450943 0.408000 0.458491 0.436000 0.475472 0.462000 0.473585 0.468000 0.466038 0.470000 0.456604 0.466000 0.450943 0.468000 0.441509 0.464000 0.435849 0.464000 0.428302 0.458000 0.418868 0.438000 0.405660 0.424000 0.405660 0.420000 0.409434
0 0.508000 0.437736 0.500000 0.445283 0.500000 0.450943 0.492000 0.456604 0.492000 0.467925 0.502000 0.471698 0.512000 0.481132 0.546000 0.484906 0.560000 0.475472 0.570000 0.464151 0.568000 0.452830 0.544000 0.435849 0.530000 0.435849 0.526000 0.432075
0 0.468000 0.445283 0.472000 0.456604 0.490000 0.456604 0.498000 0.450943 0.498000 0.445283 0.490000 0.435849 0.480000 0.435849
0 0.490000 0.458491 0.472000 0.458491 0.464000 0.473585 0.476000 0.481132 0.476000 0.471698 0.480000 0.467925 0.490000 0.467925
0 0.480000 0.469811 0.478000 0.483019 0.490000 0.494340 0.504000 0.494340 0.512000 0.483019 0.494000 0.469811
0 0.446000 0.477358 0.438000 0.494340 0.438000 0.509434 0.446000 0.518868 0.450000 0.518868 0.456000 0.524528 0.466000 0.524528 0.480000 0.515094 0.488000 0.501887 0.488000 0.494340 0.472000 0.479245 0.464000 0.475472
0 0.444000 0.477358 0.414000 0.481132 0.404000 0.488679 0.362000 0.500000 0.328000 0.496226 0.320000 0.501887 0.280000 0.498113 0.274000 0.503774 0.258000 0.503774 0.240000 0.513208 0.238000 0.520755 0.232000 0.526415 0.204000 0.537736 0.200000 0.556604 0.190000 0.566038 0.188000 0.594340 0.202000 0.613208 0.224000 0.628302 0.242000 0.628302 0.252000 0.633962 0.276000 0.632075 0.294000 0.618868 0.312000 0.615094 0.326000 0.600000 0.332000 0.586792 0.350000 0.575472 0.354000 0.569811 0.356000 0.556604 0.364000 0.549057 0.370000 0.520755 0.378000 0.511321 0.420000 0.488679 0.438000 0.483019
0 0.552000 0.535849 0.558000 0.545283 0.574000 0.560377 0.578000 0.560377 0.596000 0.579245 0.598000 0.596226 0.590000 0.609434 0.588000 0.620755 0.604000 0.633962 0.606000 0.641509 0.622000 0.660377 0.642000 0.673585 0.682000 0.688679 0.702000 0.688679 0.718000 0.679245 0.728000 0.664151 0.730000 0.641509 0.722000 0.622642 0.690000 0.581132 0.674000 0.573585 0.668000 0.573585 0.654000 0.560377 0.644000 0.560377 0.628000 0.569811 0.606000 0.569811 0.560000 0.535849
0 0.436000 0.494340 0.394000 0.530189 0.382000 0.530189 0.372000 0.524528 0.370000 0.526415 0.366000 0.549057 0.358000 0.556604 0.356000 0.569811 0.352000 0.575472 0.334000 0.586792 0.328000 0.600000 0.312000 0.616981 0.300000 0.620755 0.310000 0.630189 0.342000 0.632075 0.352000 0.626415 0.368000 0.626415 0.390000 0.611321 0.402000 0.596226 0.408000 0.583019 0.408000 0.571698 0.404000 0.564151 0.400000 0.539623 0.432000 0.505660 0.436000 0.507547
0 0.490000 0.496226 0.486000 0.507547 0.490000 0.516981 0.486000 0.522642 0.478000 0.526415 0.474000 0.539623 0.474000 0.566038 0.484000 0.577358 0.484000 0.600000 0.508000 0.626415 0.514000 0.624528 0.524000 0.632075 0.550000 0.628302 0.568000 0.611321 0.568000 0.603774 0.576000 0.594340 0.572000 0.575472 0.574000 0.562264 0.564000 0.552830 0.560000 0.554717 0.556000 0.550943 0.558000 0.547170 0.550000 0.535849 0.552000 0.530189 0.548000 0.522642 0.518000 0.511321 0.502000 0.511321
0 0.458000 0.526415 0.454000 0.560377 0.454000 0.613208 0.440000 0.630189 0.438000 0.639623 0.416000 0.662264 0.416000 0.679245 0.406000 0.705660 0.412000 0.718868 0.412000 0.735849 0.424000 0.758491 0.436000 0.769811 0.470000 0.788679 0.490000 0.788679 0.510000 0.779245 0.516000 0.771698 0.518000 0.760377 0.528000 0.741509 0.530000 0.718868 0.528000 0.705660 0.506000 0.675472 0.508000 0.658491 0.496000 0.645283 0.496000 0.635849 0.472000 0.616981 0.464000 0.603774 0.464000 0.526415
0 0.474000 0.567925 0.466000 0.575472 0.466000 0.603774 0.474000 0.616981 0.496000 0.633962 0.506000 0.626415 0.482000 0.600000 0.482000 0.577358