0 0.282000 0.560377 0.282000 0.583019 0.290000 0.594340 0.318000 0.609434 0.340000 0.613208 0.346000 0.616981 0.358000 0.615094 0.366000 0.609434 0.384000 0.609434 0.398000 0.601887 0.410000 0.590566 0.430000 0.590566 0.446000 0.594340 0.444000 0.588679 0.434000 0.583019 0.412000 0.583019 0.408000 0.579245 0.406000 0.566038 0.384000 0.554717 0.370000 0.552830 0.366000 0.549057 0.362000 0.552830 0.342000 0.552830 0.332000 0.543396 0.318000 0.541509 0.302000 0.547170 0.296000 0.552830 0.290000 0.552830
0 0.732000 0.556604 0.712000 0.516981 0.696000 0.513208 0.648000 0.515094 0.630000 0.522642 0.618000 0.522642 0.610000 0.537736 0.610000 0.550943 0.606000 0.562264 0.598000 0.571698 0.586000 0.575472 0.594000 0.577358 0.600000 0.583019 0.602000 0.579245 0.608000 0.579245 0.626000 0.600000 0.642000 0.603774 0.646000 0.598113 0.664000 0.590566 0.680000 0.592453 0.690000 0.590566 0.700000 0.583019 0.716000 0.583019 0.724000 0.579245 0.732000 0.569811
0 0.782000 0.383019 0.766000 0.377358 0.744000 0.377358 0.724000 0.381132 0.712000 0.386792 0.666000 0.426415 0.656000 0.428302 0.642000 0.445283 0.630000 0.450943 0.622000 0.450943 0.614000 0.471698 0.602000 0.484906 0.592000 0.505660 0.584000 0.511321 0.580000 0.522642 0.536000 0.554717 0.532000 0.562264 0.540000 0.562264 0.550000 0.552830 0.602000 0.522642 0.618000 0.518868 0.630000 0.520755 0.648000 0.513208 0.696000 0.511321 0.712000 0.515094 0.714000 0.511321 0.730000 0.505660 0.738000 0.498113 0.762000 0.488679 0.778000 0.469811 0.782000 0.454717 0.794000 0.435849 0.794000 0.415094
0 0.120000 0.407547 0.112000 0.422642 0.112000 0.449057 0.122000 0.479245 0.144000 0.501887 0.160000 0.507547 0.170000 0.520755 0.194000 0.530189 0.214000 0.530189 0.226000 0.539623 0.244000 0.539623 0.254000 0.530189 0.260000 0.530189 0.268000 0.537736 0.274000 0.537736 0.296000 0.524528 0.318000 0.522642 0.348000 0.535849 0.370000 0.550943 0.384000 0.552830 0.396000 0.558491 0.428000 0.581132 0.436000 0.583019 0.436000 0.575472 0.426000 0.566038 0.354000 0.532075 0.328000 0.515094 0.310000 0.496226 0.310000 0.484906 0.306000 0.477358 0.300000 0.475472 0.294000 0.464151 0.294000 0.452830 0.272000 0.443396 0.252000 0.426415 0.236000 0.422642 0.226000 0.416981 0.206000 0.396226 0.190000 0.390566 0.148000 0.388679 0.136000 0.392453
0 0.428000 0.547170 0.422000 0.556604 0.422000 0.562264 0.438000 0.575472 0.438000 0.584906 0.444000 0.586792 0.448000 0.592453 0.470000 0.592453 0.468000 0.571698 0.458000 0.560377 0.458000 0.556604 0.442000 0.545283
0 0.350000 0.320755 0.342000 0.328302 0.332000 0.347170 0.332000 0.360377 0.324000 0.373585 0.326000 0.394340 0.332000 0.403774 0.344000 0.411321 0.346000 0.422642 0.372000 0.447170 0.388000 0.473585 0.396000 0.479245 0.414000 0.483019 0.420000 0.488679 0.434000 0.516981 0.442000 0.543396 0.456000 0.552830 0.448000 0.528302 0.444000 0.524528 0.426000 0.481132 0.428000 0.466038 0.442000 0.452830 0.446000 0.428302 0.442000 0.424528 0.444000 0.401887 0.432000 0.388679 0.426000 0.394340 0.418000 0.388679 0.420000 0.349057 0.406000 0.333962 0.394000 0.326415 0.394000 0.318868 0.390000 0.315094 0.376000 0.315094 0.364000 0.320755
0 0.434000 0.641509 0.432000 0.643396 0.436000 0.650943 0.428000 0.658491 0.416000 0.658491 0.400000 0.675472 0.400000 0.716981 0.406000 0.722642 0.408000 0.732075 0.426000 0.749057 0.466000 0.749057 0.474000 0.743396 0.488000 0.720755 0.492000 0.718868 0.490000 0.664151 0.474000 0.649057 0.450000 0.649057 0.444000 0.641509
0 0.470000 0.607547 0.470000 0.616981 0.484000 0.630189 0.494000 0.645283 0.494000 0.720755 0.504000 0.735849 0.502000 0.749057 0.508000 0.760377 0.526000 0.777358 0.532000 0.777358 0.544000 0.790566 0.550000 0.790566 0.560000 0.796226 0.584000 0.796226 0.594000 0.784906 0.596000 0.777358 0.610000 0.767925 0.622000 0.750943 0.618000 0.694340 0.612000 0.684906 0.594000 0.667925 0.586000 0.666038 0.578000 0.656604 0.544000 0.645283 0.508000 0.641509
0 0.516000 0.260377 0.486000 0.264151 0.466000 0.277358 0.452000 0.290566 0.448000 0.298113 0.448000 0.307547 0.434000 0.322642 0.430000 0.337736 0.426000 0.341509 0.434000 0.390566 0.442000 0.400000 0.454000 0.405660 0.454000 0.416981 0.474000 0.439623 0.474000 0.454717 0.478000 0.467925 0.478000 0.509434 0.482000 0.498113 0.480000 0.494340 0.484000 0.488679 0.484000 0.452830 0.490000 0.433962 0.506000 0.416981 0.518000 0.409434 0.534000 0.379245 0.544000 0.371698 0.546000 0.366038 0.544000 0.347170 0.548000 0.341509 0.548000 0.311321 0.540000 0.301887 0.542000 0.286792 0.532000 0.266038
0 0.606000 0.479245 0.590000 0.479245 0.586000 0.475472 0.552000 0.477358 0.544000 0.484906 0.540000 0.484906 0.552000 0.501887 0.554000 0.522642 0.548000 0.535849 0.538000 0.543396 0.538000 0.552830 0.564000 0.530189 0.578000 0.522642 0.582000 0.511321 0.590000 0.505660 0.592000 0.498113
0 0.416000 0.616981 0.384000 0.630189 0.330000 0.641509 0.278000 0.639623 0.268000 0.645283 0.250000 0.643396 0.242000 0.649057 0.230000 0.649057 0.206000 0.664151 0.200000 0.679245 0.198000 0.698113 0.208000 0.711321 0.228000 0.690566 0.260000 0.671698 0.302000 0.660377 0.330000 0.658491 0.332000 0.654717 0.348000 0.647170 0.380000 0.639623 0.410000 0.626415 0.418000 0.626415
0 0.540000 0.486792 0.518000 0.488679 0.508000 0.484906 0.502000 0.490566 0.496000 0.505660 0.492000 0.509434 0.482000 0.509434 0.478000 0.513208 0.472000 0.532075 0.472000 0.554717 0.480000 0.567925 0.476000 0.571698 0.470000 0.571698 0.470000 0.600000 0.482000 0.584906 0.490000 0.583019 0.498000 0.569811 0.520000 0.567925 0.530000 0.564151 0.536000 0.552830 0.536000 0.543396 0.546000 0.535849 0.552000 0.522642 0.552000 0.507547
0 0.416000 0.628302 0.402000 0.643396 0.392000 0.645283 0.380000 0.654717 0.366000 0.658491 0.362000 0.662264 0.346000 0.666038 0.336000 0.664151 0.332000 0.660377 0.302000 0.662264 0.260000 0.673585 0.228000 0.692453 0.210000 0.709434 0.204000 0.728302 0.188000 0.747170 0.188000 0.754717 0.182000 0.766038 0.182000 0.788679 0.186000 0.796226 0.206000 0.807547 0.222000 0.811321 0.234000 0.807547 0.254000 0.809434 0.268000 0.801887 0.274000 0.788679 0.282000 0.781132 0.288000 0.781132 0.306000 0.769811 0.320000 0.771698 0.330000 0.747170 0.338000 0.750943 0.356000 0.749057 0.366000 0.732075 0.366000 0.718868 0.374000 0.709434 0.374000 0.700000 0.370000 0.694340 0.370000 0.677358 0.382000 0.662264 0.396000 0.654717 0.408000 0.643396 0.424000 0.641509 0.418000 0.635849
0 0.468000 0.594340 0.436000 0.596226 0.418000 0.613208 0.418000 0.630189 0.426000 0.641509 0.464000 0.641509 0.468000 0.637736
0 0.306000 0.443396 0.304000 0.467925 0.312000 0.490566 0.320000 0.498113 0.330000 0.501887 0.340000 0.511321 0.350000 0.511321 0.362000 0.516981 0.374000 0.515094 0.390000 0.503774 0.398000 0.505660 0.408000 0.515094 0.428000 0.545283 0.436000 0.545283 0.416000 0.516981 0.416000 0.513208 0.404000 0.500000 0.406000 0.483019 0.396000 0.481132 0.386000 0.473585 0.370000 0.447170 0.344000 0.420755 0.338000 0.426415 0.320000 0.432075
0 0.478000 0.590566 0.478000 0.598113 0.494000 0.603774 0.500000 0.630189 0.510000 0.630189 0.526000 0.641509 0.560000 0.647170 0.576000 0.654717 0.578000 0.641509 0.594000 0.633962 0.606000 0.620755 0.602000 0.586792 0.594000 0.579245 0.578000 0.577358 0.572000 0.573585 0.558000 0.573585 0.544000 0.566038 0.530000 0.566038 0.518000 0.569811 0.520000 0.571698 0.506000 0.592453