0 0.464000 0.460377 0.454000 0.469811 0.454000 0.488679 0.478000 0.507547 0.486000 0.511321 0.494000 0.503774 0.512000 0.494340 0.508000 0.490566 0.508000 0.477358 0.500000 0.471698 0.498000 0.473585 0.490000 0.460377
0 0.636000 0.333962 0.604000 0.339623 0.590000 0.350943 0.582000 0.352830 0.570000 0.366038 0.570000 0.371698 0.582000 0.364151 0.600000 0.362264 0.608000 0.366038 0.618000 0.377358 0.624000 0.377358 0.628000 0.383019 0.628000 0.416981 0.660000 0.386792 0.670000 0.366038 0.668000 0.362264 0.672000 0.360377 0.670000 0.352830 0.662000 0.350943 0.646000 0.337736
0 0.480000 0.588679 0.458000 0.650943 0.452000 0.662264 0.438000 0.673585 0.438000 0.684906 0.434000 0.688679 0.430000 0.728302 0.424000 0.733962 0.420000 0.745283 0.404000 0.762264 0.382000 0.777358 0.364000 0.794340 0.354000 0.800000 0.348000 0.800000 0.354000 0.813208 0.356000 0.841509 0.364000 0.856604 0.378000 0.869811 0.388000 0.873585 0.414000 0.873585 0.430000 0.866038 0.448000 0.862264 0.466000 0.847170 0.468000 0.833962 0.474000 0.828302 0.470000 0.811321 0.484000 0.784906 0.484000 0.771698 0.494000 0.758491 0.494000 0.745283 0.484000 0.722642 0.484000 0.715094 0.488000 0.713208 0.490000 0.705660 0.478000 0.692453 0.470000 0.669811 0.470000 0.647170 0.474000 0.643396 0.478000 0.609434 0.486000 0.601887
0 0.080000 0.477358 0.088000 0.500000 0.110000 0.524528 0.118000 0.530189 0.152000 0.532075 0.166000 0.541509 0.174000 0.541509 0.184000 0.535849 0.194000 0.535849 0.206000 0.524528 0.228000 0.528302 0.242000 0.516981 0.246000 0.509434 0.260000 0.505660 0.274000 0.492453 0.290000 0.488679 0.332000 0.490566 0.336000 0.494340 0.400000 0.505660 0.434000 0.505660 0.414000 0.498113 0.348000 0.488679 0.336000 0.483019 0.320000 0.481132 0.304000 0.471698 0.288000 0.467925 0.280000 0.462264 0.270000 0.443396 0.262000 0.443396 0.254000 0.437736 0.250000 0.426415 0.244000 0.420755 0.220000 0.424528 0.206000 0.418868 0.186000 0.416981 0.170000 0.424528 0.126000 0.424528 0.092000 0.449057
0 0.826000 0.220755 0.804000 0.207547 0.758000 0.209434 0.728000 0.222642 0.716000 0.235849 0.704000 0.237736 0.696000 0.245283 0.690000 0.260377 0.690000 0.271698 0.678000 0.281132 0.674000 0.294340 0.674000 0.309434 0.666000 0.320755 0.674000 0.354717 0.666000 0.381132 0.614000 0.432075 0.554000 0.483019 0.554000 0.490566 0.560000 0.492453 0.572000 0.481132 0.572000 0.475472 0.592000 0.460377 0.604000 0.445283 0.616000 0.441509 0.624000 0.432075 0.632000 0.428302 0.668000 0.394340 0.670000 0.386792 0.690000 0.367925 0.730000 0.375472 0.738000 0.364151 0.766000 0.364151 0.770000 0.360377 0.778000 0.360377 0.772000 0.354717 0.772000 0.349057 0.778000 0.343396 0.788000 0.343396 0.808000 0.330189 0.812000 0.322642 0.812000 0.307547 0.828000 0.292453 0.836000 0.277358 0.838000 0.252830 0.832000 0.228302
0 0.244000 0.320755 0.236000 0.339623 0.234000 0.358491 0.238000 0.367925 0.258000 0.392453 0.258000 0.396226 0.268000 0.405660 0.276000 0.407547 0.294000 0.420755 0.316000 0.424528 0.336000 0.422642 0.340000 0.426415 0.348000 0.426415 0.368000 0.416981 0.378000 0.416981 0.400000 0.428302 0.430000 0.460377 0.452000 0.475472 0.454000 0.467925 0.432000 0.452830 0.404000 0.420755 0.386000 0.405660 0.384000 0.369811 0.374000 0.356604 0.366000 0.335849 0.360000 0.328302 0.340000 0.322642 0.314000 0.307547 0.266000 0.307547 0.254000 0.311321
0 0.444000 0.575472 0.432000 0.579245 0.420000 0.600000 0.384000 0.626415 0.366000 0.626415 0.352000 0.635849 0.340000 0.635849 0.322000 0.643396 0.318000 0.658491 0.294000 0.684906 0.292000 0.711321 0.284000 0.722642 0.276000 0.747170 0.280000 0.781132 0.292000 0.794340 0.304000 0.798113 0.314000 0.805660 0.326000 0.805660 0.354000 0.798113 0.404000 0.760377 0.418000 0.745283 0.422000 0.733962 0.428000 0.728302 0.432000 0.688679 0.436000 0.684906 0.436000 0.673585 0.414000 0.650943 0.412000 0.630189 0.426000 0.611321 0.428000 0.600000 0.436000 0.592453
0 0.580000 0.588679 0.588000 0.598113 0.630000 0.630189 0.632000 0.613208 0.626000 0.605660 0.626000 0.592453 0.622000 0.584906 0.616000 0.581132 0.604000 0.581132 0.590000 0.586792 0.588000 0.590566
0 0.476000 0.105660 0.452000 0.118868 0.422000 0.152830 0.414000 0.177358 0.416000 0.192453 0.412000 0.198113 0.410000 0.215094 0.438000 0.222642 0.462000 0.239623 0.466000 0.245283 0.472000 0.275472 0.494000 0.301887 0.496000 0.322642 0.492000 0.328302 0.488000 0.328302 0.488000 0.352830 0.494000 0.354717 0.498000 0.441509 0.502000 0.452830 0.502000 0.471698 0.508000 0.475472 0.510000 0.452830 0.506000 0.439623 0.506000 0.405660 0.502000 0.390566 0.502000 0.345283 0.494000 0.337736 0.500000 0.332075 0.502000 0.301887 0.546000 0.256604 0.542000 0.232075 0.550000 0.215094 0.554000 0.181132 0.546000 0.164151 0.546000 0.152830 0.540000 0.137736 0.524000 0.118868 0.506000 0.105660
0 0.900000 0.379245 0.878000 0.354717 0.866000 0.350943 0.820000 0.350943 0.810000 0.356604 0.798000 0.354717 0.786000 0.360377 0.770000 0.362264 0.762000 0.366038 0.764000 0.367925 0.756000 0.379245 0.742000 0.384906 0.736000 0.392453 0.734000 0.407547 0.740000 0.422642 0.740000 0.432075 0.730000 0.447170 0.728000 0.445283 0.706000 0.464151 0.700000 0.464151 0.694000 0.471698 0.628000 0.498113 0.576000 0.511321 0.576000 0.516981 0.590000 0.516981 0.652000 0.498113 0.698000 0.477358 0.714000 0.466038 0.724000 0.466038 0.740000 0.458491 0.750000 0.458491 0.764000 0.466038 0.780000 0.481132 0.792000 0.481132 0.798000 0.477358 0.836000 0.477358 0.850000 0.466038 0.868000 0.458491 0.890000 0.433962 0.904000 0.403774
0 0.548000 0.539623 0.556000 0.539623 0.568000 0.547170 0.588000 0.545283 0.606000 0.552830 0.616000 0.562264 0.616000 0.571698 0.622000 0.579245 0.628000 0.598113 0.636000 0.601887 0.664000 0.598113 0.676000 0.605660 0.682000 0.605660 0.700000 0.598113 0.718000 0.598113 0.724000 0.603774 0.726000 0.613208 0.736000 0.613208 0.744000 0.605660 0.766000 0.600000 0.778000 0.586792 0.778000 0.569811 0.774000 0.556604 0.760000 0.545283 0.736000 0.543396 0.702000 0.511321 0.696000 0.509434 0.674000 0.509434 0.666000 0.520755 0.650000 0.516981 0.640000 0.524528 0.628000 0.526415 0.618000 0.535849 0.572000 0.535849 0.562000 0.530189
0 0.624000 0.379245 0.618000 0.379245 0.608000 0.367925 0.600000 0.364151 0.588000 0.364151 0.572000 0.371698 0.556000 0.386792 0.548000 0.386792 0.544000 0.390566 0.524000 0.439623 0.526000 0.466038 0.514000 0.479245 0.510000 0.490566 0.512000 0.492453 0.552000 0.488679 0.552000 0.483019 0.626000 0.418868
0 0.378000 0.222642 0.366000 0.237736 0.358000 0.279245 0.364000 0.288679 0.378000 0.300000 0.376000 0.318868 0.386000 0.332075 0.382000 0.347170 0.386000 0.354717 0.404000 0.364151 0.406000 0.375472 0.410000 0.379245 0.438000 0.377358 0.454000 0.386792 0.458000 0.398113 0.464000 0.401887 0.480000 0.456604 0.490000 0.458491 0.466000 0.383019 0.470000 0.377358 0.470000 0.366038 0.486000 0.352830 0.486000 0.328302 0.494000 0.322642 0.492000 0.301887 0.472000 0.279245 0.464000 0.245283 0.454000 0.233962 0.438000 0.224528 0.408000 0.215094 0.404000 0.218868
0 0.486000 0.515094 0.472000 0.515094 0.462000 0.509434 0.458000 0.511321 0.436000 0.505660 0.430000 0.509434 0.420000 0.509434 0.422000 0.515094 0.418000 0.518868 0.406000 0.518868 0.396000 0.511321 0.386000 0.511321 0.372000 0.524528 0.362000 0.528302 0.350000 0.543396 0.338000 0.541509 0.330000 0.549057 0.326000 0.556604 0.326000 0.569811 0.320000 0.577358 0.322000 0.581132 0.332000 0.583019 0.336000 0.586792 0.336000 0.596226 0.340000 0.600000 0.350000 0.600000 0.372000 0.584906 0.404000 0.588679 0.412000 0.583019 0.412000 0.579245 0.418000 0.573585 0.426000 0.575472 0.428000 0.579245 0.438000 0.577358 0.440000 0.573585 0.460000 0.567925 0.474000 0.550943 0.470000 0.539623 0.472000 0.530189 0.492000 0.532075 0.486000 0.522642
0 0.560000 0.579245 0.560000 0.588679 0.574000 0.590566 0.590000 0.609434 0.646000 0.654717 0.666000 0.683019 0.672000 0.703774 0.682000 0.713208 0.684000 0.749057 0.696000 0.760377 0.706000 0.784906 0.720000 0.800000 0.732000 0.801887 0.748000 0.813208 0.760000 0.813208 0.772000 0.826415 0.778000 0.828302 0.798000 0.828302 0.810000 0.833962 0.818000 0.830189 0.828000 0.832075 0.834000 0.828302 0.840000 0.816981 0.840000 0.809434 0.836000 0.803774 0.842000 0.796226 0.842000 0.760377 0.816000 0.722642 0.814000 0.709434 0.804000 0.694340 0.780000 0.686792 0.772000 0.673585 0.764000 0.667925 0.746000 0.667925 0.730000 0.671698 0.720000 0.660377 0.714000 0.660377 0.706000 0.666038 0.672000 0.664151 0.640000 0.641509 0.632000 0.632075 0.616000 0.622642 0.576000 0.586792
0 0.518000 0.626415 0.522000 0.645283 0.512000 0.660377 0.508000 0.675472 0.508000 0.692453 0.518000 0.711321 0.524000 0.733962 0.544000 0.750943 0.560000 0.758491 0.586000 0.760377 0.596000 0.756604 0.604000 0.749057 0.618000 0.716981 0.618000 0.696226 0.604000 0.673585 0.598000 0.654717 0.588000 0.645283 0.574000 0.641509 0.564000 0.633962 0.540000 0.635849 0.534000 0.632075 0.532000 0.622642
0 0.496000 0.537736 0.484000 0.554717 0.486000 0.575472 0.482000 0.590566 0.488000 0.603774 0.514000 0.624528 0.534000 0.620755 0.550000 0.609434 0.552000 0.592453 0.558000 0.586792 0.558000 0.567925 0.542000 0.549057 0.546000 0.539623
0 0.574000 0.509434 0.562000 0.494340 0.552000 0.490566 0.532000 0.490566 0.514000 0.494340 0.494000 0.505660 0.488000 0.511321 0.488000 0.522642 0.498000 0.535849 0.548000 0.537736 0.562000 0.528302 0.566000 0.530189 0.568000 0.524528 0.576000 0.518868
0 0.620000 0.583019 0.614000 0.571698 0.614000 0.562264 0.606000 0.554717 0.602000 0.554717 0.578000 0.575472 0.560000 0.571698 0.560000 0.577358 0.568000 0.583019 0.586000 0.588679 0.604000 0.579245 0.616000 0.579245