0 0.298000 0.430189 0.298000 0.439623 0.306000 0.443396 0.324000 0.447170 0.330000 0.439623 0.370000 0.450943 0.372000 0.449057 0.344000 0.441509 0.332000 0.435849 0.324000 0.426415 0.314000 0.422642 0.308000 0.422642
0 0.400000 0.467925 0.394000 0.477358 0.398000 0.477358 0.404000 0.520755 0.400000 0.524528 0.396000 0.522642 0.406000 0.528302 0.430000 0.528302 0.414000 0.524528 0.408000 0.516981 0.406000 0.490566
0 0.400000 0.379245 0.394000 0.381132 0.378000 0.396226 0.378000 0.420755 0.398000 0.447170 0.412000 0.449057 0.412000 0.443396 0.422000 0.433962 0.420000 0.426415 0.424000 0.400000 0.412000 0.383019
0 0.520000 0.260377 0.498000 0.258491 0.474000 0.266038 0.456000 0.286792 0.474000 0.320755 0.474000 0.330189 0.470000 0.343396 0.450000 0.364151 0.450000 0.381132 0.436000 0.407547 0.424000 0.418868 0.422000 0.430189 0.440000 0.413208 0.452000 0.386792 0.466000 0.366038 0.474000 0.360377 0.496000 0.360377 0.504000 0.349057 0.512000 0.347170 0.518000 0.341509 0.518000 0.332075 0.530000 0.320755 0.536000 0.279245 0.534000 0.271698
0 0.622000 0.352830 0.610000 0.341509 0.586000 0.335849 0.556000 0.339623 0.532000 0.350943 0.518000 0.369811 0.518000 0.401887 0.514000 0.409434 0.500000 0.422642 0.474000 0.437736 0.476000 0.443396 0.504000 0.426415 0.528000 0.416981 0.552000 0.428302 0.574000 0.428302 0.590000 0.422642 0.614000 0.400000 0.620000 0.388679 0.626000 0.367925
0 0.262000 0.230189 0.246000 0.245283 0.236000 0.279245 0.238000 0.296226 0.252000 0.315094 0.256000 0.326415 0.278000 0.343396 0.306000 0.343396 0.314000 0.339623 0.324000 0.341509 0.360000 0.386792 0.362000 0.394340 0.376000 0.413208 0.372000 0.394340 0.356000 0.375472 0.338000 0.343396 0.338000 0.326415 0.354000 0.305660 0.354000 0.300000 0.350000 0.296226 0.352000 0.269811 0.346000 0.264151 0.342000 0.264151 0.334000 0.256604 0.330000 0.247170 0.320000 0.239623 0.282000 0.226415
0 0.192000 0.392453 0.192000 0.405660 0.200000 0.420755 0.220000 0.430189 0.276000 0.437736 0.290000 0.435849 0.304000 0.422642 0.314000 0.420755 0.324000 0.424528 0.332000 0.433962 0.368000 0.447170 0.376000 0.443396 0.348000 0.435849 0.304000 0.413208 0.300000 0.407547 0.298000 0.388679 0.290000 0.386792 0.276000 0.375472 0.258000 0.377358 0.244000 0.367925 0.212000 0.371698 0.200000 0.379245
0 0.190000 0.433962 0.190000 0.452830 0.194000 0.460377 0.226000 0.475472 0.264000 0.475472 0.280000 0.469811 0.294000 0.458491 0.364000 0.458491 0.338000 0.454717 0.300000 0.441509 0.292000 0.443396 0.288000 0.437736 0.264000 0.439623 0.220000 0.432075 0.202000 0.422642
0 0.392000 0.477358 0.386000 0.481132 0.386000 0.530189 0.382000 0.535849 0.366000 0.543396 0.362000 0.549057 0.354000 0.584906 0.370000 0.615094 0.400000 0.628302 0.424000 0.630189 0.446000 0.616981 0.460000 0.579245 0.460000 0.567925 0.454000 0.554717 0.454000 0.547170 0.444000 0.535849 0.432000 0.530189 0.406000 0.530189 0.394000 0.522642 0.390000 0.511321
0 0.446000 0.283019 0.424000 0.284906 0.410000 0.298113 0.400000 0.313208 0.400000 0.345283 0.428000 0.369811 0.426000 0.384906 0.422000 0.390566 0.424000 0.398113 0.438000 0.369811 0.462000 0.350943 0.468000 0.343396 0.472000 0.330189 0.472000 0.320755 0.454000 0.286792
0 0.378000 0.443396 0.366000 0.456604 0.364000 0.466038 0.370000 0.475472 0.384000 0.481132 0.398000 0.469811 0.406000 0.458491 0.406000 0.450943 0.394000 0.445283 0.384000 0.447170
0 0.444000 0.490566 0.450000 0.496226 0.468000 0.501887 0.472000 0.505660 0.476000 0.518868 0.490000 0.528302 0.510000 0.524528 0.524000 0.505660 0.514000 0.490566 0.504000 0.483019 0.486000 0.483019 0.470000 0.498113 0.452000 0.488679
0 0.382000 0.483019 0.378000 0.488679 0.366000 0.492453 0.364000 0.507547 0.372000 0.513208 0.384000 0.515094
0 0.458000 0.426415 0.432000 0.432075 0.426000 0.437736 0.428000 0.445283 0.416000 0.456604 0.412000 0.450943 0.408000 0.450943 0.408000 0.458491 0.414000 0.460377 0.414000 0.475472 0.422000 0.484906 0.442000 0.490566 0.452000 0.483019 0.460000 0.481132 0.470000 0.471698 0.474000 0.460377 0.474000 0.439623