0 0.534000 0.564151 0.528000 0.566038 0.528000 0.601887 0.518000 0.607547 0.512000 0.615094 0.530000 0.626415 0.532000 0.639623 0.538000 0.645283 0.548000 0.633962 0.548000 0.611321 0.542000 0.609434 0.536000 0.600000
0 0.486000 0.564151 0.482000 0.577358 0.468000 0.592453 0.470000 0.594340 0.454000 0.609434 0.434000 0.611321 0.422000 0.622642 0.422000 0.630189 0.412000 0.643396 0.412000 0.677358 0.428000 0.694340 0.436000 0.698113 0.450000 0.700000 0.464000 0.694340 0.468000 0.684906 0.478000 0.679245 0.488000 0.667925 0.492000 0.652830 0.492000 0.628302 0.474000 0.607547 0.478000 0.592453 0.496000 0.567925 0.490000 0.567925
0 0.496000 0.416981 0.496000 0.435849 0.492000 0.449057 0.494000 0.458491 0.500000 0.464151 0.504000 0.464151 0.516000 0.456604 0.530000 0.477358 0.534000 0.469811 0.520000 0.447170 0.518000 0.432075 0.502000 0.416981
0 0.488000 0.507547 0.484000 0.511321 0.482000 0.520755 0.482000 0.554717 0.490000 0.566038 0.514000 0.566038 0.536000 0.562264 0.534000 0.539623 0.518000 0.524528 0.518000 0.515094 0.522000 0.511321 0.514000 0.503774 0.506000 0.501887
0 0.396000 0.439623 0.396000 0.462264 0.404000 0.471698 0.412000 0.475472 0.426000 0.471698 0.436000 0.479245 0.452000 0.477358 0.458000 0.481132 0.476000 0.475472 0.500000 0.501887 0.510000 0.501887 0.510000 0.498113 0.484000 0.471698 0.438000 0.460377 0.428000 0.452830
0 0.562000 0.449057 0.546000 0.454717 0.532000 0.477358 0.534000 0.511321 0.550000 0.522642 0.552000 0.516981 0.576000 0.494340 0.582000 0.483019 0.580000 0.466038 0.574000 0.456604
0 0.520000 0.515094 0.522000 0.528302 0.534000 0.537736 0.538000 0.537736 0.552000 0.526415 0.536000 0.513208
0 0.740000 0.281132 0.722000 0.281132 0.704000 0.294340 0.692000 0.298113 0.678000 0.307547 0.674000 0.315094 0.674000 0.324528 0.664000 0.330189 0.654000 0.343396 0.648000 0.367925 0.654000 0.386792 0.654000 0.407547 0.646000 0.422642 0.634000 0.437736 0.582000 0.484906 0.576000 0.496226 0.598000 0.481132 0.648000 0.433962 0.696000 0.415094 0.718000 0.415094 0.732000 0.401887 0.748000 0.394340 0.758000 0.384906 0.766000 0.356604 0.762000 0.307547 0.754000 0.292453
0 0.534000 0.318868 0.528000 0.324528 0.520000 0.341509 0.518000 0.373585 0.526000 0.392453 0.546000 0.407547 0.544000 0.445283 0.548000 0.452830 0.554000 0.449057 0.556000 0.415094 0.564000 0.405660 0.584000 0.398113 0.590000 0.379245 0.590000 0.367925 0.586000 0.362264 0.584000 0.335849 0.574000 0.324528 0.558000 0.318868
0 0.572000 0.554717 0.568000 0.560377 0.604000 0.588679 0.602000 0.607547 0.618000 0.637736 0.626000 0.639623 0.644000 0.632075 0.662000 0.609434 0.662000 0.594340 0.648000 0.584906 0.646000 0.573585 0.634000 0.573585 0.628000 0.569811 0.622000 0.575472 0.610000 0.575472 0.578000 0.562264
0 0.710000 0.530189 0.706000 0.515094 0.698000 0.507547 0.682000 0.501887 0.676000 0.496226 0.654000 0.498113 0.648000 0.503774 0.620000 0.501887 0.606000 0.507547 0.602000 0.516981 0.594000 0.522642 0.556000 0.524528 0.566000 0.532075 0.598000 0.535849 0.606000 0.543396 0.610000 0.554717 0.622000 0.560377 0.634000 0.571698 0.646000 0.571698 0.656000 0.562264 0.688000 0.564151 0.704000 0.545283
0 0.554000 0.524528 0.536000 0.539623 0.540000 0.562264 0.566000 0.560377 0.570000 0.554717 0.566000 0.547170 0.566000 0.533962
0 0.290000 0.552830 0.296000 0.564151 0.308000 0.567925 0.310000 0.571698 0.320000 0.571698 0.336000 0.586792 0.342000 0.586792 0.344000 0.590566 0.356000 0.586792 0.378000 0.588679 0.390000 0.581132 0.388000 0.579245 0.396000 0.571698 0.408000 0.566038 0.416000 0.554717 0.414000 0.552830 0.418000 0.550943 0.418000 0.539623 0.430000 0.528302 0.432000 0.530189 0.438000 0.526415 0.450000 0.526415 0.454000 0.522642 0.460000 0.524528 0.470000 0.520755 0.480000 0.522642 0.482000 0.515094 0.464000 0.515094 0.448000 0.520755 0.420000 0.520755 0.414000 0.516981 0.402000 0.516981 0.384000 0.500000 0.368000 0.500000 0.364000 0.503774 0.348000 0.498113 0.340000 0.501887 0.332000 0.511321 0.324000 0.511321 0.312000 0.528302 0.298000 0.532075 0.294000 0.535849 0.296000 0.537736 0.290000 0.541509
0 0.394000 0.369811 0.386000 0.377358 0.380000 0.390566 0.378000 0.420755 0.382000 0.428302 0.394000 0.437736 0.412000 0.443396 0.438000 0.458491 0.484000 0.469811 0.512000 0.498113 0.512000 0.501887 0.524000 0.511321 0.532000 0.511321 0.516000 0.494340 0.504000 0.477358 0.502000 0.467925 0.492000 0.458491 0.490000 0.449057 0.494000 0.435849 0.494000 0.415094 0.486000 0.407547 0.480000 0.409434 0.464000 0.390566 0.456000 0.388679 0.452000 0.384906 0.450000 0.371698 0.442000 0.366038 0.410000 0.364151 0.400000 0.369811
0 0.540000 0.564151 0.548000 0.601887 0.552000 0.607547 0.550000 0.635849 0.560000 0.647170 0.558000 0.656604 0.546000 0.673585 0.546000 0.684906 0.552000 0.690566 0.556000 0.711321 0.566000 0.722642 0.570000 0.733962 0.580000 0.743396 0.604000 0.749057 0.624000 0.749057 0.636000 0.741509 0.648000 0.715094 0.646000 0.703774 0.640000 0.694340 0.640000 0.681132 0.618000 0.660377 0.618000 0.649057 0.614000 0.641509 0.604000 0.637736 0.588000 0.639623 0.574000 0.630189 0.556000 0.601887 0.548000 0.564151