0 0.654000 0.494340 0.654000 0.486792 0.650000 0.481132 0.652000 0.479245 0.624000 0.475472 0.598000 0.494340 0.586000 0.492453 0.568000 0.479245 0.564000 0.481132 0.564000 0.484906 0.570000 0.490566 0.590000 0.498113 0.594000 0.501887 0.594000 0.507547 0.608000 0.511321 0.620000 0.509434 0.636000 0.500000
0 0.502000 0.277358 0.494000 0.281132 0.482000 0.296226 0.476000 0.309434 0.476000 0.332075 0.482000 0.339623 0.482000 0.350943 0.492000 0.362264 0.496000 0.373585 0.502000 0.381132 0.514000 0.383019 0.522000 0.390566 0.526000 0.405660 0.524000 0.413208 0.530000 0.416981 0.532000 0.384906 0.538000 0.379245 0.546000 0.377358 0.554000 0.362264 0.554000 0.333962 0.560000 0.324528 0.552000 0.313208 0.544000 0.286792 0.538000 0.286792 0.526000 0.279245
0 0.524000 0.415094 0.506000 0.418868 0.496000 0.437736 0.500000 0.452830 0.512000 0.466038 0.528000 0.464151 0.544000 0.454717 0.540000 0.432075 0.534000 0.428302 0.532000 0.418868
0 0.392000 0.483019 0.400000 0.494340 0.414000 0.498113 0.434000 0.511321 0.448000 0.511321 0.474000 0.500000 0.482000 0.490566 0.482000 0.483019 0.488000 0.477358 0.490000 0.466038 0.502000 0.464151 0.506000 0.460377 0.500000 0.454717 0.498000 0.458491 0.482000 0.460377 0.476000 0.452830 0.462000 0.449057 0.418000 0.450943 0.396000 0.462264
0 0.514000 0.467925 0.522000 0.479245 0.544000 0.492453 0.560000 0.488679 0.566000 0.477358 0.566000 0.469811 0.548000 0.456604 0.542000 0.456604 0.528000 0.466038
0 0.554000 0.492453 0.574000 0.503774 0.604000 0.528302 0.608000 0.533962 0.608000 0.552830 0.630000 0.577358 0.646000 0.579245 0.668000 0.592453 0.692000 0.596226 0.706000 0.596226 0.724000 0.583019 0.728000 0.575472 0.728000 0.552830 0.722000 0.545283 0.720000 0.533962 0.716000 0.528302 0.678000 0.505660 0.658000 0.503774 0.652000 0.498113 0.648000 0.498113 0.620000 0.511321 0.608000 0.513208 0.586000 0.507547 0.564000 0.488679
0 0.394000 0.458491 0.398000 0.460377 0.412000 0.450943 0.430000 0.447170 0.462000 0.447170 0.474000 0.450943 0.498000 0.450943 0.498000 0.447170 0.466000 0.443396 0.458000 0.437736 0.446000 0.435849 0.430000 0.424528 0.398000 0.433962 0.400000 0.435849 0.394000 0.445283
0 0.512000 0.467925 0.510000 0.477358 0.500000 0.488679 0.500000 0.494340 0.506000 0.501887 0.506000 0.509434 0.520000 0.507547 0.536000 0.490566 0.522000 0.481132
0 0.598000 0.398113 0.584000 0.396226 0.572000 0.400000 0.548000 0.418868 0.546000 0.428302 0.542000 0.432075 0.546000 0.454717 0.560000 0.462264 0.578000 0.445283 0.592000 0.441509 0.604000 0.420755 0.602000 0.403774
0 0.518000 0.266038 0.482000 0.266038 0.472000 0.275472 0.468000 0.290566 0.472000 0.320755 0.474000 0.322642 0.474000 0.309434 0.480000 0.296226 0.494000 0.279245 0.502000 0.275472 0.516000 0.275472 0.534000 0.281132
0 0.510000 0.511321 0.506000 0.511321 0.502000 0.522642 0.492000 0.535849 0.468000 0.541509 0.448000 0.562264 0.448000 0.581132 0.452000 0.586792 0.454000 0.603774 0.474000 0.624528 0.498000 0.626415 0.502000 0.622642 0.512000 0.620755 0.522000 0.609434 0.534000 0.586792 0.534000 0.575472 0.524000 0.550943 0.506000 0.537736
0 0.784000 0.384906 0.762000 0.369811 0.750000 0.369811 0.742000 0.366038 0.698000 0.367925 0.670000 0.381132 0.662000 0.388679 0.662000 0.418868 0.674000 0.418868 0.706000 0.428302 0.716000 0.428302 0.724000 0.433962 0.730000 0.430189 0.750000 0.432075 0.762000 0.422642 0.780000 0.415094 0.784000 0.405660
0 0.336000 0.375472 0.334000 0.396226 0.340000 0.411321 0.368000 0.428302 0.400000 0.432075 0.428000 0.424528 0.436000 0.411321 0.450000 0.411321 0.478000 0.430189 0.496000 0.435849 0.496000 0.430189 0.480000 0.424528 0.440000 0.398113 0.440000 0.371698 0.434000 0.362264 0.424000 0.354717 0.400000 0.349057 0.372000 0.350943 0.348000 0.360377
0 0.722000 0.432075 0.674000 0.420755 0.660000 0.420755 0.648000 0.426415 0.628000 0.430189 0.608000 0.449057 0.572000 0.452830 0.570000 0.456604 0.612000 0.456604 0.628000 0.475472 0.654000 0.477358 0.688000 0.471698 0.700000 0.460377 0.706000 0.458491 0.720000 0.443396
0 0.610000 0.211321 0.588000 0.213208 0.560000 0.237736 0.544000 0.275472 0.544000 0.284906 0.554000 0.313208 0.578000 0.341509 0.578000 0.352830 0.572000 0.366038 0.572000 0.373585 0.562000 0.392453 0.560000 0.403774 0.550000 0.415094 0.572000 0.398113 0.570000 0.390566 0.588000 0.350943 0.596000 0.343396 0.604000 0.341509 0.612000 0.332075 0.622000 0.330189 0.644000 0.298113 0.644000 0.254717 0.626000 0.222642