0 0.520000 0.554717 0.522000 0.560377 0.534000 0.560377 0.544000 0.569811 0.548000 0.586792 0.558000 0.594340 0.570000 0.594340 0.596000 0.586792 0.586000 0.583019 0.572000 0.562264 0.562000 0.554717
0 0.192000 0.401887 0.192000 0.432075 0.220000 0.456604 0.242000 0.460377 0.252000 0.467925 0.266000 0.471698 0.296000 0.469811 0.304000 0.466038 0.310000 0.458491 0.320000 0.456604 0.354000 0.473585 0.352000 0.466038 0.346000 0.466038 0.326000 0.447170 0.324000 0.411321 0.312000 0.405660 0.288000 0.381132 0.232000 0.375472 0.210000 0.383019
0 0.660000 0.392453 0.624000 0.375472 0.592000 0.377358 0.588000 0.381132 0.570000 0.383019 0.554000 0.396226 0.550000 0.407547 0.544000 0.413208 0.534000 0.413208 0.528000 0.418868 0.524000 0.428302 0.524000 0.441509 0.520000 0.447170 0.520000 0.473585 0.500000 0.500000 0.484000 0.505660 0.474000 0.513208 0.474000 0.526415 0.488000 0.513208 0.504000 0.505660 0.520000 0.488679 0.530000 0.483019 0.584000 0.488679 0.596000 0.481132 0.594000 0.479245 0.600000 0.473585 0.628000 0.458491 0.642000 0.456604 0.650000 0.449057 0.652000 0.437736 0.666000 0.418868 0.664000 0.400000
0 0.484000 0.594340 0.492000 0.611321 0.536000 0.669811 0.546000 0.688679 0.542000 0.739623 0.558000 0.754717 0.564000 0.786792 0.572000 0.794340 0.580000 0.796226 0.590000 0.813208 0.604000 0.822642 0.618000 0.824528 0.638000 0.832075 0.654000 0.832075 0.670000 0.826415 0.684000 0.815094 0.690000 0.803774 0.694000 0.788679 0.694000 0.766038 0.690000 0.745283 0.686000 0.737736 0.666000 0.720755 0.666000 0.707547 0.660000 0.700000 0.650000 0.694340 0.630000 0.692453 0.622000 0.683019 0.614000 0.679245 0.590000 0.681132 0.580000 0.673585 0.564000 0.675472 0.554000 0.671698 0.526000 0.645283 0.502000 0.616981 0.490000 0.598113 0.492000 0.592453
0 0.460000 0.477358 0.452000 0.475472 0.440000 0.481132 0.438000 0.509434 0.448000 0.503774 0.462000 0.503774 0.464000 0.484906
0 0.306000 0.237736 0.282000 0.260377 0.276000 0.300000 0.280000 0.313208 0.290000 0.328302 0.292000 0.343396 0.302000 0.354717 0.322000 0.362264 0.336000 0.379245 0.362000 0.383019 0.376000 0.390566 0.400000 0.418868 0.404000 0.426415 0.402000 0.432075 0.414000 0.441509 0.414000 0.450943 0.426000 0.456604 0.406000 0.409434 0.404000 0.383019 0.410000 0.369811 0.404000 0.360377 0.412000 0.350943 0.412000 0.345283 0.418000 0.335849 0.418000 0.332075 0.408000 0.322642 0.412000 0.307547 0.406000 0.286792 0.390000 0.271698 0.386000 0.262264 0.358000 0.239623 0.336000 0.230189 0.328000 0.230189
0 0.304000 0.583019 0.308000 0.588679 0.324000 0.594340 0.336000 0.586792 0.346000 0.584906 0.354000 0.571698 0.354000 0.564151 0.360000 0.550943 0.388000 0.549057 0.390000 0.541509 0.350000 0.541509 0.342000 0.532075 0.310000 0.530189 0.304000 0.537736 0.300000 0.562264
0 0.394000 0.537736 0.388000 0.558491 0.388000 0.566038 0.394000 0.573585 0.416000 0.575472 0.428000 0.567925 0.430000 0.556604 0.434000 0.552830 0.430000 0.545283 0.430000 0.535849
0 0.370000 0.428302 0.364000 0.433962 0.352000 0.462264 0.356000 0.473585 0.368000 0.486792 0.368000 0.494340 0.396000 0.516981 0.418000 0.513208 0.436000 0.528302 0.436000 0.513208 0.430000 0.509434 0.430000 0.505660 0.436000 0.501887 0.438000 0.484906 0.434000 0.481132 0.430000 0.462264 0.412000 0.450943 0.412000 0.441509 0.404000 0.433962 0.382000 0.428302
0 0.450000 0.575472 0.440000 0.575472 0.430000 0.600000 0.430000 0.613208 0.426000 0.622642 0.422000 0.626415 0.416000 0.624528 0.396000 0.632075 0.392000 0.635849 0.392000 0.649057 0.376000 0.656604 0.366000 0.671698 0.364000 0.720755 0.372000 0.728302 0.372000 0.733962 0.382000 0.747170 0.396000 0.754717 0.420000 0.745283 0.444000 0.724528 0.448000 0.707547 0.456000 0.696226 0.458000 0.679245 0.448000 0.656604 0.450000 0.643396 0.434000 0.633962 0.438000 0.603774 0.444000 0.596226 0.446000 0.581132
0 0.476000 0.533962 0.460000 0.550943 0.460000 0.567925 0.482000 0.592453 0.496000 0.590566 0.514000 0.575472 0.518000 0.550943 0.512000 0.543396 0.486000 0.533962
0 0.438000 0.575472 0.434000 0.573585 0.424000 0.583019 0.404000 0.626415 0.416000 0.622642 0.414000 0.620755 0.424000 0.601887 0.430000 0.598113
0 0.474000 0.360377 0.462000 0.360377 0.450000 0.366038 0.440000 0.375472 0.430000 0.396226 0.430000 0.422642 0.438000 0.439623 0.456000 0.454717 0.458000 0.467925 0.454000 0.473585 0.464000 0.479245 0.466000 0.469811 0.474000 0.460377 0.490000 0.456604 0.500000 0.449057 0.502000 0.437736 0.510000 0.422642 0.508000 0.396226 0.502000 0.375472 0.492000 0.366038 0.478000 0.364151
0 0.384000 0.566038 0.374000 0.575472 0.332000 0.590566 0.312000 0.607547 0.284000 0.618868 0.266000 0.616981 0.248000 0.609434 0.236000 0.609434 0.230000 0.613208 0.216000 0.613208 0.194000 0.618868 0.158000 0.650943 0.142000 0.684906 0.142000 0.703774 0.152000 0.722642 0.168000 0.733962 0.214000 0.733962 0.226000 0.730189 0.250000 0.715094 0.270000 0.713208 0.278000 0.703774 0.278000 0.684906 0.292000 0.669811 0.292000 0.652830 0.288000 0.645283 0.290000 0.632075 0.328000 0.603774 0.340000 0.600000 0.350000 0.592453 0.364000 0.588679 0.386000 0.573585 0.392000 0.573585
0 0.436000 0.511321 0.438000 0.528302 0.456000 0.528302 0.466000 0.533962 0.472000 0.528302 0.472000 0.515094 0.464000 0.505660 0.448000 0.505660
0 0.084000 0.516981 0.084000 0.537736 0.100000 0.554717 0.106000 0.554717 0.130000 0.567925 0.148000 0.569811 0.160000 0.566038 0.170000 0.573585 0.188000 0.569811 0.204000 0.560377 0.218000 0.567925 0.244000 0.543396 0.254000 0.543396 0.272000 0.528302 0.332000 0.528302 0.390000 0.537736 0.402000 0.533962 0.416000 0.533962 0.392000 0.528302 0.316000 0.522642 0.308000 0.518868 0.290000 0.520755 0.254000 0.509434 0.224000 0.473585 0.214000 0.471698 0.204000 0.475472 0.190000 0.467925 0.174000 0.469811 0.160000 0.481132 0.150000 0.479245 0.144000 0.483019 0.120000 0.484906 0.096000 0.498113
0 0.698000 0.513208 0.682000 0.496226 0.648000 0.479245 0.616000 0.479245 0.594000 0.483019 0.584000 0.490566 0.582000 0.498113 0.576000 0.503774 0.574000 0.532075 0.562000 0.547170 0.518000 0.549057 0.520000 0.552830 0.562000 0.552830 0.574000 0.562264 0.586000 0.581132 0.594000 0.584906 0.630000 0.586792 0.640000 0.581132 0.654000 0.579245 0.688000 0.554717 0.698000 0.541509 0.700000 0.533962
0 0.436000 0.550943 0.430000 0.562264 0.430000 0.569811 0.436000 0.573585 0.452000 0.573585 0.458000 0.567925 0.458000 0.552830