0 0.650000 0.103774 0.638000 0.105660 0.628000 0.111321 0.612000 0.126415 0.598000 0.145283 0.596000 0.160377 0.590000 0.162264 0.592000 0.184906 0.600000 0.201887 0.602000 0.230189 0.610000 0.245283 0.606000 0.256604 0.614000 0.254717 0.630000 0.271698 0.636000 0.303774 0.634000 0.339623 0.644000 0.341509 0.644000 0.292453 0.656000 0.262264 0.668000 0.252830 0.680000 0.252830 0.688000 0.249057 0.696000 0.241509 0.698000 0.233962 0.706000 0.226415 0.714000 0.211321 0.710000 0.156604 0.698000 0.143396 0.694000 0.133962 0.672000 0.113208
0 0.524000 0.132075 0.508000 0.141509 0.492000 0.158491 0.482000 0.179245 0.482000 0.198113 0.470000 0.211321 0.474000 0.237736 0.482000 0.247170 0.480000 0.266038 0.500000 0.279245 0.504000 0.294340 0.526000 0.301887 0.558000 0.332075 0.568000 0.350943 0.574000 0.371698 0.584000 0.384906 0.584000 0.394340 0.594000 0.424528 0.600000 0.430189 0.606000 0.430189 0.604000 0.415094 0.596000 0.403774 0.592000 0.384906 0.584000 0.369811 0.584000 0.358491 0.578000 0.347170 0.578000 0.311321 0.582000 0.301887 0.598000 0.283019 0.596000 0.267925 0.608000 0.250943 0.606000 0.237736 0.600000 0.230189 0.598000 0.201887 0.590000 0.184906 0.590000 0.164151 0.574000 0.145283 0.570000 0.145283 0.554000 0.133962
0 0.850000 0.230189 0.830000 0.220755 0.810000 0.220755 0.760000 0.237736 0.752000 0.249057 0.748000 0.262264 0.738000 0.271698 0.738000 0.288679 0.728000 0.301887 0.724000 0.326415 0.714000 0.335849 0.716000 0.364151 0.712000 0.373585 0.674000 0.416981 0.644000 0.445283 0.646000 0.452830 0.682000 0.418868 0.686000 0.411321 0.720000 0.383019 0.744000 0.375472 0.762000 0.377358 0.772000 0.369811 0.800000 0.369811 0.810000 0.354717 0.822000 0.354717 0.834000 0.347170 0.844000 0.330189 0.844000 0.322642 0.850000 0.311321 0.858000 0.303774 0.866000 0.288679 0.864000 0.267925 0.868000 0.256604 0.862000 0.241509
0 0.260000 0.298113 0.252000 0.318868 0.252000 0.333962 0.264000 0.364151 0.278000 0.379245 0.288000 0.381132 0.310000 0.400000 0.322000 0.403774 0.344000 0.401887 0.358000 0.407547 0.378000 0.400000 0.386000 0.392453 0.406000 0.396226 0.420000 0.388679 0.442000 0.392453 0.464000 0.405660 0.488000 0.413208 0.518000 0.430189 0.544000 0.439623 0.542000 0.430189 0.520000 0.422642 0.480000 0.401887 0.466000 0.398113 0.440000 0.383019 0.428000 0.366038 0.426000 0.347170 0.416000 0.333962 0.412000 0.316981 0.396000 0.305660 0.380000 0.286792 0.366000 0.279245 0.326000 0.269811 0.310000 0.269811 0.276000 0.281132
0 0.504000 0.296226 0.484000 0.313208 0.482000 0.343396 0.494000 0.356604 0.504000 0.362264 0.526000 0.366038 0.536000 0.371698 0.552000 0.375472 0.562000 0.384906 0.580000 0.418868 0.584000 0.422642 0.592000 0.422642 0.588000 0.411321 0.584000 0.409434 0.584000 0.405660 0.570000 0.386792 0.570000 0.379245 0.566000 0.373585 0.568000 0.356604 0.556000 0.332075 0.526000 0.303774
0 0.654000 0.343396 0.646000 0.345283 0.642000 0.341509 0.634000 0.341509 0.628000 0.347170 0.618000 0.349057 0.606000 0.360377 0.608000 0.396226 0.600000 0.405660 0.606000 0.415094 0.608000 0.430189 0.612000 0.428302 0.618000 0.433962 0.620000 0.441509 0.636000 0.439623 0.642000 0.435849 0.652000 0.420755 0.664000 0.409434 0.668000 0.390566 0.674000 0.381132 0.670000 0.360377 0.662000 0.347170
0 0.780000 0.407547 0.764000 0.390566 0.730000 0.384906 0.712000 0.401887 0.706000 0.428302 0.682000 0.441509 0.648000 0.454717 0.650000 0.462264 0.674000 0.450943 0.686000 0.452830 0.700000 0.443396 0.710000 0.443396 0.712000 0.447170 0.750000 0.443396 0.766000 0.449057 0.780000 0.432075
0 0.910000 0.447170 0.894000 0.428302 0.872000 0.416981 0.846000 0.416981 0.842000 0.420755 0.834000 0.420755 0.828000 0.424528 0.804000 0.426415 0.794000 0.432075 0.784000 0.449057 0.782000 0.462264 0.776000 0.464151 0.786000 0.479245 0.784000 0.498113 0.792000 0.498113 0.798000 0.503774 0.814000 0.503774 0.824000 0.511321 0.866000 0.509434 0.880000 0.500000 0.890000 0.498113 0.906000 0.483019 0.912000 0.469811
0 0.546000 0.432075 0.546000 0.443396 0.558000 0.458491 0.566000 0.452830 0.614000 0.445283 0.610000 0.441509 0.608000 0.432075 0.600000 0.432075 0.592000 0.424528 0.584000 0.424528 0.572000 0.418868 0.552000 0.422642
0 0.396000 0.454717 0.402000 0.475472 0.416000 0.486792 0.418000 0.492453 0.426000 0.494340 0.436000 0.501887 0.448000 0.503774 0.458000 0.511321 0.486000 0.511321 0.500000 0.500000 0.506000 0.503774 0.546000 0.475472 0.578000 0.479245 0.574000 0.471698 0.560000 0.464151 0.554000 0.469811 0.544000 0.467925 0.522000 0.445283 0.494000 0.443396 0.488000 0.432075 0.484000 0.430189 0.456000 0.432075 0.444000 0.426415 0.434000 0.426415 0.422000 0.435849 0.412000 0.435849 0.400000 0.445283
0 0.622000 0.441509 0.610000 0.458491 0.610000 0.475472 0.626000 0.484906 0.634000 0.484906 0.648000 0.473585 0.648000 0.456604 0.636000 0.441509
0 0.784000 0.490566 0.784000 0.479245 0.780000 0.469811 0.762000 0.452830 0.764000 0.450943 0.750000 0.445283 0.716000 0.447170 0.706000 0.456604 0.698000 0.456604 0.692000 0.450943 0.684000 0.454717 0.676000 0.469811 0.650000 0.471698 0.642000 0.479245 0.658000 0.484906 0.664000 0.483019 0.670000 0.490566 0.670000 0.509434 0.674000 0.513208 0.692000 0.516981 0.700000 0.526415 0.714000 0.533962 0.764000 0.524528 0.766000 0.516981 0.778000 0.507547
0 0.614000 0.449057 0.606000 0.447170 0.566000 0.454717 0.560000 0.462264 0.574000 0.469811 0.580000 0.477358 0.584000 0.477358 0.588000 0.484906 0.596000 0.477358 0.610000 0.477358 0.608000 0.458491 0.614000 0.452830
0 0.586000 0.481132 0.580000 0.479245 0.574000 0.486792 0.558000 0.486792 0.548000 0.490566 0.536000 0.484906 0.506000 0.505660 0.506000 0.526415 0.512000 0.532075 0.526000 0.530189 0.542000 0.515094 0.546000 0.498113 0.558000 0.494340 0.572000 0.494340 0.574000 0.500000 0.576000 0.494340 0.586000 0.486792
0 0.596000 0.479245 0.578000 0.494340 0.580000 0.509434 0.594000 0.528302 0.618000 0.530189 0.636000 0.516981 0.638000 0.509434 0.642000 0.511321 0.636000 0.500000 0.636000 0.484906 0.626000 0.486792 0.614000 0.479245
0 0.638000 0.496226 0.644000 0.513208 0.658000 0.518868 0.696000 0.550943 0.702000 0.562264 0.698000 0.573585 0.698000 0.586792 0.704000 0.594340 0.708000 0.609434 0.722000 0.630189 0.728000 0.633962 0.738000 0.633962 0.750000 0.645283 0.802000 0.652830 0.822000 0.650943 0.846000 0.632075 0.848000 0.605660 0.838000 0.571698 0.796000 0.533962 0.768000 0.530189 0.762000 0.526415 0.722000 0.535849 0.710000 0.533962 0.714000 0.537736 0.712000 0.541509 0.684000 0.528302 0.658000 0.498113 0.644000 0.494340
0 0.576000 0.503774 0.564000 0.509434 0.536000 0.537736 0.532000 0.545283 0.492000 0.583019 0.476000 0.588679 0.442000 0.584906 0.430000 0.590566 0.422000 0.603774 0.406000 0.616981 0.394000 0.650943 0.394000 0.671698 0.408000 0.698113 0.426000 0.711321 0.446000 0.715094 0.466000 0.703774 0.472000 0.703774 0.472000 0.688679 0.500000 0.635849 0.512000 0.620755 0.502000 0.598113 0.494000 0.590566 0.538000 0.549057 0.552000 0.530189 0.578000 0.509434
0 0.584000 0.518868 0.572000 0.535849 0.568000 0.552830 0.558000 0.567925 0.558000 0.573585 0.538000 0.596226 0.526000 0.600000 0.520000 0.605660 0.518000 0.616981 0.502000 0.635849 0.474000 0.688679 0.472000 0.701887 0.484000 0.715094 0.494000 0.739623 0.504000 0.747170 0.514000 0.745283 0.524000 0.737736 0.524000 0.730189 0.528000 0.726415 0.540000 0.726415 0.572000 0.698113 0.580000 0.696226 0.594000 0.677358 0.592000 0.654717 0.596000 0.650943 0.596000 0.637736 0.588000 0.626415 0.590000 0.615094 0.588000 0.609434 0.570000 0.598113 0.564000 0.590566 0.566000 0.567925 0.576000 0.554717 0.584000 0.530189 0.588000 0.526415 0.592000 0.528302
0 0.620000 0.528302 0.618000 0.537736 0.626000 0.564151 0.626000 0.577358 0.600000 0.603774 0.604000 0.622642 0.602000 0.632075 0.614000 0.649057 0.640000 0.673585 0.658000 0.683019 0.672000 0.683019 0.676000 0.679245 0.680000 0.681132 0.704000 0.656604 0.700000 0.618868 0.690000 0.598113 0.676000 0.583019 0.664000 0.579245 0.646000 0.581132 0.634000 0.567925 0.626000 0.537736 0.628000 0.526415