0 0.388000 0.492453 0.364000 0.492453 0.364000 0.507547 0.372000 0.513208 0.380000 0.513208 0.388000 0.505660
0 0.260000 0.218868 0.244000 0.239623 0.238000 0.260377 0.238000 0.283019 0.246000 0.294340 0.250000 0.307547 0.262000 0.322642 0.284000 0.333962 0.326000 0.333962 0.350000 0.366038 0.390000 0.435849 0.398000 0.441509 0.400000 0.437736 0.382000 0.413208 0.376000 0.394340 0.370000 0.390566 0.362000 0.377358 0.360000 0.367925 0.346000 0.347170 0.340000 0.328302 0.342000 0.315094 0.358000 0.300000 0.354000 0.290566 0.358000 0.279245 0.358000 0.260377 0.342000 0.247170 0.332000 0.232075 0.296000 0.213208 0.278000 0.211321
0 0.414000 0.349057 0.396000 0.352830 0.386000 0.362264 0.382000 0.369811 0.384000 0.383019 0.378000 0.392453 0.384000 0.413208 0.400000 0.430189 0.402000 0.439623 0.406000 0.439623 0.412000 0.428302 0.424000 0.418868 0.434000 0.392453 0.432000 0.383019 0.426000 0.377358 0.428000 0.360377 0.420000 0.350943
0 0.394000 0.447170 0.372000 0.447170 0.356000 0.456604 0.354000 0.479245 0.364000 0.490566 0.382000 0.490566 0.392000 0.481132 0.396000 0.481132 0.404000 0.471698 0.404000 0.460377
0 0.410000 0.462264 0.430000 0.481132 0.434000 0.501887 0.440000 0.509434 0.448000 0.509434 0.484000 0.526415 0.496000 0.528302 0.510000 0.524528 0.532000 0.507547 0.532000 0.481132 0.528000 0.473585 0.504000 0.454717 0.480000 0.454717 0.468000 0.450943 0.442000 0.458491 0.442000 0.464151 0.436000 0.469811 0.432000 0.469811 0.426000 0.464151 0.426000 0.460377
0 0.180000 0.435849 0.180000 0.443396 0.194000 0.462264 0.208000 0.469811 0.232000 0.475472 0.268000 0.475472 0.280000 0.469811 0.292000 0.458491 0.310000 0.460377 0.326000 0.456604 0.348000 0.462264 0.354000 0.460377 0.354000 0.456604 0.344000 0.456604 0.332000 0.450943 0.316000 0.450943 0.290000 0.441509 0.270000 0.418868 0.250000 0.424528 0.214000 0.424528 0.190000 0.420755
0 0.392000 0.483019 0.392000 0.518868 0.388000 0.524528 0.378000 0.526415 0.366000 0.537736 0.352000 0.560377 0.354000 0.577358 0.362000 0.588679 0.366000 0.603774 0.378000 0.615094 0.384000 0.615094 0.408000 0.628302 0.428000 0.626415 0.444000 0.618868 0.458000 0.603774 0.468000 0.575472 0.468000 0.558491 0.462000 0.537736 0.454000 0.528302 0.434000 0.515094 0.402000 0.513208 0.400000 0.498113 0.396000 0.494340 0.396000 0.483019
0 0.426000 0.437736 0.400000 0.441509 0.394000 0.445283 0.406000 0.460377 0.428000 0.458491
0 0.558000 0.241509 0.546000 0.235849 0.530000 0.235849 0.506000 0.243396 0.496000 0.249057 0.484000 0.266038 0.468000 0.277358 0.462000 0.296226 0.462000 0.320755 0.474000 0.343396 0.456000 0.383019 0.422000 0.430189 0.422000 0.435849 0.428000 0.435849 0.438000 0.416981 0.448000 0.407547 0.466000 0.375472 0.484000 0.352830 0.490000 0.349057 0.518000 0.349057 0.528000 0.335849 0.542000 0.332075 0.546000 0.320755 0.566000 0.303774 0.574000 0.266038 0.568000 0.250943
0 0.636000 0.350943 0.622000 0.337736 0.608000 0.337736 0.598000 0.333962 0.564000 0.337736 0.542000 0.349057 0.530000 0.362264 0.526000 0.377358 0.528000 0.403774 0.518000 0.415094 0.504000 0.422642 0.492000 0.433962 0.458000 0.447170 0.450000 0.447170 0.446000 0.441509 0.432000 0.441509 0.428000 0.445283 0.428000 0.454717 0.440000 0.458491 0.472000 0.449057 0.536000 0.416981 0.550000 0.418868 0.566000 0.428302 0.586000 0.426415 0.602000 0.420755 0.620000 0.403774 0.638000 0.375472
0 0.294000 0.437736 0.294000 0.441509 0.316000 0.449057 0.326000 0.449057 0.334000 0.439623 0.358000 0.449057 0.370000 0.447170 0.368000 0.443396 0.364000 0.445283 0.336000 0.435849 0.328000 0.428302 0.308000 0.418868 0.304000 0.418868 0.304000 0.422642 0.298000 0.426415 0.298000 0.433962
0 0.404000 0.473585 0.402000 0.509434 0.404000 0.513208 0.412000 0.513208 0.408000 0.509434
0 0.448000 0.283019 0.426000 0.284906 0.420000 0.288679 0.400000 0.316981 0.402000 0.347170 0.398000 0.350943 0.414000 0.347170 0.428000 0.356604 0.428000 0.377358 0.434000 0.383019 0.434000 0.386792 0.438000 0.371698 0.450000 0.362264 0.462000 0.364151 0.472000 0.343396 0.460000 0.320755 0.462000 0.290566 0.454000 0.288679
0 0.152000 0.369811 0.156000 0.394340 0.172000 0.409434 0.188000 0.418868 0.214000 0.422642 0.250000 0.422642 0.268000 0.418868 0.274000 0.411321 0.282000 0.409434 0.308000 0.416981 0.326000 0.426415 0.332000 0.426415 0.372000 0.445283 0.382000 0.445283 0.382000 0.441509 0.294000 0.403774 0.282000 0.392453 0.280000 0.373585 0.276000 0.369811 0.270000 0.369811 0.252000 0.354717 0.234000 0.356604 0.220000 0.343396 0.186000 0.343396 0.176000 0.347170 0.158000 0.360377