0 0.456000 0.449057 0.444000 0.452830 0.426000 0.443396 0.412000 0.443396 0.398000 0.450943 0.382000 0.450943 0.380000 0.460377 0.372000 0.467925 0.372000 0.481132 0.376000 0.492453 0.386000 0.503774 0.404000 0.513208 0.412000 0.513208 0.420000 0.505660 0.434000 0.501887 0.438000 0.488679 0.444000 0.483019 0.444000 0.475472 0.450000 0.462264 0.460000 0.454717
0 0.468000 0.498113 0.468000 0.515094 0.472000 0.520755 0.472000 0.545283 0.476000 0.564151 0.472000 0.594340 0.464000 0.611321 0.466000 0.641509 0.490000 0.675472 0.516000 0.692453 0.536000 0.692453 0.550000 0.683019 0.550000 0.641509 0.540000 0.618868 0.524000 0.600000 0.520000 0.584906 0.496000 0.573585 0.488000 0.566038 0.480000 0.547170 0.474000 0.498113
0 0.508000 0.479245 0.520000 0.494340 0.564000 0.532075 0.572000 0.547170 0.562000 0.560377 0.560000 0.571698 0.572000 0.583019 0.582000 0.601887 0.610000 0.620755 0.630000 0.628302 0.660000 0.630189 0.676000 0.616981 0.680000 0.607547 0.678000 0.586792 0.672000 0.571698 0.662000 0.562264 0.646000 0.537736 0.630000 0.532075 0.618000 0.520755 0.604000 0.524528 0.598000 0.530189 0.582000 0.532075 0.556000 0.515094 0.516000 0.481132
0 0.678000 0.260377 0.660000 0.250943 0.642000 0.252830 0.612000 0.266038 0.582000 0.288679 0.580000 0.298113 0.572000 0.309434 0.572000 0.341509 0.576000 0.347170 0.576000 0.358491 0.544000 0.390566 0.520000 0.407547 0.524000 0.413208 0.528000 0.407547 0.584000 0.367925 0.594000 0.366038 0.612000 0.369811 0.620000 0.366038 0.626000 0.369811 0.634000 0.366038 0.646000 0.366038 0.652000 0.358491 0.664000 0.354717 0.674000 0.347170 0.676000 0.332075 0.684000 0.322642 0.688000 0.309434 0.684000 0.267925
0 0.682000 0.388679 0.666000 0.375472 0.650000 0.373585 0.644000 0.367925 0.634000 0.367925 0.600000 0.383019 0.592000 0.390566 0.584000 0.415094 0.572000 0.428302 0.558000 0.433962 0.492000 0.443396 0.506000 0.445283 0.548000 0.437736 0.554000 0.439623 0.586000 0.420755 0.602000 0.415094 0.616000 0.415094 0.624000 0.411321 0.668000 0.413208
0 0.410000 0.515094 0.398000 0.511321 0.390000 0.516981 0.380000 0.513208 0.350000 0.515094 0.334000 0.530189 0.326000 0.533962 0.310000 0.552830 0.304000 0.569811 0.304000 0.594340 0.320000 0.613208 0.350000 0.618868 0.366000 0.611321 0.380000 0.611321 0.388000 0.607547 0.408000 0.586792 0.418000 0.567925 0.412000 0.537736 0.406000 0.530189 0.406000 0.520755
0 0.494000 0.452830 0.464000 0.454717 0.466000 0.464151 0.462000 0.471698 0.468000 0.496226 0.476000 0.498113 0.480000 0.494340 0.490000 0.494340 0.502000 0.481132 0.506000 0.481132 0.508000 0.477358
0 0.340000 0.360377 0.338000 0.381132 0.360000 0.403774 0.380000 0.409434 0.414000 0.396226 0.454000 0.432075 0.456000 0.430189 0.454000 0.424528 0.442000 0.413208 0.434000 0.411321 0.412000 0.390566 0.412000 0.381132 0.408000 0.375472 0.388000 0.366038 0.380000 0.358491 0.380000 0.354717 0.360000 0.345283
0 0.454000 0.433962 0.454000 0.443396 0.462000 0.454717 0.470000 0.450943 0.492000 0.450943 0.490000 0.441509 0.472000 0.437736 0.464000 0.428302
0 0.468000 0.516981 0.468000 0.547170 0.462000 0.554717 0.448000 0.560377 0.438000 0.573585 0.438000 0.596226 0.448000 0.607547 0.448000 0.611321 0.462000 0.622642 0.462000 0.611321 0.470000 0.594340 0.474000 0.564151
0 0.688000 0.435849 0.670000 0.420755 0.668000 0.415094 0.624000 0.413208 0.616000 0.416981 0.594000 0.418868 0.546000 0.445283 0.494000 0.447170 0.494000 0.450943 0.514000 0.454717 0.550000 0.452830 0.560000 0.456604 0.568000 0.464151 0.578000 0.466038 0.600000 0.481132 0.660000 0.483019 0.682000 0.469811 0.690000 0.454717
0 0.504000 0.390566 0.492000 0.388679 0.488000 0.392453 0.478000 0.394340 0.472000 0.400000 0.470000 0.411321 0.462000 0.418868 0.472000 0.435849 0.490000 0.439623 0.496000 0.433962 0.502000 0.433962 0.522000 0.424528 0.522000 0.413208
0 0.362000 0.267925 0.352000 0.277358 0.346000 0.305660 0.348000 0.318868 0.358000 0.328302 0.362000 0.345283 0.380000 0.352830 0.388000 0.364151 0.402000 0.369811 0.412000 0.379245 0.420000 0.377358 0.436000 0.398113 0.446000 0.416981 0.458000 0.428302 0.464000 0.426415 0.450000 0.411321 0.434000 0.375472 0.434000 0.366038 0.442000 0.354717 0.442000 0.335849 0.446000 0.328302 0.442000 0.316981 0.434000 0.309434 0.432000 0.298113 0.418000 0.279245 0.402000 0.267925 0.382000 0.264151
0 0.244000 0.449057 0.254000 0.467925 0.264000 0.477358 0.282000 0.484906 0.326000 0.488679 0.332000 0.484906 0.350000 0.486792 0.358000 0.481132 0.364000 0.471698 0.362000 0.452830 0.368000 0.447170 0.398000 0.449057 0.406000 0.443396 0.416000 0.441509 0.398000 0.443396 0.360000 0.435849 0.346000 0.416981 0.334000 0.407547 0.304000 0.405660 0.264000 0.416981 0.248000 0.435849
0 0.466000 0.235849 0.452000 0.243396 0.444000 0.252830 0.440000 0.264151 0.440000 0.284906 0.446000 0.300000 0.444000 0.320755 0.448000 0.330189 0.460000 0.339623 0.466000 0.350943 0.480000 0.352830 0.486000 0.358491 0.486000 0.375472 0.480000 0.392453 0.490000 0.388679 0.488000 0.381132 0.498000 0.350943 0.504000 0.345283 0.520000 0.339623 0.524000 0.332075 0.524000 0.318868 0.530000 0.307547 0.530000 0.294340 0.524000 0.286792 0.518000 0.269811 0.506000 0.260377 0.504000 0.252830 0.490000 0.239623 0.480000 0.235849