0 0.815094 0.451327 0.800000 0.435398 0.786792 0.430088 0.752830 0.433628 0.692453 0.461947 0.681132 0.476106 0.671698 0.477876 0.650943 0.499115 0.645283 0.511504 0.635849 0.518584 0.607547 0.525664 0.583019 0.529204 0.581132 0.527434 0.573585 0.532743 0.564151 0.532743 0.564151 0.536283 0.600000 0.536283 0.609434 0.532743 0.650943 0.529204 0.671698 0.538053 0.683019 0.536283 0.690566 0.539823 0.707547 0.539823 0.715094 0.534513 0.750943 0.532743 0.779245 0.518584 0.807547 0.492035 0.815094 0.477876
0 0.547170 0.483186 0.545283 0.490265 0.552830 0.495575 0.552830 0.511504 0.549057 0.515044 0.549057 0.522124 0.556604 0.529204 0.573585 0.530973 0.579245 0.527434 0.579245 0.523894 0.592453 0.509735 0.592453 0.484956 0.581132 0.483186 0.564151 0.492035 0.554717 0.483186
0 0.554717 0.543363 0.545283 0.548673 0.550943 0.561062 0.543396 0.571681 0.543396 0.585841 0.547170 0.591150 0.550943 0.608850 0.558491 0.623009 0.583019 0.640708 0.600000 0.642478 0.607547 0.638938 0.616981 0.628319 0.615094 0.603540 0.601887 0.582301 0.583019 0.564602 0.564151 0.552212 0.566038 0.550442 0.562264 0.543363
0 0.562264 0.538053 0.566038 0.548673 0.575472 0.546903 0.586792 0.552212 0.609434 0.569912 0.609434 0.575221 0.603774 0.584071 0.616981 0.603540 0.620755 0.601770 0.632075 0.605310 0.652830 0.605310 0.673585 0.596460 0.679245 0.587611 0.679245 0.571681 0.660377 0.553982 0.637736 0.548673 0.626415 0.552212 0.616981 0.561062 0.611321 0.561062 0.594340 0.550442 0.583019 0.546903 0.579245 0.543363 0.579245 0.538053
0 0.618868 0.610619 0.618868 0.628319 0.626415 0.633628 0.626415 0.667257 0.654717 0.706195 0.667925 0.718584 0.700000 0.738053 0.720755 0.745133 0.735849 0.745133 0.743396 0.748673 0.767925 0.748673 0.783019 0.745133 0.800000 0.734513 0.807547 0.723894 0.807547 0.699115 0.796226 0.674336 0.773585 0.646018 0.756604 0.635398 0.735849 0.628319 0.726415 0.621239 0.669811 0.614159 0.647170 0.626549 0.639623 0.626549
0 0.449057 0.240708 0.430189 0.249558 0.418868 0.261947 0.415094 0.274336 0.415094 0.309735 0.418868 0.313274 0.433962 0.355752 0.445283 0.375221 0.456604 0.385841 0.458491 0.392920 0.483019 0.408850 0.496226 0.412389 0.513208 0.431858 0.528302 0.474336 0.528302 0.483186 0.535849 0.507965 0.533962 0.516814 0.537736 0.520354 0.547170 0.520354 0.547170 0.515044 0.543396 0.513274 0.539623 0.502655 0.539623 0.492035 0.524528 0.435398 0.524528 0.414159 0.535849 0.398230 0.543396 0.375221 0.543396 0.362832 0.535849 0.350442 0.535849 0.318584 0.520755 0.288496 0.500000 0.260177 0.484906 0.246018 0.464151 0.238938
0 0.224528 0.522124 0.226415 0.534513 0.233962 0.546903 0.245283 0.559292 0.264151 0.571681 0.288679 0.575221 0.294340 0.578761 0.341509 0.582301 0.369811 0.571681 0.388679 0.557522 0.401887 0.541593 0.415094 0.536283 0.509434 0.536283 0.513208 0.539823 0.518868 0.530973 0.405660 0.529204 0.394340 0.525664 0.369811 0.495575 0.352830 0.486726 0.343396 0.486726 0.311321 0.476106 0.288679 0.476106 0.252830 0.484956 0.228302 0.504425
0 0.515094 0.559292 0.511321 0.555752 0.449057 0.605310 0.437736 0.610619 0.418868 0.610619 0.398113 0.617699 0.390566 0.617699 0.381132 0.626549 0.352830 0.635398 0.309434 0.676106 0.305660 0.683186 0.305660 0.692035 0.298113 0.709735 0.298113 0.730973 0.303774 0.741593 0.318868 0.750442 0.350943 0.748673 0.371698 0.741593 0.381132 0.741593 0.392453 0.736283 0.430189 0.700885 0.433962 0.693805 0.433962 0.684956 0.445283 0.667257 0.445283 0.654867 0.450943 0.642478 0.450943 0.633628 0.460377 0.612389 0.513208 0.566372
0 0.686792 0.345133 0.666038 0.334513 0.647170 0.334513 0.632075 0.341593 0.607547 0.359292 0.600000 0.373451 0.592453 0.400000 0.588679 0.403540 0.588679 0.417699 0.594340 0.428319 0.609434 0.444248 0.609434 0.451327 0.586792 0.481416 0.594340 0.483186 0.622642 0.453097 0.654717 0.454867 0.664151 0.449558 0.675472 0.424779 0.690566 0.401770 0.698113 0.376991 0.698113 0.359292
0 0.537736 0.553982 0.528302 0.561062 0.528302 0.571681 0.509434 0.603540 0.498113 0.615929 0.460377 0.615929 0.454717 0.628319 0.447170 0.660177 0.450943 0.660177 0.456604 0.669027 0.477358 0.688496 0.498113 0.684956 0.524528 0.667257 0.528302 0.658407 0.528302 0.640708 0.511321 0.619469 0.511321 0.612389 0.524528 0.584071 0.537736 0.564602
0 0.562264 0.532743 0.547170 0.522124 0.524528 0.527434 0.513208 0.541593 0.513208 0.555752 0.516981 0.562832 0.526415 0.562832 0.535849 0.552212 0.539623 0.552212 0.554717 0.541593 0.560377 0.541593
0 0.413208 0.447788 0.409434 0.456637 0.411321 0.476106 0.418868 0.490265 0.432075 0.502655 0.443396 0.507965 0.450943 0.507965 0.460377 0.515044 0.469811 0.515044 0.477358 0.518584 0.498113 0.520354 0.503774 0.516814 0.513208 0.516814 0.524528 0.525664 0.537736 0.523894 0.515094 0.504425 0.513208 0.477876 0.507547 0.472566 0.505660 0.465487 0.483019 0.446018 0.454717 0.435398 0.426415 0.437168