0 0.469811 0.483186 0.462264 0.493805 0.464151 0.506195 0.479245 0.525664 0.486792 0.520354 0.490566 0.511504 0.490566 0.490265 0.486792 0.486726
0 0.128302 0.578761 0.139623 0.600000 0.158491 0.621239 0.177358 0.624779 0.205660 0.623009 0.241509 0.614159 0.262264 0.600000 0.298113 0.566372 0.371698 0.548673 0.383019 0.548673 0.405660 0.541593 0.415094 0.541593 0.435849 0.534513 0.452830 0.534513 0.458491 0.530973 0.445283 0.527434 0.422642 0.534513 0.328302 0.550442 0.284906 0.550442 0.273585 0.545133 0.252830 0.527434 0.237736 0.522124 0.220755 0.520354 0.207547 0.525664 0.184906 0.527434 0.167925 0.532743 0.162264 0.538053 0.139623 0.548673 0.128302 0.562832
0 0.486792 0.522124 0.471698 0.529204 0.462264 0.539823 0.464151 0.552212 0.467925 0.561062 0.483019 0.578761 0.503774 0.580531 0.515094 0.568142 0.515094 0.552212 0.503774 0.541593 0.503774 0.530973 0.498113 0.525664
0 0.469811 0.530973 0.456604 0.532743 0.428302 0.559292 0.401887 0.575221 0.392453 0.576991 0.360377 0.573451 0.352830 0.580531 0.345283 0.580531 0.333962 0.585841 0.326415 0.594690 0.316981 0.600000 0.298113 0.630088 0.294340 0.651327 0.301887 0.665487 0.307547 0.670796 0.320755 0.676106 0.362264 0.672566 0.383019 0.656637 0.392453 0.653097 0.413208 0.621239 0.411321 0.592920 0.415094 0.589381 0.418868 0.576991 0.426415 0.569912 0.435849 0.566372 0.435849 0.561062
0 0.656604 0.513274 0.650943 0.509735 0.647170 0.499115 0.639623 0.492035 0.618868 0.488496 0.598113 0.497345 0.592453 0.522124 0.584906 0.529204 0.562264 0.532743 0.505660 0.530973 0.543396 0.539823 0.590566 0.539823 0.600000 0.545133 0.598113 0.548673 0.605660 0.548673 0.615094 0.545133 0.641509 0.522124
0 0.369811 0.430088 0.362264 0.442478 0.362264 0.451327 0.366038 0.460177 0.388679 0.486726 0.401887 0.493805 0.433962 0.497345 0.452830 0.511504 0.456604 0.509735 0.441509 0.490265 0.441509 0.479646 0.433962 0.469027 0.432075 0.456637 0.415094 0.438938 0.394340 0.428319
0 0.509434 0.461947 0.500000 0.461947 0.490566 0.469027 0.490566 0.488496 0.496226 0.484956
0 0.303774 0.437168 0.298113 0.449558 0.298113 0.463717 0.307547 0.481416 0.322642 0.493805 0.349057 0.499115 0.356604 0.495575 0.367925 0.483186 0.379245 0.481416 0.396226 0.495575 0.411321 0.495575 0.439623 0.511504 0.445283 0.511504 0.449057 0.515044 0.450943 0.513274 0.449057 0.509735 0.428302 0.499115 0.396226 0.493805 0.377358 0.477876 0.360377 0.451327 0.360377 0.442478 0.367925 0.431858 0.358491 0.431858 0.349057 0.426549 0.332075 0.424779 0.318868 0.428319
0 0.781132 0.566372 0.781132 0.548673 0.777358 0.539823 0.758491 0.523894 0.722642 0.509735 0.669811 0.509735 0.649057 0.518584 0.615094 0.546903 0.605660 0.550442 0.581132 0.550442 0.558491 0.546903 0.541509 0.539823 0.532075 0.539823 0.505660 0.532743 0.507547 0.538053 0.520755 0.543363 0.611321 0.566372 0.630189 0.576991 0.641509 0.589381 0.673585 0.605310 0.722642 0.605310 0.767925 0.584071 0.777358 0.575221
0 0.475472 0.523894 0.464151 0.507965 0.454717 0.511504 0.447170 0.520354 0.447170 0.527434 0.452830 0.529204 0.469811 0.529204
0 0.613208 0.284956 0.590566 0.283186 0.579245 0.286726 0.554717 0.302655 0.541509 0.316814 0.528302 0.346903 0.528302 0.362832 0.543396 0.391150 0.543396 0.400000 0.528302 0.437168 0.509434 0.463717 0.501887 0.479646 0.492453 0.490265 0.492453 0.502655 0.503774 0.483186 0.518868 0.465487 0.524528 0.453097 0.524528 0.446018 0.533962 0.430088 0.545283 0.417699 0.566038 0.407080 0.573585 0.407080 0.579245 0.403540 0.611321 0.405310 0.641509 0.368142 0.647170 0.341593 0.645283 0.316814 0.637736 0.302655
0 0.484906 0.580531 0.484906 0.587611 0.490566 0.592920 0.520755 0.649558 0.520755 0.677876 0.526415 0.699115 0.545283 0.718584 0.571698 0.732743 0.586792 0.734513 0.600000 0.729204 0.615094 0.715044 0.618868 0.706195 0.618868 0.688496 0.605660 0.661947 0.590566 0.647788 0.560377 0.628319 0.528302 0.633628 0.503774 0.607080 0.492453 0.585841 0.494340 0.582301
0 0.462264 0.548673 0.456604 0.557522 0.447170 0.564602 0.432075 0.568142 0.420755 0.576991 0.416981 0.589381 0.426415 0.598230 0.439623 0.600000 0.449057 0.594690 0.452830 0.587611 0.452830 0.569912 0.458491 0.559292 0.464151 0.555752
0 0.362264 0.233628 0.347170 0.246018 0.341509 0.260177 0.339623 0.284956 0.343396 0.293805 0.345283 0.318584 0.356604 0.332743 0.360377 0.345133 0.386792 0.366372 0.388679 0.373451 0.394340 0.378761 0.409434 0.382301 0.433962 0.408850 0.433962 0.414159 0.441509 0.424779 0.452830 0.454867 0.454717 0.470796 0.462264 0.492035 0.467925 0.481416 0.443396 0.396460 0.443396 0.378761 0.456604 0.353982 0.456604 0.345133 0.452830 0.339823 0.456604 0.325664 0.452830 0.300885 0.447170 0.293805 0.447170 0.286726 0.439623 0.270796 0.411321 0.240708 0.384906 0.230088
0 0.611321 0.407080 0.579245 0.405310 0.573585 0.408850 0.566038 0.408850 0.545283 0.419469 0.526415 0.446018 0.526415 0.453097 0.518868 0.467257 0.522642 0.479646 0.509434 0.493805 0.492453 0.504425 0.488679 0.520354 0.501887 0.507965 0.528302 0.492035 0.545283 0.490265 0.554717 0.493805 0.567925 0.493805 0.596226 0.474336 0.600000 0.474336 0.613208 0.461947 0.622642 0.442478 0.622642 0.426549