0 0.545283 0.490265 0.554717 0.499115 0.569811 0.504425 0.575472 0.504425 0.579245 0.495575 0.586792 0.490265
0 0.507547 0.469027 0.507547 0.484956 0.511321 0.493805 0.516981 0.492035 0.528302 0.497345 0.528302 0.490265 0.532075 0.484956 0.537736 0.497345 0.541509 0.493805 0.535849 0.488496 0.545283 0.488496 0.550943 0.484956 0.552830 0.474336 0.543396 0.483186 0.537736 0.481416 0.543396 0.474336 0.528302 0.474336 0.524528 0.479646 0.520755 0.479646
0 0.590566 0.405310 0.579245 0.403540 0.566038 0.414159 0.562264 0.433628 0.569811 0.442478 0.569811 0.447788 0.564151 0.454867 0.556604 0.458407 0.552830 0.463717 0.554717 0.465487 0.539623 0.481416 0.543396 0.481416 0.569811 0.454867 0.573585 0.454867 0.584906 0.433628 0.590566 0.428319 0.598113 0.426549 0.598113 0.412389
0 0.618868 0.493805 0.616981 0.483186 0.613208 0.492035 0.590566 0.492035 0.579245 0.506195 0.569811 0.506195 0.554717 0.500885 0.543396 0.490265 0.537736 0.488496 0.558491 0.506195 0.577358 0.511504 0.601887 0.509735 0.613208 0.502655
0 0.532075 0.486726 0.528302 0.520354 0.532075 0.523894 0.533962 0.532743 0.533962 0.566372 0.543396 0.573451 0.556604 0.573451 0.562264 0.568142 0.562264 0.559292 0.552830 0.545133 0.541509 0.539823 0.535849 0.527434
0 0.524528 0.497345 0.518868 0.500885 0.515094 0.513274 0.505660 0.527434 0.496226 0.530973 0.483019 0.541593 0.479245 0.553982 0.484906 0.559292 0.498113 0.561062 0.511321 0.553982 0.516981 0.543363 0.513208 0.532743 0.513208 0.520354
0 0.600000 0.428319 0.594340 0.428319 0.586792 0.433628 0.575472 0.451327 0.573585 0.463717 0.560377 0.474336 0.554717 0.474336 0.554717 0.477876 0.562264 0.477876 0.577358 0.467257 0.590566 0.461947 0.603774 0.449558 0.605660 0.435398
0 0.522642 0.495575 0.507547 0.504425 0.503774 0.511504 0.507547 0.522124 0.516981 0.500885
0 0.505660 0.484956 0.483019 0.497345 0.454717 0.502655 0.450943 0.509735 0.458491 0.506195 0.488679 0.504425 0.488679 0.500885 0.507547 0.490265
0 0.616981 0.481416 0.611321 0.470796 0.601887 0.470796 0.590566 0.476106 0.583019 0.486726 0.547170 0.488496 0.586792 0.488496 0.605660 0.492035 0.613208 0.490265
0 0.445283 0.442478 0.445283 0.449558 0.454717 0.458407 0.490566 0.456637 0.501887 0.461947 0.520755 0.477876 0.526415 0.476106 0.509434 0.460177 0.473585 0.440708 0.449057 0.438938
0 0.520755 0.495575 0.513208 0.493805 0.501887 0.497345 0.494340 0.506195 0.458491 0.507965 0.449057 0.511504 0.449057 0.529204 0.454717 0.534513 0.466038 0.538053 0.486792 0.522124 0.498113 0.506195
0 0.498113 0.461947 0.490566 0.458407 0.454717 0.460177 0.454717 0.469027 0.458491 0.474336 0.466038 0.477876 0.483019 0.477876 0.494340 0.469027
0 0.537736 0.442478 0.530189 0.447788 0.532075 0.454867 0.537736 0.456637 0.541509 0.470796 0.558491 0.454867 0.549057 0.446018
0 0.503774 0.392920 0.494340 0.403540 0.496226 0.423009 0.507547 0.433628 0.526415 0.435398 0.530189 0.444248 0.533962 0.444248 0.533962 0.419469 0.528302 0.401770 0.516981 0.392920