0 0.620755 0.495575 0.616981 0.488496 0.609434 0.483186 0.584906 0.483186 0.569811 0.490265 0.562264 0.490265 0.552830 0.499115 0.545283 0.500885 0.530189 0.516814 0.513208 0.520354 0.505660 0.518584 0.501887 0.525664 0.505660 0.529204 0.509434 0.525664 0.533962 0.525664 0.552830 0.534513 0.588679 0.532743 0.600000 0.529204 0.616981 0.513274
0 0.447170 0.495575 0.445283 0.511504 0.469811 0.525664 0.483019 0.523894 0.486792 0.529204 0.486792 0.525664 0.492453 0.520354 0.501887 0.520354 0.505660 0.516814 0.488679 0.500885 0.484906 0.493805 0.458491 0.490265
0 0.492453 0.522124 0.488679 0.525664 0.490566 0.538053 0.479245 0.552212 0.484906 0.550442 0.494340 0.555752 0.500000 0.555752 0.509434 0.552212 0.505660 0.543363 0.505660 0.530973 0.500000 0.525664 0.500000 0.522124
0 0.507547 0.530973 0.507547 0.539823 0.511321 0.539823 0.518868 0.546903 0.528302 0.548673 0.552830 0.566372 0.552830 0.575221 0.547170 0.578761 0.579245 0.603540 0.590566 0.605310 0.613208 0.598230 0.624528 0.587611 0.626415 0.569912 0.607547 0.550442 0.583019 0.545133 0.571698 0.548673 0.560377 0.559292 0.511321 0.536283
0 0.507547 0.541593 0.511321 0.553982 0.571698 0.615929 0.573585 0.644248 0.605660 0.684956 0.650943 0.709735 0.666038 0.709735 0.673585 0.713274 0.701887 0.713274 0.715094 0.709735 0.726415 0.702655 0.733962 0.690265 0.732075 0.667257 0.711321 0.637168 0.696226 0.623009 0.654717 0.603540 0.615094 0.598230 0.590566 0.607080 0.583019 0.607080 0.569811 0.600000 0.520755 0.553982 0.518868 0.548673 0.511321 0.541593
0 0.422642 0.299115 0.413208 0.302655 0.400000 0.315044 0.398113 0.350442 0.409434 0.373451 0.413208 0.389381 0.426415 0.407080 0.428302 0.414159 0.437736 0.423009 0.464151 0.438938 0.477358 0.474336 0.477358 0.490265 0.484906 0.492035 0.488679 0.497345 0.484906 0.472566 0.481132 0.465487 0.479245 0.438938 0.483019 0.428319 0.492453 0.415929 0.494340 0.391150 0.490566 0.384071 0.492453 0.368142 0.484906 0.345133 0.456604 0.304425 0.445283 0.299115
0 0.177358 0.476106 0.177358 0.484956 0.186792 0.502655 0.222642 0.529204 0.269811 0.539823 0.298113 0.539823 0.316981 0.532743 0.333962 0.522124 0.347170 0.509735 0.400000 0.511504 0.462264 0.522124 0.443396 0.511504 0.428302 0.511504 0.420755 0.507965 0.403774 0.507965 0.394340 0.504425 0.345283 0.497345 0.333962 0.488496 0.326415 0.470796 0.313208 0.458407 0.267925 0.440708 0.226415 0.440708 0.209434 0.444248 0.183019 0.461947
0 0.484906 0.527434 0.475472 0.525664 0.452830 0.536283 0.441509 0.536283 0.433962 0.530973 0.418868 0.527434 0.392453 0.527434 0.383019 0.532743 0.373585 0.532743 0.360377 0.538053 0.341509 0.555752 0.337736 0.562832 0.337736 0.576991 0.349057 0.592920 0.360377 0.596460 0.388679 0.596460 0.405660 0.587611 0.416981 0.585841 0.439623 0.564602 0.450943 0.545133 0.483019 0.532743
0 0.692453 0.389381 0.679245 0.376991 0.664151 0.371681 0.632075 0.371681 0.615094 0.376991 0.579245 0.410619 0.579245 0.451327 0.533962 0.486726 0.505660 0.504425 0.501887 0.509735 0.507547 0.513274 0.562264 0.472566 0.584906 0.461947 0.592453 0.461947 0.601887 0.470796 0.613208 0.476106 0.632075 0.476106 0.639623 0.472566 0.650943 0.461947 0.671698 0.451327 0.690566 0.430088 0.700000 0.410619 0.700000 0.403540
0 0.486792 0.530973 0.477358 0.536283 0.471698 0.543363 0.458491 0.545133 0.458491 0.550442 0.467925 0.559292 0.443396 0.603540 0.433962 0.610619 0.405660 0.610619 0.398113 0.614159 0.390566 0.623009 0.388679 0.635398 0.392453 0.642478 0.398113 0.644248 0.428302 0.676106 0.449057 0.676106 0.466038 0.661947 0.466038 0.633628 0.449057 0.614159 0.449057 0.608850 0.454717 0.592920 0.477358 0.555752 0.477358 0.550442 0.488679 0.538053
0 0.505660 0.476106 0.498113 0.476106 0.494340 0.479646 0.494340 0.504425 0.498113 0.507965 0.507547 0.502655 0.505660 0.500885 0.515094 0.490265 0.515094 0.483186
0 0.366038 0.437168 0.360377 0.446018 0.360377 0.467257 0.369811 0.481416 0.377358 0.486726 0.396226 0.490265 0.422642 0.477876 0.445283 0.493805 0.452830 0.490265 0.432075 0.474336 0.432075 0.447788 0.428302 0.440708 0.415094 0.430088 0.403774 0.426549 0.383019 0.426549