0 0.511321 0.460177 0.503774 0.456637 0.484906 0.456637 0.473585 0.470796 0.469811 0.492035 0.486792 0.493805 0.501887 0.488496 0.511321 0.476106
0 0.583019 0.263717 0.560377 0.265487 0.547170 0.272566 0.528302 0.288496 0.518868 0.304425 0.511321 0.323894 0.511321 0.336283 0.522642 0.355752 0.524528 0.371681 0.515094 0.398230 0.486792 0.449558 0.486792 0.454867 0.492453 0.454867 0.505660 0.435398 0.513208 0.415929 0.530189 0.391150 0.547170 0.376991 0.579245 0.378761 0.588679 0.371681 0.611321 0.338053 0.616981 0.309735 0.613208 0.288496 0.607547 0.279646
0 0.462264 0.493805 0.452830 0.492035 0.445283 0.502655 0.428302 0.504425 0.403774 0.516814 0.400000 0.525664 0.400000 0.539823 0.416981 0.561062 0.432075 0.559292 0.462264 0.527434
0 0.641509 0.437168 0.630189 0.424779 0.618868 0.419469 0.594340 0.414159 0.581132 0.415929 0.564151 0.423009 0.545283 0.442478 0.541509 0.461947 0.533962 0.470796 0.516981 0.479646 0.511321 0.477876 0.509434 0.483186 0.498113 0.492035 0.507547 0.488496 0.520755 0.488496 0.530189 0.483186 0.547170 0.479646 0.567925 0.495575 0.583019 0.499115 0.605660 0.495575 0.616981 0.490265 0.639623 0.465487 0.643396 0.458407
0 0.439623 0.279646 0.420755 0.300885 0.413208 0.323894 0.413208 0.341593 0.416981 0.348673 0.416981 0.361062 0.424528 0.371681 0.424528 0.376991 0.428302 0.384071 0.441509 0.394690 0.447170 0.405310 0.456604 0.453097 0.452830 0.460177 0.462264 0.465487 0.458491 0.398230 0.475472 0.385841 0.477358 0.373451 0.484906 0.364602 0.488679 0.353982 0.488679 0.323894 0.481132 0.307965 0.481132 0.299115 0.467925 0.283186 0.458491 0.279646
0 0.507547 0.431858 0.494340 0.454867 0.503774 0.454867 0.509434 0.458407 0.511321 0.449558 0.515094 0.446018 0.515094 0.438938
0 0.467925 0.495575 0.464151 0.499115 0.464151 0.509735 0.467925 0.513274 0.473585 0.548673 0.483019 0.573451 0.483019 0.608850 0.488679 0.631858 0.507547 0.651327 0.528302 0.653097 0.541509 0.646018 0.552830 0.626549 0.552830 0.603540 0.539623 0.576991 0.515094 0.561062 0.503774 0.562832 0.492453 0.569912 0.484906 0.564602 0.467925 0.500885 0.473585 0.499115 0.473585 0.495575
0 0.437736 0.461947 0.435849 0.477876 0.447170 0.488496 0.458491 0.490265 0.466038 0.495575 0.469811 0.493805 0.467925 0.481416 0.464151 0.477876 0.464151 0.467257 0.447170 0.460177
0 0.552830 0.484956 0.541509 0.481416 0.516981 0.492035 0.501887 0.492035 0.475472 0.497345 0.484906 0.495575 0.494340 0.499115 0.516981 0.499115
0 0.164151 0.548673 0.169811 0.561062 0.184906 0.573451 0.198113 0.576991 0.224528 0.576991 0.264151 0.564602 0.275472 0.553982 0.286792 0.536283 0.307547 0.520354 0.349057 0.509735 0.360377 0.509735 0.366038 0.506195 0.416981 0.499115 0.424528 0.495575 0.441509 0.493805 0.449057 0.497345 0.450943 0.490265 0.407547 0.493805 0.332075 0.506195 0.288679 0.507965 0.283019 0.506195 0.256604 0.484956 0.239623 0.483186 0.226415 0.488496 0.205660 0.492035 0.175472 0.511504 0.164151 0.527434
0 0.300000 0.410619 0.296226 0.431858 0.305660 0.451327 0.315094 0.458407 0.330189 0.465487 0.341509 0.467257 0.352830 0.463717 0.364151 0.447788 0.373585 0.446018 0.400000 0.456637 0.433962 0.476106 0.433962 0.467257 0.428302 0.467257 0.386792 0.442478 0.367925 0.426549 0.367925 0.410619 0.362264 0.403540 0.333962 0.394690 0.320755 0.396460