0 0.301587 0.519274 0.269841 0.467120 0.238095 0.435374 0.222222 0.435374 0.206349 0.442177 0.190476 0.455782 0.185941 0.455782 0.160998 0.482993 0.124717 0.482993 0.115646 0.469388 0.106576 0.469388 0.102041 0.473923 0.102041 0.478458 0.104308 0.473923 0.108844 0.478458 0.108844 0.485261 0.102041 0.492063 0.106576 0.514739 0.151927 0.546485 0.179138 0.557823 0.219955 0.560091 0.217687 0.553288 0.224490 0.546485 0.278912 0.537415 0.292517 0.530612
0 0.614512 0.698413 0.616780 0.707483 0.637188 0.734694 0.655329 0.748299 0.662132 0.748299 0.698413 0.773243 0.714286 0.814059 0.757370 0.850340 0.761905 0.866213 0.782313 0.893424 0.768707 0.873016 0.766440 0.820862 0.761905 0.811791 0.748299 0.804989 0.734694 0.786848 0.734694 0.770975 0.721088 0.748299 0.705215 0.734694 0.682540 0.725624 0.680272 0.721088 0.668934 0.718821 0.639456 0.698413
0 0.884354 0.104308 0.861678 0.088435 0.848073 0.088435 0.827664 0.074830 0.818594 0.074830 0.804989 0.083900 0.795918 0.081633 0.775510 0.090703 0.766440 0.090703 0.761905 0.083900 0.764172 0.120181 0.759637 0.147392 0.736961 0.170068 0.734694 0.176871 0.709751 0.197279 0.696145 0.238095 0.664399 0.278912 0.643991 0.294785 0.619048 0.337868 0.641723 0.337868 0.653061 0.324263 0.668934 0.312925 0.678005 0.297052 0.684807 0.292517 0.716553 0.292517 0.730159 0.281179 0.770975 0.265306 0.816327 0.265306 0.836735 0.249433 0.836735 0.238095 0.843537 0.233560 0.850340 0.217687 0.861678 0.206349 0.879819 0.199546 0.895692 0.199546 0.893424 0.192744 0.897959 0.181406 0.897959 0.126984
0 0.077098 0.068027 0.092971 0.072562 0.097506 0.077098 0.136054 0.086168 0.147392 0.097506 0.151927 0.097506 0.160998 0.108844 0.165533 0.108844 0.222222 0.167800 0.229025 0.170068 0.235828 0.190476 0.244898 0.199546 0.263039 0.208617 0.269841 0.208617 0.285714 0.219955 0.306122 0.222222 0.312925 0.229025 0.312925 0.240363 0.317460 0.249433 0.321995 0.247166 0.335601 0.253968 0.349206 0.253968 0.358277 0.258503 0.356009 0.247166 0.342404 0.229025 0.340136 0.215420 0.337868 0.219955 0.306122 0.190476 0.292517 0.183673 0.265306 0.154195 0.242630 0.140590 0.201814 0.102041 0.129252 0.068027
0 0.442177 0.632653 0.419501 0.639456 0.419501 0.648526 0.414966 0.653061 0.410431 0.678005 0.405896 0.682540 0.403628 0.700680 0.399093 0.707483 0.399093 0.736961 0.403628 0.739229 0.403628 0.750567 0.399093 0.757370 0.399093 0.780045 0.394558 0.791383 0.371882 0.811791 0.365079 0.809524 0.360544 0.832200 0.351474 0.841270 0.353741 0.843537 0.346939 0.854875 0.346939 0.868481 0.337868 0.879819 0.335601 0.897959 0.319728 0.929705 0.317460 0.959184 0.294785 0.997732 0.528345 0.997732 0.530612 0.956916 0.541950 0.938776 0.541950 0.931973 0.528345 0.925170 0.507937 0.897959 0.503401 0.875283 0.498866 0.873016 0.498866 0.834467 0.480726 0.804989 0.476190 0.761905 0.471655 0.759637 0.471655 0.750567 0.453515 0.748299 0.435374 0.734694
0 0.997732 0.154195 0.993197 0.151927 0.981859 0.158730 0.970522 0.158730 0.952381 0.167800 0.943311 0.167800 0.922902 0.190476 0.904762 0.199546 0.870748 0.204082 0.852608 0.217687 0.845805 0.233560 0.839002 0.238095 0.839002 0.249433 0.841270 0.247166 0.843537 0.251701 0.823129 0.290249 0.818594 0.287982 0.818594 0.283447 0.814059 0.310658 0.802721 0.333333 0.798186 0.358277 0.782313 0.394558 0.782313 0.403628 0.755102 0.437642 0.741497 0.444444 0.718821 0.446712 0.714286 0.451247 0.714286 0.460317 0.709751 0.464853 0.696145 0.467120 0.693878 0.473923 0.718821 0.469388 0.727891 0.460317 0.752834 0.451247 0.773243 0.439909 0.775510 0.435374 0.811791 0.419501 0.825397 0.408163 0.827664 0.410431 0.848073 0.390023 0.866213 0.383220 0.877551 0.369615 0.936508 0.342404 0.952381 0.328798 0.968254 0.297052 0.986395 0.278912 0.997732 0.274376
0 0.000000 0.219955 0.000000 0.439909 0.006803 0.444444 0.018141 0.444444 0.038549 0.476190 0.095238 0.480726 0.106576 0.467120 0.115646 0.467120 0.124717 0.480726 0.160998 0.480726 0.185941 0.453515 0.190476 0.453515 0.192744 0.448980 0.215420 0.435374 0.238095 0.433107 0.251701 0.444444 0.251701 0.448980 0.247166 0.421769 0.256236 0.408163 0.267574 0.399093 0.249433 0.387755 0.226757 0.365079 0.204082 0.358277 0.183673 0.342404 0.163265 0.340136 0.147392 0.326531 0.145125 0.319728 0.126984 0.319728 0.124717 0.315193 0.104308 0.306122 0.102041 0.301587 0.070295 0.287982 0.052154 0.269841 0.047619 0.269841
0 0.616780 0.668934 0.639456 0.691610 0.637188 0.696145 0.668934 0.716553 0.680272 0.718821 0.682540 0.723356 0.705215 0.732426 0.723356 0.748299 0.736961 0.770975 0.736961 0.786848 0.741497 0.789116 0.748299 0.802721 0.759637 0.807256 0.768707 0.800454 0.773243 0.804989 0.777778 0.850340 0.789116 0.875283 0.798186 0.879819 0.791383 0.886621 0.791383 0.893424 0.786848 0.893424 0.786848 0.888889 0.793651 0.904762 0.827664 0.943311 0.832200 0.954649 0.852608 0.979592 0.854875 0.997732 0.997732 0.997732 0.997732 0.825397 0.986395 0.798186 0.970522 0.780045 0.961451 0.755102 0.954649 0.752834 0.936508 0.732426 0.927438 0.727891 0.907029 0.727891 0.882086 0.702948 0.857143 0.693878 0.839002 0.696145 0.827664 0.689342 0.802721 0.687075 0.798186 0.678005 0.791383 0.689342 0.770975 0.698413 0.707483 0.700680 0.632653 0.666667
0 0.453515 0.000000 0.453515 0.006803 0.446712 0.013605 0.446712 0.018141 0.460317 0.027211 0.471655 0.054422 0.492063 0.070295 0.492063 0.079365 0.482993 0.090703 0.482993 0.097506 0.492063 0.111111 0.498866 0.131519 0.510204 0.147392 0.510204 0.170068 0.530612 0.210884 0.537415 0.251701 0.537415 0.276644 0.532880 0.303855 0.526077 0.315193 0.532880 0.301587 0.541950 0.297052 0.548753 0.287982 0.557823 0.283447 0.575964 0.283447 0.571429 0.278912 0.580499 0.260771 0.580499 0.253968 0.575964 0.251701 0.580499 0.247166 0.575964 0.231293 0.575964 0.213152 0.580499 0.208617 0.578231 0.117914 0.585034 0.106576 0.585034 0.079365 0.580499 0.074830 0.575964 0.058957 0.575964 0.043084 0.569161 0.022676 0.569161 0.000000
0 0.455782 0.609977 0.435374 0.614512 0.399093 0.614512 0.380952 0.609977 0.383220 0.612245 0.378685 0.616780 0.378685 0.625850 0.365079 0.637188 0.358277 0.650794 0.349206 0.657596 0.349206 0.666667 0.328798 0.687075 0.324263 0.712018 0.317460 0.725624 0.310658 0.732426 0.301587 0.732426 0.272109 0.764172 0.265306 0.764172 0.238095 0.777778 0.204082 0.811791 0.156463 0.832200 0.133787 0.845805 0.074830 0.863946 0.040816 0.861678 0.024943 0.845805 0.015873 0.859410 0.000000 0.873016 0.000000 0.997732 0.154195 0.997732 0.165533 0.995465 0.174603 0.984127 0.185941 0.984127 0.197279 0.970522 0.229025 0.956916 0.253968 0.927438 0.267574 0.920635 0.308390 0.877551 0.317460 0.861678 0.356009 0.836735 0.362812 0.809524 0.369615 0.807256 0.383220 0.777778 0.383220 0.748299 0.396825 0.739229 0.396825 0.707483 0.401361 0.700680 0.403628 0.682540 0.408163 0.678005 0.412698 0.653061 0.417234 0.648526 0.417234 0.639456 0.426304 0.628118 0.442177 0.621315
0 0.000000 0.065760 0.000000 0.217687 0.022676 0.238095 0.047619 0.267574 0.052154 0.267574 0.070295 0.285714 0.102041 0.299320 0.104308 0.303855 0.117914 0.308390 0.126984 0.317460 0.145125 0.317460 0.158730 0.335601 0.183673 0.340136 0.213152 0.360544 0.251701 0.360544 0.263039 0.353741 0.274376 0.353741 0.276644 0.358277 0.272109 0.367347 0.281179 0.367347 0.294785 0.374150 0.342404 0.374150 0.349206 0.380952 0.362812 0.383220 0.369615 0.396825 0.371882 0.392290 0.387755 0.387755 0.401361 0.401361 0.408163 0.417234 0.424036 0.428571 0.426304 0.424036 0.430839 0.424036 0.417234 0.396825 0.399093 0.374150 0.383220 0.360544 0.376417 0.346939 0.349206 0.315193 0.349206 0.303855 0.340136 0.287982 0.340136 0.281179 0.331066 0.265306 0.315193 0.249433 0.310658 0.240363 0.310658 0.229025 0.306122 0.224490 0.285714 0.222222 0.269841 0.210884 0.263039 0.210884 0.244898 0.201814 0.233560 0.190476 0.226757 0.170068 0.222222 0.170068 0.165533 0.111111 0.160998 0.111111 0.151927 0.099773 0.147392 0.099773 0.136054 0.088435 0.097506 0.079365 0.072562 0.065760
0 0.505669 0.594104 0.503401 0.596372 0.539683 0.625850 0.569161 0.684807 0.569161 0.691610 0.596372 0.739229 0.596372 0.841270 0.591837 0.850340 0.587302 0.884354 0.582766 0.888889 0.582766 0.897959 0.573696 0.909297 0.573696 0.918367 0.580499 0.922902 0.585034 0.931973 0.582766 0.943311 0.596372 0.968254 0.596372 0.993197 0.600907 0.997732 0.820862 0.997732 0.802721 0.943311 0.802721 0.918367 0.773243 0.886621 0.759637 0.866213 0.755102 0.850340 0.712018 0.814059 0.696145 0.773243 0.678005 0.759637 0.648526 0.746032 0.625850 0.725624 0.614512 0.707483 0.607710 0.680272 0.591837 0.668934 0.587302 0.655329 0.562358 0.634921 0.560091 0.625850 0.546485 0.628118 0.523810 0.600907 0.514739 0.600907
0 0.764172 0.000000 0.571429 0.000000 0.573696 0.036281 0.578231 0.043084 0.580499 0.068027 0.587302 0.079365 0.587302 0.106576 0.580499 0.117914 0.582766 0.208617 0.578231 0.213152 0.578231 0.231293 0.582766 0.247166 0.578231 0.251701 0.587302 0.256236 0.587302 0.297052 0.596372 0.321995 0.596372 0.344671 0.589569 0.367347 0.589569 0.392290 0.594104 0.399093 0.594104 0.408163 0.609977 0.367347 0.619048 0.356009 0.614512 0.351474 0.623583 0.340136 0.616780 0.337868 0.641723 0.294785 0.655329 0.281179 0.659864 0.281179 0.675737 0.258503 0.684807 0.251701 0.698413 0.229025 0.707483 0.197279 0.716553 0.188209 0.721088 0.188209 0.757370 0.147392 0.761905 0.120181 0.761905 0.058957 0.757370 0.047619 0.766440 0.034014 0.768707 0.006803
0 0.358277 0.548753 0.346939 0.555556 0.321995 0.555556 0.287982 0.562358 0.253968 0.562358 0.242630 0.569161 0.247166 0.571429 0.244898 0.575964 0.231293 0.580499 0.224490 0.587302 0.199546 0.591837 0.190476 0.600907 0.120181 0.641723 0.113379 0.648526 0.111111 0.657596 0.068027 0.705215 0.063492 0.718821 0.047619 0.739229 0.031746 0.770975 0.027211 0.807256 0.027211 0.848073 0.036281 0.857143 0.047619 0.861678 0.074830 0.861678 0.133787 0.843537 0.156463 0.829932 0.204082 0.809524 0.238095 0.775510 0.253968 0.766440 0.272109 0.761905 0.301587 0.730159 0.310658 0.730159 0.321995 0.712018 0.326531 0.687075 0.346939 0.666667 0.346939 0.657596 0.356009 0.650794 0.358277 0.623583 0.362812 0.612245 0.371882 0.603175 0.367347 0.596372 0.360544 0.596372 0.349206 0.580499 0.349206 0.562358
0 0.997732 0.682540 0.997732 0.535147 0.988662 0.528345 0.968254 0.521542 0.952381 0.521542 0.922902 0.514739 0.888889 0.514739 0.868481 0.526077 0.825397 0.517007 0.798186 0.517007 0.725624 0.523810 0.714286 0.530612 0.700680 0.530612 0.696145 0.535147 0.628118 0.535147 0.630385 0.541950 0.643991 0.541950 0.648526 0.546485 0.680272 0.551020 0.684807 0.555556 0.709751 0.560091 0.725624 0.569161 0.741497 0.585034 0.755102 0.605442 0.777778 0.616780 0.793651 0.632653 0.804989 0.657596 0.807256 0.650794 0.816327 0.648526 0.841270 0.659864 0.870748 0.664399 0.882086 0.671202 0.918367 0.673469 0.950113 0.684807
0 0.818594 0.278912 0.807256 0.267574 0.770975 0.267574 0.748299 0.274376 0.716553 0.294785 0.680272 0.297052 0.664399 0.319728 0.616780 0.358277 0.603175 0.396825 0.587302 0.417234 0.582766 0.430839 0.582766 0.451247 0.578231 0.455782 0.575964 0.469388 0.578231 0.464853 0.582766 0.464853 0.587302 0.455782 0.650794 0.455782 0.657596 0.460317 0.675737 0.460317 0.693878 0.467120 0.700680 0.462585 0.709751 0.462585 0.712018 0.451247 0.718821 0.444444 0.732426 0.444444 0.755102 0.435374 0.766440 0.417234 0.780045 0.403628 0.780045 0.394558 0.795918 0.358277 0.800454 0.333333 0.811791 0.310658
0 0.249433 0.421769 0.249433 0.435374 0.253968 0.439909 0.253968 0.446712 0.272109 0.467120 0.294785 0.507937 0.303855 0.517007 0.301587 0.523810 0.306122 0.523810 0.324263 0.537415 0.349206 0.541950 0.356009 0.537415 0.369615 0.537415 0.378685 0.526077 0.380952 0.517007 0.396825 0.501134 0.412698 0.492063 0.433107 0.492063 0.430839 0.485261 0.435374 0.485261 0.437642 0.480726 0.437642 0.451247 0.428571 0.435374 0.428571 0.426304 0.426304 0.430839 0.414966 0.426304 0.387755 0.390023 0.380952 0.390023 0.369615 0.399093 0.367347 0.394558 0.344671 0.387755 0.292517 0.390023 0.263039 0.403628
0 0.367347 0.027211 0.349206 0.040816 0.337868 0.074830 0.337868 0.092971 0.344671 0.126984 0.344671 0.229025 0.360544 0.253968 0.362812 0.267574 0.358277 0.276644 0.376417 0.297052 0.374150 0.303855 0.367347 0.308390 0.378685 0.328798 0.385488 0.335601 0.401361 0.337868 0.405896 0.349206 0.419501 0.358277 0.439909 0.383220 0.439909 0.378685 0.448980 0.369615 0.482993 0.369615 0.492063 0.376417 0.492063 0.362812 0.496599 0.360544 0.496599 0.353741 0.501134 0.349206 0.501134 0.337868 0.496599 0.337868 0.498866 0.315193 0.494331 0.294785 0.494331 0.272109 0.485261 0.256236 0.480726 0.204082 0.473923 0.192744 0.471655 0.167800 0.460317 0.138322 0.460317 0.126984 0.426304 0.063492 0.394558 0.036281 0.376417 0.027211
0 0.505669 0.591837 0.489796 0.573696 0.485261 0.573696 0.478458 0.566893 0.478458 0.560091 0.473923 0.555556 0.473923 0.548753 0.485261 0.537415 0.476190 0.532880 0.469388 0.521542 0.435374 0.489796 0.433107 0.494331 0.412698 0.494331 0.396825 0.503401 0.383220 0.517007 0.374150 0.535147 0.376417 0.537415 0.367347 0.541950 0.351474 0.562358 0.351474 0.580499 0.358277 0.591837 0.367347 0.594104 0.376417 0.605442 0.399093 0.612245 0.435374 0.612245 0.455782 0.607710 0.458050 0.612245 0.453515 0.616780 0.462585 0.607710 0.478458 0.607710 0.489796 0.594104
0 0.489796 0.596372 0.478458 0.609977 0.471655 0.609977 0.467120 0.614512 0.467120 0.632653 0.460317 0.641723 0.455782 0.639456 0.455782 0.657596 0.460317 0.662132 0.462585 0.689342 0.467120 0.693878 0.469388 0.689342 0.473923 0.691610 0.473923 0.718821 0.480726 0.736961 0.480726 0.750567 0.473923 0.750567 0.473923 0.759637 0.478458 0.761905 0.482993 0.804989 0.501134 0.834467 0.501134 0.873016 0.505669 0.875283 0.510204 0.897959 0.523810 0.918367 0.537415 0.929705 0.557823 0.931973 0.571429 0.920635 0.571429 0.909297 0.580499 0.897959 0.580499 0.888889 0.585034 0.884354 0.589569 0.866213 0.589569 0.850340 0.594104 0.841270 0.594104 0.739229 0.585034 0.727891 0.582766 0.716553 0.575964 0.709751 0.537415 0.625850 0.505669 0.598639
0 0.482993 0.371882 0.482993 0.380952 0.487528 0.385488 0.487528 0.392290 0.492063 0.394558 0.496599 0.414966 0.501134 0.417234 0.501134 0.424036 0.505669 0.426304 0.510204 0.437642 0.521542 0.448980 0.521542 0.462585 0.523810 0.464853 0.537415 0.446712 0.553288 0.446712 0.537415 0.446712 0.523810 0.460317 0.521542 0.458050 0.521542 0.448980 0.514739 0.437642 0.505669 0.430839 0.501134 0.414966 0.496599 0.412698
0 0.541950 0.605442 0.541950 0.619048 0.546485 0.625850 0.560091 0.623583 0.569161 0.639456 0.603175 0.664399 0.609977 0.664399 0.614512 0.668934 0.621315 0.664399 0.632653 0.664399 0.707483 0.698413 0.770975 0.696145 0.791383 0.687075 0.802721 0.671202 0.802721 0.653061 0.791383 0.632653 0.777778 0.619048 0.755102 0.607710 0.725624 0.571429 0.709751 0.562358 0.684807 0.557823 0.680272 0.553288 0.666667 0.553288 0.662132 0.548753 0.648526 0.548753 0.643991 0.544218 0.616780 0.541950 0.585034 0.553288 0.562358 0.553288 0.562358 0.575964 0.553288 0.594104
0 0.585034 0.283447 0.557823 0.285714 0.535147 0.301587 0.530612 0.312925 0.503401 0.342404 0.498866 0.360544 0.494331 0.362812 0.494331 0.376417 0.485261 0.376417 0.507937 0.430839 0.517007 0.437642 0.523810 0.448980 0.523810 0.458050 0.537415 0.444444 0.557823 0.444444 0.575964 0.437642 0.591837 0.405896 0.587302 0.392290 0.587302 0.367347 0.594104 0.344671 0.594104 0.321995 0.585034 0.297052
0 0.448980 0.371882 0.442177 0.378685 0.439909 0.401361 0.430839 0.426304 0.430839 0.435374 0.439909 0.451247 0.439909 0.480726 0.433107 0.487528 0.458050 0.487528 0.482993 0.501134 0.501134 0.501134 0.510204 0.494331 0.519274 0.471655 0.523810 0.469388 0.519274 0.462585 0.519274 0.448980 0.498866 0.424036 0.489796 0.394558 0.485261 0.392290 0.485261 0.385488 0.480726 0.380952 0.480726 0.371882
0 0.476190 0.548753 0.480726 0.566893 0.489796 0.571429 0.507937 0.594104 0.514739 0.598639 0.523810 0.598639 0.539683 0.616780 0.539683 0.605442 0.551020 0.594104 0.560091 0.575964 0.560091 0.555556 0.555556 0.553288 0.555556 0.548753 0.548753 0.541950 0.539683 0.541950 0.537415 0.537415 0.510204 0.551020 0.494331 0.551020 0.485261 0.541950
0 0.344671 0.541950 0.324263 0.539683 0.319728 0.535147 0.299320 0.539683 0.294785 0.535147 0.299320 0.526077 0.278912 0.539683 0.224490 0.548753 0.219955 0.553288 0.222222 0.560091 0.217687 0.562358 0.231293 0.569161 0.240363 0.569161 0.253968 0.560091 0.276644 0.560091 0.297052 0.548753
0 0.580499 0.430839 0.580499 0.437642 0.569161 0.444444 0.537415 0.448980 0.528345 0.458050 0.526077 0.469388 0.521542 0.471655 0.519274 0.478458 0.523810 0.482993 0.530612 0.482993 0.541950 0.494331 0.544218 0.521542 0.541950 0.519274 0.562358 0.501134 0.562358 0.496599 0.569161 0.489796 0.575964 0.471655 0.575964 0.455782 0.580499 0.451247
0 0.541950 0.521542 0.539683 0.494331 0.530612 0.485261 0.523810 0.485261 0.519274 0.480726 0.512472 0.494331 0.501134 0.503401 0.482993 0.503401 0.458050 0.489796 0.437642 0.489796 0.471655 0.521542 0.476190 0.530612 0.487528 0.537415 0.487528 0.544218 0.494331 0.548753 0.510204 0.548753 0.535147 0.537415 0.537415 0.526077