0 0.462585 0.532880 0.455782 0.532880 0.451247 0.539683 0.444444 0.541950 0.426304 0.566893 0.426304 0.600907 0.442177 0.600907 0.462585 0.587302 0.469388 0.571429 0.469388 0.562358 0.460317 0.544218 0.464853 0.537415
0 0.526077 0.215420 0.498866 0.213152 0.485261 0.219955 0.471655 0.233560 0.467120 0.249433 0.453515 0.269841 0.453515 0.292517 0.462585 0.324263 0.471655 0.333333 0.473923 0.319728 0.467120 0.301587 0.469388 0.272109 0.476190 0.258503 0.494331 0.240363 0.532880 0.222222
0 0.598639 0.564626 0.589569 0.575964 0.578231 0.607710 0.569161 0.614512 0.571429 0.630385 0.605442 0.664399 0.641723 0.689342 0.657596 0.693878 0.687075 0.691610 0.702948 0.675737 0.705215 0.650794 0.700680 0.634921 0.680272 0.600907 0.657596 0.585034 0.637188 0.564626
0 0.417234 0.496599 0.396825 0.494331 0.392290 0.498866 0.365079 0.498866 0.346939 0.480726 0.328798 0.469388 0.301587 0.471655 0.287982 0.478458 0.247166 0.517007 0.242630 0.544218 0.226757 0.580499 0.224490 0.603175 0.238095 0.616780 0.258503 0.619048 0.274376 0.596372 0.301587 0.578231 0.319728 0.557823 0.356009 0.544218 0.353741 0.523810 0.378685 0.507937 0.408163 0.503401
0 0.789116 0.235828 0.770975 0.222222 0.718821 0.226757 0.691610 0.235828 0.653061 0.269841 0.646259 0.272109 0.634921 0.283447 0.623583 0.312925 0.607710 0.335601 0.609977 0.376417 0.605442 0.385488 0.587302 0.403628 0.582766 0.412698 0.553288 0.437642 0.566893 0.444444 0.569161 0.437642 0.573696 0.437642 0.612245 0.412698 0.616780 0.403628 0.634921 0.392290 0.648526 0.392290 0.664399 0.399093 0.687075 0.399093 0.716553 0.392290 0.732426 0.383220 0.764172 0.349206 0.780045 0.324263 0.791383 0.283447 0.793651 0.253968
0 0.505669 0.591837 0.512472 0.630385 0.512472 0.653061 0.505669 0.671202 0.478458 0.696145 0.473923 0.757370 0.478458 0.766440 0.480726 0.786848 0.492063 0.814059 0.489796 0.825397 0.503401 0.848073 0.507937 0.863946 0.530612 0.879819 0.553288 0.879819 0.578231 0.859410 0.594104 0.836735 0.598639 0.823129 0.600907 0.789116 0.596372 0.766440 0.596372 0.739229 0.585034 0.712018 0.585034 0.698413 0.580499 0.689342 0.532880 0.653061 0.523810 0.628118 0.523810 0.621315 0.528345 0.616780 0.517007 0.607710
0 0.240363 0.172336 0.235828 0.192744 0.238095 0.233560 0.251701 0.274376 0.267574 0.294785 0.276644 0.315193 0.294785 0.333333 0.306122 0.337868 0.324263 0.358277 0.344671 0.367347 0.358277 0.360544 0.369615 0.360544 0.383220 0.369615 0.403628 0.374150 0.460317 0.428571 0.458050 0.437642 0.476190 0.439909 0.473923 0.430839 0.448980 0.408163 0.417234 0.365079 0.403628 0.340136 0.403628 0.310658 0.408163 0.283447 0.405896 0.272109 0.392290 0.251701 0.383220 0.224490 0.360544 0.206349 0.337868 0.181406 0.317460 0.167800 0.276644 0.156463 0.260771 0.156463
0 0.882086 0.501134 0.882086 0.487528 0.875283 0.476190 0.861678 0.462585 0.848073 0.455782 0.798186 0.439909 0.757370 0.439909 0.746032 0.435374 0.723356 0.439909 0.689342 0.437642 0.668934 0.446712 0.650794 0.448980 0.621315 0.473923 0.596372 0.473923 0.591837 0.478458 0.573696 0.478458 0.575964 0.492063 0.585034 0.489796 0.596372 0.498866 0.614512 0.503401 0.637188 0.537415 0.659864 0.548753 0.680272 0.546485 0.693878 0.555556 0.707483 0.555556 0.714286 0.551020 0.807256 0.546485 0.820862 0.539683 0.836735 0.539683 0.863946 0.526077 0.877551 0.512472
0 0.455782 0.498866 0.442177 0.517007 0.401361 0.544218 0.358277 0.544218 0.319728 0.560091 0.301587 0.580499 0.276644 0.596372 0.269841 0.609977 0.258503 0.621315 0.260771 0.630385 0.256236 0.637188 0.256236 0.653061 0.249433 0.673469 0.249433 0.698413 0.258503 0.712018 0.285714 0.714286 0.297052 0.707483 0.328798 0.700680 0.340136 0.689342 0.344671 0.678005 0.392290 0.632653 0.408163 0.628118 0.417234 0.619048 0.424036 0.603175 0.424036 0.566893 0.437642 0.546485 0.455782 0.530612
0 0.537415 0.222222 0.494331 0.242630 0.478458 0.258503 0.469388 0.278912 0.469388 0.301587 0.476190 0.319728 0.473923 0.337868 0.478458 0.344671 0.476190 0.367347 0.480726 0.374150 0.476190 0.387755 0.496599 0.405896 0.501134 0.417234 0.498866 0.437642 0.507937 0.444444 0.514739 0.444444 0.521542 0.435374 0.517007 0.426304 0.523810 0.410431 0.544218 0.394558 0.548753 0.385488 0.548753 0.369615 0.569161 0.349206 0.573696 0.340136 0.573696 0.326531 0.569161 0.315193 0.569161 0.269841 0.560091 0.258503 0.548753 0.233560
0 0.614512 0.414966 0.609977 0.414966 0.573696 0.439909 0.573696 0.451247 0.580499 0.458050 0.573696 0.476190 0.575964 0.471655 0.580499 0.476190 0.591837 0.476190 0.596372 0.471655 0.621315 0.471655 0.639456 0.455782 0.634921 0.453515 0.623583 0.424036
0 0.507937 0.507937 0.501134 0.517007 0.498866 0.548753 0.505669 0.564626 0.507937 0.591837 0.526077 0.614512 0.566893 0.614512 0.575964 0.607710 0.587302 0.575964 0.596372 0.562358 0.580499 0.539683 0.575964 0.526077 0.546485 0.503401
0 0.376417 0.460317 0.378685 0.471655 0.396825 0.487528 0.396825 0.492063 0.417234 0.494331 0.419501 0.498866 0.428571 0.498866 0.433107 0.503401 0.448980 0.501134 0.460317 0.478458 0.476190 0.478458 0.467120 0.462585 0.467120 0.455782 0.476190 0.442177 0.455782 0.439909 0.442177 0.433107 0.410431 0.430839 0.385488 0.442177
0 0.521542 0.437642 0.517007 0.442177 0.517007 0.453515 0.537415 0.471655 0.530612 0.487528 0.530612 0.501134 0.548753 0.501134 0.571429 0.487528 0.571429 0.473923 0.578231 0.462585 0.571429 0.446712 0.564626 0.446712 0.548753 0.435374
0 0.460317 0.480726 0.455782 0.489796 0.458050 0.530612 0.476190 0.539683 0.489796 0.535147 0.498866 0.537415 0.498866 0.517007 0.505669 0.507937 0.498866 0.507937 0.494331 0.503401 0.487528 0.487528 0.480726 0.480726
0 0.480726 0.430839 0.482993 0.437642 0.469388 0.455782 0.469388 0.462585 0.478458 0.478458 0.482993 0.480726 0.485261 0.473923 0.492063 0.469388 0.530612 0.469388 0.514739 0.453515 0.514739 0.446712 0.503401 0.444444 0.485261 0.428571
0 0.535147 0.471655 0.492063 0.471655 0.487528 0.473923 0.485261 0.482993 0.498866 0.505669 0.521542 0.505669 0.528345 0.501134 0.528345 0.487528