0 0.430839 0.292517 0.460317 0.278912 0.473923 0.276644 0.496599 0.278912 0.507937 0.292517 0.510204 0.283447 0.496599 0.265306 0.482993 0.260771 0.467120 0.260771 0.448980 0.269841 0.439909 0.278912 0.437642 0.287982
0 0.244898 0.478458 0.249433 0.487528 0.274376 0.510204 0.299320 0.517007 0.328798 0.517007 0.344671 0.510204 0.356009 0.498866 0.365079 0.473923 0.371882 0.469388 0.378685 0.469388 0.380952 0.473923 0.387755 0.467120 0.387755 0.458050 0.383220 0.448980 0.380952 0.453515 0.367347 0.451247 0.349206 0.433107 0.342404 0.437642 0.319728 0.437642 0.315193 0.433107 0.278912 0.433107 0.265306 0.439909 0.249433 0.455782 0.244898 0.464853
0 0.752834 0.247166 0.743764 0.238095 0.732426 0.233560 0.705215 0.231293 0.702948 0.238095 0.691610 0.244898 0.680272 0.258503 0.653061 0.276644 0.632653 0.308390 0.594104 0.308390 0.594104 0.346939 0.571429 0.376417 0.564626 0.378685 0.551020 0.392290 0.530612 0.405896 0.521542 0.405896 0.530612 0.405896 0.537415 0.410431 0.553288 0.408163 0.578231 0.387755 0.596372 0.360544 0.603175 0.360544 0.607710 0.356009 0.614512 0.340136 0.637188 0.331066 0.641723 0.324263 0.650794 0.319728 0.689342 0.312925 0.746032 0.312925 0.752834 0.299320
0 0.471655 0.530612 0.464853 0.541950 0.464853 0.557823 0.471655 0.582766 0.473923 0.623583 0.439909 0.657596 0.428571 0.675737 0.426304 0.712018 0.442177 0.766440 0.451247 0.782313 0.471655 0.798186 0.485261 0.795918 0.501134 0.800454 0.510204 0.795918 0.521542 0.780045 0.541950 0.764172 0.557823 0.727891 0.560091 0.668934 0.555556 0.664399 0.553288 0.650794 0.551020 0.655329 0.541950 0.643991 0.510204 0.630385 0.503401 0.623583 0.489796 0.596372 0.487528 0.578231 0.480726 0.566893
0 0.233560 0.113379 0.219955 0.131519 0.215420 0.163265 0.219955 0.170068 0.219955 0.206349 0.229025 0.224490 0.231293 0.238095 0.242630 0.253968 0.240363 0.260771 0.256236 0.265306 0.285714 0.281179 0.299320 0.292517 0.306122 0.292517 0.340136 0.319728 0.342404 0.315193 0.353741 0.319728 0.414966 0.390023 0.417234 0.376417 0.412698 0.360544 0.403628 0.353741 0.390023 0.333333 0.387755 0.319728 0.376417 0.303855 0.380952 0.281179 0.392290 0.260771 0.390023 0.222222 0.385488 0.215420 0.378685 0.179138 0.369615 0.170068 0.369615 0.165533 0.335601 0.131519 0.317460 0.122449 0.310658 0.122449 0.281179 0.104308 0.260771 0.102041
0 0.911565 0.473923 0.900227 0.460317 0.897959 0.448980 0.877551 0.435374 0.834467 0.424036 0.814059 0.424036 0.807256 0.419501 0.755102 0.421769 0.748299 0.426304 0.714286 0.428571 0.696145 0.439909 0.673469 0.462585 0.646259 0.473923 0.571429 0.471655 0.553288 0.464853 0.569161 0.487528 0.578231 0.482993 0.596372 0.489796 0.616780 0.489796 0.632653 0.498866 0.639456 0.498866 0.666667 0.512472 0.693878 0.546485 0.714286 0.557823 0.743764 0.560091 0.750567 0.564626 0.798186 0.564626 0.804989 0.560091 0.848073 0.551020 0.870748 0.539683 0.902494 0.512472 0.909297 0.498866
0 0.725624 0.074830 0.693878 0.065760 0.632653 0.070295 0.603175 0.086168 0.562358 0.136054 0.564626 0.138322 0.555556 0.149660 0.551020 0.163265 0.551020 0.174603 0.537415 0.183673 0.528345 0.204082 0.530612 0.253968 0.539683 0.267574 0.544218 0.287982 0.541950 0.303855 0.523810 0.326531 0.523810 0.365079 0.548753 0.331066 0.585034 0.303855 0.632653 0.306122 0.639456 0.290249 0.650794 0.276644 0.700680 0.238095 0.705215 0.222222 0.712018 0.215420 0.743764 0.158730 0.743764 0.095238
0 0.376417 0.517007 0.356009 0.535147 0.331066 0.546485 0.308390 0.546485 0.292517 0.535147 0.281179 0.532880 0.238095 0.532880 0.215420 0.544218 0.201814 0.546485 0.151927 0.571429 0.104308 0.605442 0.088435 0.623583 0.077098 0.648526 0.081633 0.671202 0.104308 0.698413 0.122449 0.709751 0.158730 0.709751 0.183673 0.705215 0.190476 0.700680 0.206349 0.700680 0.274376 0.673469 0.290249 0.657596 0.306122 0.646259 0.315193 0.643991 0.308390 0.628118 0.306122 0.585034 0.333333 0.553288 0.362812 0.537415 0.371882 0.528345
0 0.519274 0.562358 0.530612 0.571429 0.537415 0.585034 0.557823 0.609977 0.564626 0.628118 0.564626 0.643991 0.557823 0.655329 0.557823 0.664399 0.562358 0.668934 0.566893 0.700680 0.609977 0.764172 0.619048 0.773243 0.628118 0.775510 0.648526 0.798186 0.668934 0.811791 0.698413 0.814059 0.712018 0.818594 0.730159 0.811791 0.741497 0.800454 0.752834 0.780045 0.752834 0.750567 0.746032 0.736961 0.741497 0.707483 0.723356 0.684807 0.707483 0.653061 0.691610 0.637188 0.678005 0.632653 0.668934 0.619048 0.657596 0.612245 0.621315 0.603175 0.596372 0.605442 0.585034 0.600907 0.553288 0.566893 0.555556 0.560091 0.553288 0.564626 0.544218 0.560091
0 0.145125 0.292517 0.145125 0.321995 0.156463 0.335601 0.170068 0.362812 0.224490 0.403628 0.269841 0.419501 0.278912 0.426304 0.278912 0.430839 0.315193 0.430839 0.319728 0.435374 0.342404 0.435374 0.367347 0.421769 0.378685 0.421769 0.394558 0.426304 0.399093 0.430839 0.421769 0.417234 0.408163 0.414966 0.383220 0.390023 0.371882 0.353741 0.358277 0.342404 0.356009 0.333333 0.326531 0.308390 0.308390 0.299320 0.306122 0.294785 0.299320 0.294785 0.285714 0.283447 0.256236 0.267574 0.242630 0.265306 0.226757 0.256236 0.192744 0.258503 0.160998 0.272109
0 0.387755 0.464853 0.390023 0.467120 0.374150 0.480726 0.380952 0.507937 0.392290 0.505669 0.408163 0.489796 0.412698 0.492063 0.401361 0.476190
0 0.768707 0.337868 0.746032 0.315193 0.689342 0.315193 0.650794 0.321995 0.641723 0.326531 0.637188 0.333333 0.614512 0.342404 0.609977 0.356009 0.603175 0.362812 0.596372 0.362812 0.580499 0.387755 0.553288 0.410431 0.535147 0.410431 0.537415 0.439909 0.530612 0.453515 0.535147 0.446712 0.546485 0.446712 0.564626 0.439909 0.585034 0.446712 0.630385 0.446712 0.634921 0.442177 0.648526 0.442177 0.666667 0.430839 0.678005 0.430839 0.739229 0.399093 0.752834 0.385488 0.768707 0.358277
0 0.485261 0.528345 0.482993 0.548753 0.498866 0.560091 0.523810 0.560091 0.521542 0.555556 0.501134 0.544218 0.487528 0.526077
0 0.448980 0.496599 0.430839 0.498866 0.417234 0.492063 0.408163 0.492063 0.399093 0.503401 0.378685 0.512472 0.378685 0.521542 0.362812 0.539683 0.331066 0.557823 0.315193 0.580499 0.308390 0.585034 0.310658 0.628118 0.319728 0.646259 0.333333 0.653061 0.369615 0.650794 0.412698 0.612245 0.439909 0.573696 0.455782 0.557823 0.455782 0.544218 0.460317 0.537415 0.464853 0.539683 0.469388 0.526077
0 0.496599 0.281179 0.473923 0.278912 0.439909 0.290249 0.430839 0.297052 0.419501 0.317460 0.421769 0.319728 0.417234 0.324263 0.417234 0.342404 0.412698 0.356009 0.419501 0.376417 0.419501 0.387755 0.414966 0.394558 0.426304 0.405896 0.426304 0.412698 0.442177 0.421769 0.455782 0.410431 0.467120 0.410431 0.473923 0.414966 0.498866 0.410431 0.501134 0.405896 0.496599 0.401361 0.521542 0.365079 0.521542 0.312925 0.512472 0.294785 0.507937 0.294785
0 0.523810 0.455782 0.510204 0.467120 0.501134 0.482993 0.503401 0.485261 0.498866 0.498866 0.487528 0.507937 0.487528 0.523810 0.501134 0.541950 0.521542 0.553288 0.526077 0.560091 0.544218 0.557823 0.553288 0.562358 0.555556 0.557823 0.571429 0.553288 0.580499 0.541950 0.575964 0.501134 0.571429 0.489796 0.557823 0.478458 0.551020 0.464853 0.537415 0.458050 0.528345 0.460317 0.528345 0.455782
0 0.428571 0.414966 0.405896 0.430839 0.396825 0.433107 0.385488 0.453515 0.390023 0.458050 0.390023 0.464853 0.414966 0.489796 0.430839 0.496599 0.444444 0.496599 0.448980 0.494331 0.448980 0.458050 0.442177 0.453515 0.437642 0.444444 0.437642 0.435374 0.444444 0.421769 0.442177 0.424036
0 0.530612 0.408163 0.510204 0.405896 0.498866 0.412698 0.478458 0.417234 0.501134 0.430839 0.498866 0.446712 0.507937 0.453515 0.510204 0.464853 0.519274 0.455782 0.528345 0.453515 0.535147 0.439909 0.535147 0.417234
0 0.448980 0.473923 0.448980 0.487528 0.455782 0.505669 0.469388 0.523810 0.480726 0.521542 0.485261 0.517007 0.485261 0.507937 0.496599 0.498866 0.501134 0.485261 0.476190 0.485261 0.471655 0.489796 0.464853 0.489796 0.453515 0.473923
0 0.451247 0.414966 0.439909 0.435374 0.439909 0.444444 0.444444 0.453515 0.451247 0.458050 0.448980 0.471655 0.453515 0.471655 0.464853 0.487528 0.471655 0.487528 0.476190 0.482993 0.498866 0.482993 0.507937 0.471655 0.507937 0.458050 0.496599 0.446712 0.498866 0.430839 0.467120 0.412698