0 0.492063 0.446712 0.496599 0.453515 0.498866 0.448980 0.528345 0.442177 0.535147 0.435374 0.544218 0.435374 0.560091 0.446712 0.571429 0.446712 0.580499 0.439909 0.596372 0.439909 0.600907 0.426304 0.598639 0.430839 0.591837 0.430839 0.562358 0.419501 0.541950 0.419501 0.521542 0.433107 0.492063 0.442177
0 0.489796 0.267574 0.469388 0.267574 0.451247 0.276644 0.435374 0.292517 0.433107 0.290249 0.433107 0.299320 0.446712 0.326531 0.446712 0.344671 0.439909 0.360544 0.446712 0.358277 0.464853 0.371882 0.471655 0.358277 0.485261 0.356009 0.501134 0.342404 0.510204 0.342404 0.510204 0.335601 0.514739 0.331066 0.514739 0.306122 0.510204 0.283447
0 0.424036 0.455782 0.419501 0.442177 0.408163 0.444444 0.399093 0.439909 0.371882 0.403628 0.346939 0.401361 0.337868 0.405896 0.312925 0.437642 0.285714 0.462585 0.283447 0.473923 0.290249 0.480726 0.317460 0.489796 0.344671 0.492063 0.371882 0.480726 0.374150 0.476190 0.385488 0.471655 0.396825 0.458050 0.419501 0.458050 0.421769 0.453515
0 0.689342 0.285714 0.671202 0.276644 0.643991 0.283447 0.625850 0.283447 0.587302 0.306122 0.571429 0.321995 0.560091 0.342404 0.560091 0.385488 0.530612 0.424036 0.535147 0.424036 0.541950 0.417234 0.548753 0.417234 0.548753 0.412698 0.566893 0.403628 0.623583 0.410431 0.648526 0.399093 0.680272 0.367347 0.693878 0.333333 0.696145 0.308390
0 0.455782 0.526077 0.460317 0.530612 0.458050 0.575964 0.444444 0.591837 0.426304 0.605442 0.414966 0.634921 0.419501 0.657596 0.419501 0.682540 0.435374 0.721088 0.458050 0.736961 0.471655 0.736961 0.492063 0.727891 0.510204 0.700680 0.517007 0.684807 0.521542 0.637188 0.519274 0.619048 0.510204 0.600907 0.489796 0.589569 0.473923 0.566893 0.473923 0.537415
0 0.337868 0.235828 0.324263 0.253968 0.321995 0.303855 0.344671 0.351474 0.376417 0.378685 0.417234 0.383220 0.424036 0.390023 0.428571 0.405896 0.439909 0.419501 0.435374 0.426304 0.458050 0.426304 0.448980 0.417234 0.448980 0.403628 0.435374 0.371882 0.444444 0.344671 0.444444 0.326531 0.430839 0.299320 0.430839 0.287982 0.419501 0.267574 0.408163 0.253968 0.367347 0.231293 0.351474 0.231293
0 0.639456 0.448980 0.630385 0.426304 0.621315 0.414966 0.616780 0.414966 0.612245 0.421769 0.603175 0.426304 0.603175 0.433107 0.596372 0.442177 0.573696 0.451247 0.551020 0.469388 0.530612 0.478458 0.521542 0.478458 0.507937 0.471655 0.505669 0.464853 0.505669 0.469388 0.496599 0.478458 0.503401 0.478458 0.510204 0.485261 0.523810 0.485261 0.532880 0.492063 0.548753 0.496599 0.560091 0.505669 0.575964 0.505669 0.596372 0.512472 0.619048 0.503401 0.632653 0.489796 0.639456 0.478458
0 0.539683 0.342404 0.517007 0.340136 0.510204 0.344671 0.501134 0.344671 0.485261 0.358277 0.476190 0.358277 0.469388 0.362812 0.458050 0.396825 0.460317 0.426304 0.469388 0.437642 0.469388 0.448980 0.480726 0.442177 0.521542 0.430839 0.544218 0.405896 0.548753 0.392290 0.546485 0.385488 0.551020 0.378685 0.551020 0.360544
0 0.455782 0.480726 0.439909 0.473923 0.442177 0.480726 0.435374 0.487528 0.430839 0.487528 0.410431 0.469388 0.392290 0.464853 0.371882 0.482993 0.356009 0.492063 0.346939 0.492063 0.344671 0.496599 0.326531 0.505669 0.317460 0.514739 0.317460 0.537415 0.326531 0.548753 0.349206 0.555556 0.371882 0.553288 0.412698 0.539683 0.435374 0.517007 0.435374 0.507937 0.444444 0.489796
0 0.507937 0.482993 0.505669 0.485261 0.503401 0.480726 0.496599 0.480726 0.492063 0.476190 0.487528 0.482993 0.462585 0.487528 0.458050 0.480726 0.451247 0.492063 0.453515 0.521542 0.471655 0.535147 0.476190 0.530612 0.485261 0.530612 0.503401 0.521542 0.510204 0.512472
0 0.439909 0.426304 0.424036 0.439909 0.424036 0.458050 0.437642 0.471655 0.444444 0.471655 0.453515 0.478458 0.451247 0.462585 0.467120 0.448980 0.467120 0.437642 0.462585 0.428571
0 0.437642 0.473923 0.433107 0.469388 0.419501 0.476190 0.426304 0.480726 0.433107 0.473923
0 0.489796 0.444444 0.480726 0.444444 0.455782 0.458050 0.453515 0.476190 0.462585 0.485261 0.487528 0.480726 0.492063 0.473923 0.503401 0.469388 0.503401 0.460317 0.492063 0.451247