0 0.356009 0.396825 0.365079 0.405896 0.369615 0.417234 0.380952 0.424036 0.412698 0.424036 0.430839 0.433107 0.426304 0.421769 0.408163 0.405896
0 0.569161 0.528345 0.564626 0.539683 0.573696 0.546485 0.573696 0.566893 0.600907 0.589569 0.619048 0.589569 0.623583 0.585034 0.639456 0.580499 0.653061 0.562358 0.655329 0.551020 0.630385 0.546485 0.603175 0.532880 0.589569 0.519274 0.575964 0.532880
0 0.460317 0.263039 0.448980 0.269841 0.444444 0.283447 0.439909 0.342404 0.448980 0.353741 0.469388 0.362812 0.482993 0.383220 0.514739 0.351474 0.523810 0.349206 0.539683 0.333333 0.537415 0.335601 0.532880 0.331066 0.537415 0.319728 0.535147 0.292517 0.523810 0.272109 0.514739 0.267574
0 0.414966 0.591837 0.399093 0.598639 0.380952 0.616780 0.369615 0.639456 0.369615 0.653061 0.374150 0.659864 0.369615 0.671202 0.371882 0.689342 0.387755 0.714286 0.405896 0.721088 0.430839 0.718821 0.458050 0.700680 0.458050 0.696145 0.439909 0.678005 0.435374 0.639456 0.437642 0.594104
0 0.795918 0.346939 0.782313 0.331066 0.741497 0.328798 0.702948 0.344671 0.689342 0.353741 0.682540 0.353741 0.643991 0.374150 0.628118 0.387755 0.628118 0.412698 0.619048 0.424036 0.564626 0.460317 0.548753 0.462585 0.548753 0.469388 0.564626 0.467120 0.580499 0.455782 0.596372 0.451247 0.634921 0.430839 0.655329 0.433107 0.684807 0.446712 0.712018 0.446712 0.746032 0.430839 0.766440 0.412698 0.775510 0.396825 0.789116 0.383220 0.795918 0.367347
0 0.108844 0.410431 0.108844 0.439909 0.131519 0.467120 0.181406 0.492063 0.197279 0.494331 0.224490 0.505669 0.251701 0.507937 0.281179 0.503401 0.294785 0.496599 0.326531 0.469388 0.335601 0.464853 0.353741 0.464853 0.358277 0.469388 0.376417 0.451247 0.367347 0.453515 0.337868 0.439909 0.301587 0.410431 0.281179 0.399093 0.267574 0.396825 0.249433 0.387755 0.219955 0.385488 0.210884 0.380952 0.151927 0.378685 0.131519 0.383220 0.120181 0.390023
0 0.530612 0.548753 0.587302 0.616780 0.598639 0.643991 0.598639 0.691610 0.607710 0.709751 0.628118 0.730159 0.632653 0.741497 0.650794 0.759637 0.668934 0.768707 0.680272 0.780045 0.709751 0.798186 0.752834 0.800454 0.768707 0.789116 0.773243 0.775510 0.786848 0.757370 0.789116 0.727891 0.784580 0.705215 0.775510 0.687075 0.757370 0.664399 0.734694 0.641723 0.707483 0.628118 0.691610 0.612245 0.682540 0.607710 0.666667 0.607710 0.659864 0.603175 0.621315 0.603175 0.614512 0.596372 0.594104 0.587302 0.553288 0.551020
0 0.707483 0.122449 0.691610 0.117914 0.650794 0.129252 0.621315 0.154195 0.605442 0.181406 0.578231 0.206349 0.560091 0.265306 0.571429 0.301587 0.571429 0.328798 0.569161 0.335601 0.562358 0.337868 0.562358 0.353741 0.578231 0.369615 0.598639 0.346939 0.607710 0.342404 0.632653 0.344671 0.659864 0.331066 0.714286 0.260771 0.721088 0.233560 0.734694 0.204082 0.730159 0.151927 0.721088 0.133787
0 0.458050 0.512472 0.437642 0.519274 0.428571 0.526077 0.410431 0.528345 0.401361 0.539683 0.376417 0.553288 0.360544 0.557823 0.317460 0.551020 0.244898 0.589569 0.199546 0.634921 0.192744 0.655329 0.179138 0.671202 0.179138 0.680272 0.174603 0.687075 0.176871 0.709751 0.197279 0.725624 0.217687 0.727891 0.267574 0.718821 0.321995 0.691610 0.349206 0.664399 0.367347 0.653061 0.367347 0.639456 0.371882 0.634921 0.371882 0.628118 0.385488 0.609977 0.383220 0.589569 0.396825 0.564626
0 0.276644 0.240363 0.265306 0.256236 0.267574 0.283447 0.281179 0.315193 0.308390 0.353741 0.353741 0.394558 0.408163 0.403628 0.428571 0.421769 0.433107 0.435374 0.451247 0.448980 0.453515 0.439909 0.464853 0.430839 0.435374 0.396825 0.435374 0.376417 0.426304 0.362812 0.430839 0.340136 0.412698 0.312925 0.403628 0.290249 0.360544 0.251701 0.346939 0.244898 0.308390 0.233560 0.285714 0.235828
0 0.548753 0.471655 0.548753 0.482993 0.557823 0.492063 0.564626 0.494331 0.569161 0.501134 0.585034 0.501134 0.596372 0.512472 0.591837 0.517007 0.596372 0.526077 0.630385 0.544218 0.657596 0.551020 0.662132 0.546485 0.671202 0.548753 0.689342 0.544218 0.730159 0.541950 0.764172 0.528345 0.773243 0.512472 0.773243 0.496599 0.768707 0.487528 0.752834 0.471655 0.716553 0.455782 0.698413 0.455782 0.689342 0.451247 0.641723 0.451247 0.580499 0.478458 0.560091 0.478458
0 0.498866 0.523810 0.478458 0.528345 0.480726 0.539683 0.473923 0.546485 0.462585 0.548753 0.446712 0.575964 0.437642 0.600907 0.442177 0.678005 0.462585 0.700680 0.464853 0.696145 0.480726 0.693878 0.492063 0.684807 0.517007 0.639456 0.519274 0.573696
0 0.467120 0.478458 0.442177 0.444444 0.437642 0.442177 0.430839 0.448980 0.405896 0.444444 0.383220 0.448980 0.367347 0.460317 0.358277 0.471655 0.356009 0.489796 0.360544 0.498866 0.387755 0.521542 0.419501 0.526077 0.455782 0.510204 0.455782 0.501134 0.460317 0.492063 0.467120 0.487528
0 0.557823 0.337868 0.546485 0.333333 0.539683 0.335601 0.532880 0.344671 0.514739 0.353741 0.485261 0.380952 0.485261 0.399093 0.480726 0.408163 0.480726 0.419501 0.476190 0.421769 0.492063 0.433107 0.501134 0.451247 0.501134 0.458050 0.507937 0.458050 0.519274 0.451247 0.544218 0.451247 0.557823 0.430839 0.566893 0.401361 0.578231 0.385488 0.578231 0.371882 0.560091 0.353741
0 0.548753 0.485261 0.535147 0.503401 0.523810 0.507937 0.505669 0.507937 0.498866 0.517007 0.505669 0.532880 0.523810 0.546485 0.551020 0.548753 0.569161 0.526077 0.571429 0.512472 0.566893 0.507937 0.566893 0.501134
0 0.478458 0.424036 0.455782 0.439909 0.451247 0.451247 0.467120 0.476190 0.469388 0.464853 0.476190 0.458050 0.501134 0.460317 0.494331 0.439909
0 0.467120 0.482993 0.469388 0.487528 0.462585 0.492063 0.458050 0.501134 0.458050 0.510204 0.467120 0.526077 0.476190 0.528345 0.496599 0.521542 0.498866 0.512472 0.503401 0.507937 0.505669 0.510204 0.480726 0.498866
0 0.544218 0.453515 0.519274 0.453515 0.503401 0.460317 0.510204 0.469388 0.519274 0.473923 0.519274 0.485261 0.512472 0.492063 0.517007 0.503401 0.535147 0.501134 0.546485 0.487528 0.548753 0.460317
0 0.471655 0.464853 0.469388 0.480726 0.480726 0.496599 0.501134 0.505669 0.523810 0.505669 0.517007 0.505669 0.510204 0.496599 0.510204 0.492063 0.517007 0.485261 0.517007 0.473923 0.496599 0.460317 0.476190 0.460317