0 0.587302 0.530612 0.598639 0.557823 0.605442 0.564626 0.623583 0.571429 0.628118 0.580499 0.637188 0.580499 0.632653 0.562358 0.616780 0.541950 0.603175 0.532880
0 0.519274 0.247166 0.507937 0.249433 0.489796 0.263039 0.480726 0.274376 0.476190 0.290249 0.464853 0.301587 0.482993 0.331066 0.480726 0.358277 0.489796 0.365079 0.494331 0.362812 0.501134 0.371882 0.498866 0.390023 0.503401 0.396825 0.503401 0.414966 0.507937 0.419501 0.507937 0.426304 0.503401 0.430839 0.512472 0.424036 0.523810 0.424036 0.519274 0.421769 0.517007 0.403628 0.528345 0.387755 0.521542 0.383220 0.521542 0.374150 0.535147 0.362812 0.557823 0.360544 0.569161 0.315193 0.564626 0.285714 0.555556 0.269841 0.532880 0.249433
0 0.455782 0.573696 0.455782 0.580499 0.451247 0.585034 0.428571 0.591837 0.405896 0.612245 0.405896 0.621315 0.394558 0.650794 0.399093 0.689342 0.405896 0.705215 0.424036 0.723356 0.435374 0.727891 0.467120 0.727891 0.482993 0.721088 0.503401 0.702948 0.519274 0.680272 0.487528 0.684807 0.464853 0.666667 0.460317 0.634921 0.462585 0.585034
0 0.802721 0.403628 0.789116 0.392290 0.766440 0.387755 0.736961 0.390023 0.705215 0.399093 0.678005 0.417234 0.664399 0.439909 0.657596 0.460317 0.648526 0.469388 0.614512 0.480726 0.591837 0.478458 0.585034 0.485261 0.573696 0.487528 0.614512 0.489796 0.630385 0.485261 0.662132 0.485261 0.668934 0.492063 0.682540 0.496599 0.698413 0.496599 0.712018 0.489796 0.727891 0.489796 0.746032 0.501134 0.784580 0.496599 0.798186 0.487528 0.809524 0.467120
0 0.226757 0.374150 0.229025 0.392290 0.238095 0.401361 0.260771 0.410431 0.303855 0.410431 0.310658 0.399093 0.337868 0.421769 0.360544 0.424036 0.380952 0.417234 0.380952 0.412698 0.387755 0.412698 0.426304 0.444444 0.426304 0.448980 0.455782 0.439909 0.469388 0.439909 0.464853 0.439909 0.442177 0.419501 0.433107 0.419501 0.430839 0.424036 0.426304 0.421769 0.426304 0.417234 0.412698 0.401361 0.408163 0.383220 0.410431 0.374150 0.403628 0.362812 0.394558 0.356009 0.374150 0.356009 0.340136 0.349206 0.272109 0.349206 0.242630 0.358277
0 0.530612 0.539683 0.537415 0.555556 0.544218 0.557823 0.546485 0.564626 0.569161 0.587302 0.598639 0.625850 0.596372 0.691610 0.634921 0.743764 0.655329 0.755102 0.664399 0.768707 0.675737 0.768707 0.680272 0.773243 0.680272 0.782313 0.707483 0.782313 0.716553 0.786848 0.761905 0.791383 0.786848 0.775510 0.795918 0.757370 0.795918 0.725624 0.789116 0.709751 0.789116 0.693878 0.777778 0.682540 0.746032 0.634921 0.730159 0.619048 0.709751 0.605442 0.702948 0.607710 0.691610 0.598639 0.612245 0.598639 0.600907 0.587302 0.589569 0.582766 0.555556 0.546485 0.544218 0.546485 0.532880 0.537415
0 0.730159 0.197279 0.696145 0.181406 0.678005 0.179138 0.664399 0.170068 0.650794 0.170068 0.630385 0.179138 0.623583 0.185941 0.609977 0.213152 0.589569 0.235828 0.587302 0.251701 0.580499 0.263039 0.580499 0.292517 0.591837 0.315193 0.589569 0.335601 0.585034 0.340136 0.578231 0.367347 0.557823 0.394558 0.557823 0.399093 0.544218 0.412698 0.564626 0.396825 0.591837 0.392290 0.589569 0.387755 0.600907 0.376417 0.623583 0.362812 0.659864 0.358277 0.684807 0.349206 0.725624 0.306122 0.730159 0.281179 0.746032 0.249433 0.743764 0.219955 0.736961 0.204082
0 0.294785 0.417234 0.285714 0.460317 0.292517 0.489796 0.303855 0.510204 0.317460 0.523810 0.362812 0.557823 0.442177 0.544218 0.476190 0.526077 0.485261 0.517007 0.485261 0.510204 0.478458 0.514739 0.458050 0.512472 0.453515 0.521542 0.444444 0.528345 0.433107 0.528345 0.426304 0.532880 0.421769 0.528345 0.421769 0.507937 0.396825 0.482993 0.396825 0.460317 0.390023 0.451247 0.392290 0.435374 0.383220 0.419501 0.360544 0.426304 0.337868 0.424036 0.310658 0.401361 0.310658 0.405896
0 0.569161 0.501134 0.578231 0.507937 0.575964 0.523810 0.612245 0.535147 0.634921 0.562358 0.637188 0.573696 0.646259 0.573696 0.666667 0.589569 0.682540 0.591837 0.684807 0.594104 0.680272 0.596372 0.691610 0.596372 0.702948 0.605442 0.707483 0.605442 0.707483 0.600907 0.741497 0.607710 0.791383 0.607710 0.798186 0.603175 0.814059 0.603175 0.836735 0.585034 0.843537 0.571429 0.836735 0.544218 0.818594 0.526077 0.780045 0.507937 0.764172 0.503401 0.746032 0.503401 0.727891 0.492063 0.712018 0.492063 0.698413 0.498866 0.682540 0.498866 0.668934 0.494331 0.659864 0.496599 0.653061 0.503401 0.646259 0.501134 0.630385 0.510204 0.580499 0.507937
0 0.485261 0.519274 0.460317 0.537415 0.469388 0.546485 0.455782 0.560091 0.455782 0.569161 0.460317 0.571429 0.458050 0.575964 0.464853 0.585034 0.462585 0.634921 0.467120 0.666667 0.487528 0.682540 0.503401 0.682540 0.510204 0.678005 0.519274 0.678005 0.535147 0.662132 0.544218 0.639456 0.541950 0.623583 0.546485 0.609977 0.539683 0.564626 0.528345 0.539683 0.530612 0.535147 0.503401 0.519274 0.498866 0.521542 0.498866 0.526077 0.489796 0.526077
0 0.358277 0.247166 0.349206 0.258503 0.351474 0.297052 0.376417 0.340136 0.387755 0.353741 0.401361 0.358277 0.410431 0.371882 0.433107 0.392290 0.467120 0.403628 0.476190 0.412698 0.482993 0.428571 0.480726 0.442177 0.489796 0.442177 0.498866 0.433107 0.494331 0.430839 0.489796 0.405896 0.480726 0.392290 0.487528 0.365079 0.478458 0.358277 0.480726 0.331066 0.462585 0.297052 0.448980 0.285714 0.437642 0.267574 0.403628 0.242630 0.374150 0.240363
0 0.603175 0.396825 0.571429 0.396825 0.555556 0.403628 0.535147 0.419501 0.526077 0.455782 0.526077 0.471655 0.555556 0.480726 0.569161 0.489796 0.596372 0.476190 0.609977 0.460317 0.621315 0.426304 0.619048 0.408163
0 0.517007 0.462585 0.494331 0.444444 0.480726 0.444444 0.471655 0.439909 0.426304 0.451247 0.414966 0.462585 0.412698 0.473923 0.417234 0.482993 0.439909 0.505669 0.448980 0.510204 0.478458 0.512472 0.487528 0.507937 0.487528 0.482993 0.514739 0.469388
0 0.510204 0.489796 0.523810 0.501134 0.523810 0.510204 0.514739 0.519274 0.519274 0.528345 0.528345 0.530612 0.544218 0.544218 0.553288 0.544218 0.555556 0.539683 0.566893 0.537415 0.573696 0.530612 0.575964 0.507937 0.571429 0.503401 0.575964 0.501134 0.564626 0.487528 0.539683 0.478458 0.526077 0.480726
0 0.530612 0.426304 0.512472 0.426304 0.492063 0.442177 0.507937 0.451247 0.519274 0.462585 0.517007 0.467120 0.526077 0.464853 0.523810 0.455782
0 0.489796 0.482993 0.487528 0.510204 0.496599 0.519274 0.503401 0.517007 0.512472 0.523810 0.512472 0.519274 0.521542 0.510204 0.521542 0.501134 0.510204 0.492063 0.498866 0.492063 0.494331 0.482993
0 0.537415 0.478458 0.528345 0.476190 0.523810 0.467120 0.519274 0.467120 0.503401 0.476190 0.496599 0.485261 0.498866 0.489796 0.507937 0.489796 0.526077 0.478458