0 0.455782 0.580499 0.451247 0.589569 0.435374 0.598639 0.439909 0.612245 0.439909 0.628118 0.433107 0.639456 0.433107 0.646259 0.448980 0.659864 0.469388 0.662132 0.487528 0.646259 0.492063 0.637188 0.492063 0.612245 0.482993 0.600907 0.476190 0.598639 0.476190 0.594104 0.471655 0.594104
0 0.442177 0.362812 0.435374 0.376417 0.435374 0.390023 0.442177 0.399093 0.453515 0.405896 0.451247 0.448980 0.464853 0.435374 0.460317 0.433107 0.460317 0.426304 0.469388 0.417234 0.487528 0.419501 0.485261 0.417234 0.494331 0.405896 0.494331 0.396825 0.467120 0.371882
0 0.496599 0.507937 0.503401 0.517007 0.512472 0.521542 0.523810 0.514739 0.521542 0.507937 0.498866 0.503401
0 0.242630 0.517007 0.249433 0.530612 0.260771 0.541950 0.285714 0.553288 0.328798 0.553288 0.344671 0.541950 0.353741 0.521542 0.362812 0.512472 0.408163 0.505669 0.414966 0.507937 0.424036 0.501134 0.421769 0.494331 0.405896 0.501134 0.362812 0.498866 0.353741 0.492063 0.333333 0.464853 0.321995 0.460317 0.294785 0.458050 0.283447 0.464853 0.265306 0.469388 0.249433 0.485261 0.242630 0.501134
0 0.489796 0.526077 0.489796 0.532880 0.498866 0.548753 0.501134 0.546485 0.517007 0.557823 0.535147 0.578231 0.535147 0.621315 0.553288 0.643991 0.578231 0.664399 0.619048 0.680272 0.637188 0.680272 0.648526 0.671202 0.657596 0.639456 0.653061 0.614512 0.641723 0.598639 0.607710 0.564626 0.594104 0.555556 0.566893 0.555556 0.557823 0.560091 0.535147 0.555556 0.492063 0.530612
0 0.358277 0.242630 0.349206 0.249433 0.342404 0.260771 0.342404 0.276644 0.337868 0.285714 0.344671 0.356009 0.358277 0.383220 0.367347 0.392290 0.408163 0.408163 0.433107 0.433107 0.444444 0.453515 0.439909 0.446712 0.439909 0.433107 0.433107 0.424036 0.430839 0.410431 0.433107 0.376417 0.437642 0.371882 0.439909 0.360544 0.435374 0.362812 0.426304 0.351474 0.426304 0.321995 0.414966 0.281179 0.399093 0.263039 0.387755 0.258503 0.378685 0.249433
0 0.435374 0.519274 0.430839 0.519274 0.430839 0.526077 0.424036 0.530612 0.421769 0.539683 0.399093 0.566893 0.376417 0.569161 0.358277 0.578231 0.349206 0.587302 0.319728 0.634921 0.310658 0.655329 0.308390 0.696145 0.315193 0.712018 0.324263 0.721088 0.346939 0.721088 0.387755 0.700680 0.419501 0.662132 0.426304 0.641723 0.433107 0.637188 0.437642 0.628118 0.437642 0.612245 0.433107 0.605442 0.435374 0.600907 0.426304 0.596372 0.419501 0.575964 0.419501 0.564626 0.433107 0.546485 0.437642 0.532880
0 0.643991 0.455782 0.639456 0.442177 0.628118 0.428571 0.619048 0.428571 0.619048 0.437642 0.612245 0.442177 0.600907 0.428571 0.587302 0.424036 0.571429 0.426304 0.553288 0.433107 0.551020 0.437642 0.537415 0.435374 0.521542 0.451247 0.517007 0.464853 0.505669 0.476190 0.512472 0.476190 0.512472 0.482993 0.498866 0.487528 0.489796 0.487528 0.487528 0.482993 0.473923 0.492063 0.485261 0.503401 0.487528 0.498866 0.496599 0.498866 0.501134 0.503401 0.523810 0.505669 0.541950 0.517007 0.551020 0.512472 0.580499 0.510204 0.587302 0.505669 0.603175 0.503401 0.630385 0.485261 0.643991 0.467120
0 0.383220 0.405896 0.374150 0.419501 0.369615 0.451247 0.376417 0.467120 0.396825 0.487528 0.419501 0.489796 0.424036 0.494331 0.430839 0.492063 0.437642 0.482993 0.446712 0.480726 0.448980 0.455782 0.444444 0.455782 0.437642 0.448980 0.430839 0.433107 0.410431 0.414966 0.399093 0.408163
0 0.453515 0.510204 0.437642 0.521542 0.439909 0.532880 0.435374 0.539683 0.435374 0.562358 0.439909 0.571429 0.458050 0.578231 0.471655 0.591837 0.476190 0.591837 0.492063 0.575964 0.489796 0.566893 0.496599 0.544218 0.489796 0.537415 0.487528 0.526077 0.478458 0.512472 0.464853 0.517007 0.458050 0.510204
0 0.487528 0.421769 0.469388 0.426304 0.464853 0.430839 0.467120 0.435374 0.448980 0.451247 0.451247 0.467120 0.446712 0.485261 0.455782 0.492063 0.467120 0.487528 0.473923 0.489796 0.487528 0.480726 0.492063 0.482993 0.498866 0.478458 0.503401 0.469388 0.498866 0.437642
0 0.455782 0.494331 0.448980 0.487528 0.435374 0.489796 0.414966 0.510204 0.414966 0.514739 0.421769 0.521542 0.428571 0.521542 0.430839 0.517007 0.439909 0.519274 0.453515 0.507937
0 0.469388 0.489796 0.458050 0.494331 0.455782 0.507937 0.464853 0.514739 0.482993 0.505669