0 0.385488 0.492063 0.374150 0.503401 0.371882 0.530612 0.394558 0.546485 0.403628 0.541950 0.424036 0.541950 0.428571 0.546485 0.437642 0.530612 0.439909 0.514739 0.444444 0.510204 0.455782 0.507937 0.453515 0.498866 0.442177 0.501134 0.417234 0.480726 0.401361 0.482993
0 0.643991 0.408163 0.634921 0.419501 0.621315 0.428571 0.609977 0.428571 0.596372 0.421769 0.591837 0.428571 0.591837 0.462585 0.571429 0.476190 0.564626 0.473923 0.560091 0.478458 0.560091 0.487528 0.571429 0.485261 0.582766 0.476190 0.596372 0.471655 0.603175 0.480726 0.637188 0.476190 0.646259 0.467120 0.653061 0.446712 0.653061 0.426304 0.643991 0.417234
0 0.519274 0.410431 0.512472 0.458050 0.521542 0.455782 0.535147 0.442177 0.535147 0.428571 0.528345 0.419501 0.519274 0.414966
0 0.312925 0.371882 0.312925 0.390023 0.328798 0.412698 0.356009 0.439909 0.380952 0.448980 0.403628 0.448980 0.426304 0.433107 0.442177 0.433107 0.442177 0.424036 0.430839 0.410431 0.430839 0.394558 0.437642 0.378685 0.412698 0.353741 0.396825 0.344671 0.340136 0.344671
0 0.537415 0.532880 0.532880 0.541950 0.532880 0.555556 0.537415 0.555556 0.541950 0.582766 0.537415 0.594104 0.523810 0.603175 0.512472 0.623583 0.512472 0.657596 0.523810 0.693878 0.548753 0.718821 0.564626 0.725624 0.578231 0.725624 0.596372 0.716553 0.612245 0.693878 0.614512 0.650794 0.607710 0.625850 0.594104 0.598639 0.582766 0.587302 0.562358 0.582766 0.551020 0.571429
0 0.655329 0.294785 0.628118 0.294785 0.621315 0.301587 0.616780 0.301587 0.607710 0.310658 0.603175 0.310658 0.566893 0.351474 0.564626 0.374150 0.571429 0.383220 0.571429 0.410431 0.557823 0.435374 0.535147 0.460317 0.553288 0.460317 0.553288 0.451247 0.589569 0.419501 0.609977 0.426304 0.625850 0.424036 0.671202 0.376417 0.668934 0.360544 0.680272 0.333333 0.675737 0.326531 0.675737 0.315193
0 0.489796 0.519274 0.485261 0.519274 0.473923 0.532880 0.469388 0.532880 0.451247 0.546485 0.428571 0.548753 0.424036 0.544218 0.403628 0.544218 0.369615 0.562358 0.333333 0.600907 0.333333 0.607710 0.321995 0.628118 0.324263 0.646259 0.344671 0.664399 0.358277 0.668934 0.378685 0.668934 0.408163 0.662132 0.448980 0.625850 0.467120 0.600907 0.469388 0.580499 0.464853 0.562358 0.480726 0.544218 0.482993 0.546485
0 0.544218 0.507937 0.557823 0.510204 0.578231 0.526077 0.580499 0.539683 0.596372 0.553288 0.628118 0.557823 0.637188 0.562358 0.659864 0.562358 0.673469 0.557823 0.691610 0.535147 0.691610 0.521542 0.662132 0.494331 0.646259 0.487528 0.621315 0.485261 0.614512 0.480726 0.605442 0.480726 0.600907 0.487528 0.589569 0.489796 0.578231 0.501134 0.562358 0.503401 0.560091 0.498866 0.553288 0.505669
0 0.458050 0.351474 0.439909 0.371882 0.439909 0.383220 0.433107 0.394558 0.433107 0.410431 0.444444 0.424036 0.444444 0.435374 0.446712 0.433107 0.451247 0.439909 0.458050 0.442177 0.469388 0.455782 0.496599 0.451247 0.501134 0.455782 0.503401 0.467120 0.510204 0.473923 0.510204 0.480726 0.519274 0.473923 0.514739 0.460317 0.510204 0.458050 0.517007 0.417234 0.512472 0.385488 0.485261 0.353741 0.476190 0.349206
0 0.512472 0.501134 0.485261 0.517007 0.492063 0.519274 0.492063 0.528345 0.482993 0.548753 0.482993 0.569161 0.494331 0.582766 0.510204 0.585034 0.526077 0.571429 0.537415 0.519274
0 0.455782 0.492063 0.455782 0.512472 0.460317 0.517007 0.482993 0.517007 0.498866 0.505669 0.507937 0.503401 0.510204 0.498866 0.507937 0.482993 0.501134 0.485261 0.487528 0.478458 0.471655 0.478458
0 0.555556 0.462585 0.530612 0.462585 0.510204 0.482993 0.512472 0.498866 0.528345 0.512472 0.535147 0.514739 0.557823 0.498866 0.557823 0.478458 0.564626 0.469388