0 0.503401 0.444444 0.537415 0.433107 0.548753 0.444444 0.578231 0.444444 0.585034 0.448980 0.600907 0.446712 0.587302 0.433107 0.569161 0.424036 0.555556 0.424036 0.548753 0.417234 0.544218 0.417234 0.535147 0.426304 0.521542 0.430839 0.519274 0.428571
0 0.482993 0.265306 0.469388 0.267574 0.451247 0.276644 0.437642 0.290249 0.430839 0.292517 0.439909 0.317460 0.439909 0.353741 0.462585 0.371882 0.462585 0.362812 0.478458 0.340136 0.496599 0.335601 0.517007 0.321995 0.512472 0.290249 0.498866 0.272109
0 0.419501 0.464853 0.412698 0.455782 0.412698 0.446712 0.403628 0.448980 0.392290 0.442177 0.374150 0.412698 0.351474 0.401361 0.337868 0.408163 0.324263 0.426304 0.281179 0.467120 0.278912 0.473923 0.290249 0.487528 0.301587 0.487528 0.312925 0.494331 0.351474 0.501134 0.380952 0.492063 0.385488 0.485261 0.385488 0.476190 0.403628 0.460317 0.414966 0.460317
0 0.700680 0.287982 0.682540 0.276644 0.630385 0.283447 0.580499 0.312925 0.564626 0.340136 0.564626 0.383220 0.546485 0.401361 0.539683 0.399093 0.537415 0.412698 0.521542 0.428571 0.535147 0.424036 0.553288 0.408163 0.573696 0.399093 0.596372 0.408163 0.614512 0.408163 0.623583 0.412698 0.653061 0.399093 0.693878 0.356009 0.696145 0.342404 0.705215 0.324263 0.705215 0.299320
0 0.462585 0.532880 0.464853 0.582766 0.448980 0.596372 0.448980 0.600907 0.430839 0.623583 0.426304 0.639456 0.428571 0.680272 0.437642 0.705215 0.455782 0.736961 0.476190 0.750567 0.494331 0.750567 0.501134 0.748299 0.514739 0.734694 0.526077 0.709751 0.528345 0.696145 0.535147 0.687075 0.535147 0.637188 0.521542 0.607710 0.482993 0.580499 0.478458 0.564626 0.480726 0.551020 0.471655 0.546485
0 0.321995 0.229025 0.310658 0.244898 0.308390 0.287982 0.331066 0.333333 0.333333 0.346939 0.367347 0.374150 0.405896 0.376417 0.414966 0.380952 0.439909 0.424036 0.437642 0.428571 0.451247 0.426304 0.446712 0.412698 0.448980 0.403628 0.430839 0.367347 0.430839 0.356009 0.437642 0.353741 0.437642 0.317460 0.433107 0.299320 0.403628 0.251701 0.358277 0.224490 0.335601 0.222222
0 0.716553 0.458050 0.698413 0.439909 0.682540 0.435374 0.625850 0.437642 0.605442 0.448980 0.571429 0.453515 0.551020 0.469388 0.528345 0.469388 0.512472 0.458050 0.514739 0.464853 0.510204 0.473923 0.539683 0.478458 0.557823 0.487528 0.575964 0.507937 0.609977 0.523810 0.634921 0.521542 0.648526 0.514739 0.673469 0.514739 0.698413 0.503401 0.716553 0.476190
0 0.541950 0.321995 0.523810 0.317460 0.505669 0.333333 0.478458 0.342404 0.469388 0.353741 0.460317 0.387755 0.462585 0.396825 0.458050 0.401361 0.460317 0.424036 0.451247 0.428571 0.460317 0.433107 0.467120 0.446712 0.482993 0.437642 0.494331 0.437642 0.503401 0.446712 0.501134 0.444444 0.535147 0.412698 0.537415 0.399093 0.544218 0.396825 0.555556 0.374150 0.553288 0.342404 0.548753 0.328798
0 0.453515 0.480726 0.439909 0.480726 0.428571 0.494331 0.408163 0.492063 0.396825 0.478458 0.387755 0.476190 0.387755 0.485261 0.380952 0.494331 0.365079 0.501134 0.353741 0.501134 0.321995 0.519274 0.301587 0.546485 0.310658 0.578231 0.321995 0.585034 0.344671 0.585034 0.396825 0.560091 0.426304 0.535147 0.430839 0.512472 0.446712 0.485261
0 0.507937 0.473923 0.496599 0.482993 0.455782 0.485261 0.458050 0.494331 0.453515 0.510204 0.460317 0.530612 0.471655 0.544218 0.476190 0.544218 0.482993 0.551020 0.501134 0.546485 0.519274 0.530612 0.521542 0.523810 0.519274 0.494331 0.507937 0.482993
0 0.435374 0.428571 0.414966 0.444444 0.414966 0.455782 0.428571 0.471655 0.442177 0.478458 0.453515 0.478458 0.455782 0.462585 0.467120 0.451247 0.458050 0.433107 0.448980 0.428571
0 0.392290 0.471655 0.392290 0.476190 0.396825 0.476190 0.408163 0.489796 0.424036 0.489796 0.433107 0.478458 0.439909 0.478458 0.430839 0.473923 0.414966 0.476190 0.401361 0.467120
0 0.494331 0.439909 0.492063 0.462585 0.473923 0.480726 0.496599 0.480726 0.510204 0.469388 0.510204 0.455782
0 0.492063 0.439909 0.482993 0.439909 0.467120 0.448980 0.469388 0.451247 0.458050 0.462585 0.455782 0.482993 0.471655 0.480726 0.487528 0.467120 0.492063 0.455782