0 0.301587 0.462585 0.319728 0.478458 0.335601 0.482993 0.358277 0.471655 0.340136 0.462585 0.331066 0.453515 0.317460 0.453515 0.315193 0.458050
0 0.528345 0.537415 0.528345 0.541950 0.535147 0.539683 0.546485 0.551020 0.553288 0.564626 0.600907 0.566893 0.628118 0.562358 0.634921 0.546485 0.634921 0.532880 0.630385 0.521542 0.612245 0.505669 0.596372 0.498866 0.580499 0.498866 0.566893 0.503401 0.546485 0.528345 0.541950 0.521542 0.537415 0.530612
0 0.535147 0.634921 0.535147 0.675737 0.548753 0.707483 0.548753 0.750567 0.532880 0.770975 0.553288 0.770975 0.564626 0.766440 0.580499 0.750567 0.589569 0.730159 0.585034 0.723356 0.582766 0.696145 0.569161 0.678005 0.569161 0.671202 0.560091 0.653061 0.548753 0.639456
0 0.519274 0.253968 0.501134 0.265306 0.482993 0.287982 0.471655 0.310658 0.467120 0.337868 0.467120 0.333333 0.478458 0.326531 0.487528 0.326531 0.505669 0.337868 0.514739 0.351474 0.514739 0.360544 0.526077 0.374150 0.526077 0.387755 0.532880 0.401361 0.539683 0.390023 0.557823 0.385488 0.566893 0.378685 0.575964 0.360544 0.575964 0.346939 0.580499 0.337868 0.580499 0.310658 0.573696 0.299320 0.571429 0.283447 0.532880 0.253968
0 0.117914 0.578231 0.122449 0.591837 0.145125 0.603175 0.163265 0.607710 0.219955 0.609977 0.251701 0.594104 0.290249 0.555556 0.306122 0.548753 0.331066 0.544218 0.337868 0.523810 0.335601 0.528345 0.306122 0.530612 0.283447 0.521542 0.253968 0.489796 0.226757 0.476190 0.163265 0.473923 0.147392 0.482993 0.142857 0.494331 0.126984 0.510204 0.126984 0.528345 0.122449 0.535147 0.122449 0.557823
0 0.496599 0.560091 0.537415 0.582766 0.566893 0.609977 0.573696 0.662132 0.580499 0.675737 0.594104 0.687075 0.607710 0.691610 0.637188 0.718821 0.689342 0.739229 0.748299 0.743764 0.770975 0.741497 0.780045 0.736961 0.793651 0.721088 0.800454 0.705215 0.800454 0.678005 0.786848 0.641723 0.757370 0.609977 0.714286 0.582766 0.691610 0.573696 0.646259 0.564626 0.616780 0.564626 0.600907 0.569161 0.548753 0.566893 0.544218 0.562358 0.517007 0.553288 0.501134 0.555556
0 0.369615 0.102041 0.349206 0.111111 0.333333 0.145125 0.333333 0.215420 0.340136 0.231293 0.342404 0.267574 0.349206 0.281179 0.367347 0.299320 0.385488 0.308390 0.412698 0.337868 0.419501 0.376417 0.421769 0.426304 0.426304 0.439909 0.421769 0.444444 0.430839 0.444444 0.435374 0.439909 0.437642 0.383220 0.451247 0.367347 0.439909 0.365079 0.439909 0.340136 0.444444 0.331066 0.444444 0.319728 0.482993 0.272109 0.480726 0.242630 0.485261 0.231293 0.485261 0.206349 0.478458 0.192744 0.480726 0.181406 0.471655 0.165533 0.464853 0.142857 0.448980 0.122449 0.433107 0.108844 0.421769 0.104308
0 0.399093 0.589569 0.383220 0.596372 0.356009 0.596372 0.360544 0.598639 0.358277 0.605442 0.319728 0.641723 0.297052 0.650794 0.278912 0.653061 0.260771 0.666667 0.244898 0.671202 0.219955 0.691610 0.215420 0.702948 0.179138 0.743764 0.174603 0.759637 0.160998 0.775510 0.131519 0.829932 0.124717 0.850340 0.126984 0.875283 0.133787 0.882086 0.154195 0.893424 0.176871 0.891156 0.190476 0.884354 0.206349 0.882086 0.247166 0.861678 0.306122 0.814059 0.326531 0.789116 0.353741 0.743764 0.353741 0.723356 0.346939 0.702948 0.351474 0.657596 0.380952 0.609977 0.401361 0.591837
0 0.814059 0.390023 0.809524 0.378685 0.798186 0.367347 0.766440 0.353741 0.730159 0.353741 0.716553 0.356009 0.696145 0.367347 0.675737 0.367347 0.632653 0.401361 0.616780 0.405896 0.603175 0.414966 0.580499 0.444444 0.546485 0.469388 0.521542 0.480726 0.501134 0.482993 0.519274 0.485261 0.528345 0.492063 0.530612 0.498866 0.532880 0.494331 0.555556 0.485261 0.569161 0.485261 0.580499 0.480726 0.619048 0.496599 0.641723 0.494331 0.648526 0.498866 0.671202 0.496599 0.682540 0.489796 0.712018 0.487528 0.768707 0.455782 0.811791 0.405896
0 0.133787 0.297052 0.129252 0.306122 0.133787 0.337868 0.145125 0.356009 0.149660 0.371882 0.179138 0.401361 0.204082 0.417234 0.224490 0.419501 0.233560 0.424036 0.249433 0.442177 0.276644 0.455782 0.306122 0.460317 0.317460 0.451247 0.331066 0.451247 0.340136 0.460317 0.378685 0.478458 0.383220 0.487528 0.387755 0.487528 0.387755 0.473923 0.394558 0.462585 0.387755 0.464853 0.369615 0.448980 0.349206 0.414966 0.342404 0.387755 0.317460 0.349206 0.308390 0.351474 0.299320 0.346939 0.290249 0.331066 0.281179 0.324263 0.260771 0.319728 0.249433 0.308390 0.233560 0.303855 0.222222 0.294785 0.188209 0.290249 0.179138 0.285714 0.149660 0.285714
0 0.458050 0.551020 0.451247 0.560091 0.439909 0.564626 0.437642 0.587302 0.428571 0.596372 0.430839 0.600907 0.424036 0.607710 0.428571 0.619048 0.424036 0.628118 0.424036 0.639456 0.430839 0.671202 0.439909 0.682540 0.439909 0.696145 0.448980 0.707483 0.448980 0.721088 0.462585 0.739229 0.462585 0.748299 0.501134 0.773243 0.528345 0.773243 0.546485 0.750567 0.546485 0.707483 0.532880 0.675737 0.532880 0.630385 0.523810 0.628118 0.510204 0.614512 0.503401 0.594104 0.496599 0.585034 0.478458 0.578231 0.462585 0.562358 0.464853 0.553288
0 0.487528 0.328798 0.469388 0.333333 0.469388 0.337868 0.464853 0.340136 0.451247 0.362812 0.451247 0.371882 0.439909 0.383220 0.437642 0.439909 0.430839 0.446712 0.426304 0.446712 0.428571 0.460317 0.455782 0.487528 0.469388 0.487528 0.473923 0.482993 0.480726 0.482993 0.498866 0.467120 0.507937 0.464853 0.530612 0.419501 0.532880 0.403628 0.523810 0.387755 0.523810 0.374150 0.512472 0.360544 0.512472 0.351474 0.505669 0.340136
0 0.394558 0.507937 0.353741 0.517007 0.340136 0.526077 0.326531 0.566893 0.326531 0.575964 0.344671 0.594104 0.383220 0.594104 0.396825 0.587302 0.403628 0.591837 0.412698 0.585034 0.414966 0.575964 0.419501 0.573696 0.419501 0.548753 0.401361 0.546485 0.392290 0.539683 0.390023 0.514739
0 0.514739 0.485261 0.487528 0.482993 0.480726 0.492063 0.476190 0.492063 0.478458 0.505669 0.460317 0.535147 0.460317 0.548753 0.471655 0.557823 0.489796 0.560091 0.501134 0.553288 0.514739 0.553288 0.541950 0.519274 0.537415 0.503401 0.530612 0.501134 0.526077 0.492063
0 0.421769 0.551020 0.421769 0.573696 0.417234 0.575964 0.421769 0.596372 0.426304 0.596372 0.435374 0.587302 0.437642 0.564626 0.430839 0.562358
0 0.410431 0.453515 0.396825 0.462585 0.390023 0.473923 0.387755 0.489796 0.394558 0.496599 0.396825 0.505669 0.417234 0.517007 0.424036 0.517007 0.430839 0.510204 0.428571 0.507937 0.433107 0.494331 0.439909 0.487528 0.453515 0.485261 0.451247 0.487528 0.439909 0.471655 0.426304 0.460317 0.426304 0.453515
0 0.458050 0.532880 0.428571 0.532880 0.419501 0.537415 0.414966 0.544218 0.424036 0.548753 0.430839 0.560091 0.444444 0.562358 0.458050 0.548753
0 0.439909 0.489796 0.430839 0.507937 0.442177 0.507937 0.451247 0.519274 0.451247 0.528345 0.460317 0.532880 0.471655 0.517007 0.476190 0.494331 0.469388 0.489796
0 0.392290 0.514739 0.394558 0.539683 0.401361 0.544218 0.412698 0.544218 0.419501 0.535147 0.428571 0.530612 0.448980 0.528345 0.448980 0.519274 0.442177 0.510204 0.433107 0.510204 0.424036 0.519274 0.417234 0.519274 0.399093 0.507937