0 0.290249 0.512472 0.292517 0.532880 0.310658 0.532880 0.321995 0.541950 0.349206 0.546485 0.353741 0.537415 0.365079 0.528345 0.387755 0.528345 0.396825 0.532880 0.403628 0.517007 0.394558 0.521542 0.362812 0.519274 0.353741 0.503401 0.335601 0.489796 0.315193 0.492063
0 0.541950 0.244898 0.514739 0.249433 0.496599 0.263039 0.471655 0.292517 0.458050 0.317460 0.458050 0.326531 0.448980 0.335601 0.448980 0.342404 0.442177 0.351474 0.448980 0.392290 0.455782 0.405896 0.478458 0.428571 0.476190 0.448980 0.464853 0.462585 0.464853 0.473923 0.460317 0.478458 0.462585 0.489796 0.455782 0.501134 0.464853 0.496599 0.476190 0.496599 0.471655 0.489796 0.492063 0.448980 0.507937 0.433107 0.521542 0.430839 0.541950 0.417234 0.546485 0.396825 0.560091 0.378685 0.560091 0.353741 0.566893 0.337868 0.566893 0.312925 0.562358 0.301587 0.564626 0.283447 0.548753 0.249433
0 0.532880 0.526077 0.539683 0.526077 0.562358 0.551020 0.600907 0.553288 0.600907 0.541950 0.596372 0.532880 0.578231 0.514739 0.569161 0.510204 0.557823 0.510204
0 0.444444 0.344671 0.421769 0.340136 0.410431 0.344671 0.385488 0.342404 0.346939 0.353741 0.340136 0.362812 0.337868 0.380952 0.349206 0.394558 0.353741 0.408163 0.369615 0.421769 0.374150 0.421769 0.380952 0.414966 0.376417 0.417234 0.371882 0.408163 0.376417 0.403628 0.385488 0.405896 0.394558 0.396825 0.394558 0.414966 0.403628 0.414966 0.424036 0.424036 0.424036 0.414966 0.446712 0.392290 0.439909 0.351474
0 0.410431 0.598639 0.403628 0.609977 0.383220 0.628118 0.358277 0.625850 0.342404 0.630385 0.310658 0.671202 0.310658 0.689342 0.306122 0.696145 0.306122 0.732426 0.315193 0.757370 0.326531 0.768707 0.353741 0.775510 0.387755 0.761905 0.408163 0.736961 0.410431 0.725624 0.421769 0.709751 0.426304 0.673469 0.405896 0.650794 0.403628 0.632653 0.410431 0.614512 0.419501 0.607710
0 0.689342 0.376417 0.668934 0.365079 0.634921 0.367347 0.616780 0.371882 0.587302 0.394558 0.569161 0.403628 0.544218 0.439909 0.541950 0.473923 0.528345 0.485261 0.494331 0.503401 0.485261 0.501134 0.489796 0.505669 0.489796 0.517007 0.498866 0.507937 0.510204 0.507937 0.541950 0.494331 0.612245 0.498866 0.634921 0.487528 0.666667 0.462585 0.693878 0.417234 0.693878 0.385488
0 0.133787 0.358277 0.126984 0.383220 0.140590 0.426304 0.163265 0.455782 0.181406 0.464853 0.195011 0.478458 0.229025 0.487528 0.256236 0.485261 0.269841 0.492063 0.283447 0.487528 0.303855 0.469388 0.319728 0.469388 0.340136 0.476190 0.374150 0.494331 0.367347 0.473923 0.362812 0.476190 0.349206 0.464853 0.326531 0.455782 0.317460 0.446712 0.310658 0.428571 0.310658 0.412698 0.301587 0.394558 0.278912 0.369615 0.231293 0.342404 0.158730 0.342404 0.142857 0.349206
0 0.464853 0.571429 0.458050 0.591837 0.464853 0.609977 0.464853 0.630385 0.469388 0.637188 0.471655 0.662132 0.439909 0.698413 0.439909 0.746032 0.471655 0.811791 0.510204 0.845805 0.521542 0.850340 0.535147 0.850340 0.551020 0.836735 0.562358 0.816327 0.562358 0.807256 0.569161 0.793651 0.564626 0.780045 0.566893 0.768707 0.557823 0.743764 0.557823 0.721088 0.553288 0.705215 0.537415 0.675737 0.523810 0.664399 0.507937 0.657596 0.496599 0.646259 0.494331 0.637188 0.480726 0.616780 0.478458 0.603175 0.469388 0.589569
0 0.170068 0.628118 0.179138 0.639456 0.206349 0.643991 0.222222 0.650794 0.281179 0.641723 0.308390 0.625850 0.328798 0.619048 0.358277 0.575964 0.371882 0.564626 0.394558 0.553288 0.408163 0.551020 0.396825 0.544218 0.349206 0.551020 0.342404 0.546485 0.321995 0.544218 0.310658 0.535147 0.290249 0.537415 0.276644 0.530612 0.251701 0.532880 0.215420 0.546485 0.192744 0.562358 0.170068 0.598639
0 0.467120 0.551020 0.473923 0.551020 0.478458 0.555556 0.482993 0.575964 0.498866 0.596372 0.523810 0.612245 0.539683 0.612245 0.548753 0.616780 0.582766 0.616780 0.603175 0.609977 0.619048 0.591837 0.619048 0.582766 0.614512 0.578231 0.612245 0.566893 0.600907 0.555556 0.562358 0.553288 0.539683 0.528345 0.503401 0.530612 0.492063 0.535147 0.489796 0.539683 0.482993 0.537415 0.482993 0.541950 0.476190 0.548753
0 0.367347 0.424036 0.360544 0.433107 0.358277 0.458050 0.362812 0.469388 0.369615 0.473923 0.376417 0.496599 0.403628 0.512472 0.405896 0.517007 0.417234 0.510204 0.426304 0.510204 0.442177 0.517007 0.460317 0.489796 0.460317 0.464853 0.446712 0.442177 0.433107 0.428571 0.403628 0.417234 0.383220 0.414966 0.374150 0.424036
0 0.460317 0.551020 0.446712 0.555556 0.437642 0.548753 0.437642 0.544218 0.424036 0.553288 0.408163 0.553288 0.408163 0.560091 0.401361 0.571429 0.405896 0.594104 0.421769 0.607710 0.442177 0.607710 0.455782 0.594104 0.460317 0.582766
0 0.453515 0.503401 0.444444 0.517007 0.471655 0.517007 0.480726 0.532880 0.480726 0.541950 0.487528 0.526077 0.487528 0.505669 0.478458 0.496599
0 0.442177 0.519274 0.426304 0.512472 0.417234 0.512472 0.403628 0.519274 0.396825 0.541950 0.410431 0.551020 0.424036 0.551020 0.435374 0.544218 0.435374 0.539683 0.428571 0.537415 0.421769 0.528345
0 0.424036 0.528345 0.428571 0.535147 0.437642 0.539683 0.439909 0.548753 0.446712 0.553288 0.478458 0.544218 0.478458 0.532880 0.471655 0.519274 0.444444 0.519274 0.430839 0.528345