0 0.340136 0.548753 0.344671 0.557823 0.365079 0.571429 0.387755 0.573696 0.399093 0.566893 0.403628 0.555556 0.421769 0.537415 0.469388 0.526077 0.462585 0.521542 0.444444 0.528345 0.410431 0.530612 0.403628 0.523810 0.380952 0.523810 0.353741 0.517007 0.340136 0.532880
0 0.573696 0.462585 0.564626 0.471655 0.564626 0.496599 0.548753 0.514739 0.560091 0.517007 0.578231 0.530612 0.598639 0.530612 0.607710 0.526077 0.628118 0.501134 0.623583 0.473923 0.607710 0.464853
0 0.494331 0.557823 0.469388 0.578231 0.476190 0.589569 0.492063 0.589569 0.496599 0.585034 0.498866 0.573696 0.494331 0.566893
0 0.451247 0.462585 0.439909 0.473923 0.437642 0.482993 0.439909 0.489796 0.451247 0.489796 0.460317 0.496599 0.464853 0.492063 0.464853 0.469388
0 0.494331 0.541950 0.494331 0.555556 0.501134 0.580499 0.492063 0.591837 0.494331 0.594104 0.482993 0.603175 0.485261 0.632653 0.496599 0.653061 0.514739 0.673469 0.526077 0.678005 0.544218 0.678005 0.555556 0.673469 0.566893 0.650794 0.566893 0.616780 0.560091 0.609977 0.560091 0.600907 0.539683 0.580499 0.528345 0.580499 0.523810 0.575964 0.521542 0.578231 0.498866 0.553288
0 0.492063 0.392290 0.464853 0.396825 0.458050 0.403628 0.460317 0.437642 0.489796 0.458050 0.489796 0.480726 0.480726 0.494331 0.487528 0.498866 0.498866 0.460317 0.510204 0.448980 0.519274 0.446712 0.526077 0.437642 0.526077 0.419501 0.521542 0.410431 0.503401 0.394558
0 0.342404 0.471655 0.342404 0.494331 0.358277 0.517007 0.403628 0.521542 0.419501 0.505669 0.433107 0.505669 0.462585 0.519274 0.433107 0.494331 0.424036 0.478458 0.405896 0.460317 0.378685 0.451247 0.358277 0.453515 0.346939 0.462585
0 0.557823 0.462585 0.523810 0.462585 0.503401 0.478458 0.494331 0.496599 0.494331 0.503401 0.498866 0.507937 0.494331 0.514739 0.489796 0.514739 0.489796 0.519274 0.510204 0.519274 0.517007 0.523810 0.526077 0.523810 0.530612 0.519274 0.546485 0.514739 0.562358 0.496599 0.564626 0.476190
0 0.476190 0.523810 0.458050 0.532880 0.446712 0.551020 0.448980 0.573696 0.455782 0.578231 0.471655 0.575964 0.492063 0.555556 0.494331 0.539683 0.487528 0.537415
0 0.458050 0.498866 0.458050 0.507937 0.467120 0.523810 0.487528 0.519274 0.487528 0.501134 0.478458 0.492063 0.467120 0.492063
0 0.478458 0.521542 0.487528 0.535147 0.496599 0.539683 0.503401 0.535147 0.501134 0.523810