0 0.083900 0.600907 0.104308 0.621315 0.129252 0.628118 0.140590 0.634921 0.156463 0.634921 0.172336 0.643991 0.195011 0.643991 0.224490 0.637188 0.258503 0.637188 0.299320 0.612245 0.303855 0.600907 0.315193 0.591837 0.321995 0.569161 0.344671 0.546485 0.392290 0.530612 0.412698 0.519274 0.448980 0.510204 0.455782 0.501134 0.451247 0.496599 0.439909 0.505669 0.428571 0.505669 0.383220 0.528345 0.371882 0.528345 0.367347 0.523810 0.303855 0.519274 0.276644 0.505669 0.251701 0.501134 0.226757 0.487528 0.222222 0.478458 0.219955 0.482993 0.210884 0.482993 0.199546 0.489796 0.156463 0.494331 0.113379 0.517007 0.097506 0.530612 0.088435 0.546485 0.088435 0.557823 0.079365 0.569161 0.083900 0.580499
0 0.446712 0.172336 0.428571 0.192744 0.421769 0.210884 0.417234 0.263039 0.428571 0.315193 0.444444 0.331066 0.467120 0.342404 0.480726 0.344671 0.487528 0.351474 0.467120 0.278912 0.467120 0.181406 0.471655 0.174603 0.471655 0.163265
0 0.859410 0.573696 0.859410 0.551020 0.848073 0.528345 0.825397 0.510204 0.782313 0.485261 0.764172 0.485261 0.755102 0.494331 0.707483 0.492063 0.698413 0.496599 0.673469 0.521542 0.655329 0.528345 0.612245 0.523810 0.573696 0.512472 0.566893 0.519274 0.575964 0.519274 0.582766 0.523810 0.641723 0.539683 0.657596 0.555556 0.659864 0.569161 0.655329 0.571429 0.675737 0.589569 0.696145 0.616780 0.709751 0.621315 0.712018 0.614512 0.755102 0.616780 0.784580 0.612245 0.798186 0.603175 0.825397 0.603175 0.845805 0.591837
0 0.829932 0.156463 0.798186 0.140590 0.766440 0.140590 0.759637 0.145125 0.739229 0.147392 0.707483 0.167800 0.696145 0.183673 0.678005 0.197279 0.662132 0.217687 0.648526 0.242630 0.646259 0.253968 0.634921 0.269841 0.634921 0.306122 0.643991 0.319728 0.646259 0.342404 0.634921 0.365079 0.609977 0.383220 0.598639 0.399093 0.596372 0.408163 0.614512 0.410431 0.621315 0.419501 0.619048 0.417234 0.630385 0.405896 0.637188 0.392290 0.659864 0.367347 0.678005 0.358277 0.718821 0.360544 0.784580 0.324263 0.816327 0.292517 0.848073 0.224490 0.845805 0.188209 0.839002 0.167800
0 0.541950 0.544218 0.537415 0.557823 0.537415 0.582766 0.546485 0.589569 0.546485 0.598639 0.557823 0.623583 0.560091 0.639456 0.571429 0.666667 0.571429 0.675737 0.585034 0.716553 0.580499 0.739229 0.566893 0.768707 0.566893 0.777778 0.571429 0.784580 0.569161 0.809524 0.575964 0.820862 0.585034 0.859410 0.600907 0.893424 0.612245 0.907029 0.619048 0.925170 0.641723 0.947846 0.653061 0.975057 0.673469 0.997732 0.784580 0.997732 0.800454 0.977324 0.800454 0.956916 0.789116 0.916100 0.757370 0.854875 0.741497 0.834467 0.727891 0.807256 0.718821 0.798186 0.709751 0.770975 0.698413 0.750567 0.646259 0.727891 0.632653 0.709751 0.607710 0.689342 0.594104 0.664399 0.575964 0.650794 0.575964 0.623583 0.560091 0.609977 0.560091 0.600907 0.553288 0.594104 0.551020 0.582766 0.553288 0.564626 0.544218 0.555556
0 0.079365 0.195011 0.074830 0.204082 0.074830 0.231293 0.086168 0.253968 0.124717 0.303855 0.142857 0.312925 0.170068 0.340136 0.201814 0.353741 0.219955 0.356009 0.244898 0.374150 0.285714 0.374150 0.303855 0.385488 0.337868 0.369615 0.362812 0.374150 0.392290 0.390023 0.435374 0.428571 0.446712 0.446712 0.462585 0.448980 0.462585 0.433107 0.451247 0.426304 0.378685 0.353741 0.376417 0.346939 0.362812 0.333333 0.358277 0.274376 0.346939 0.251701 0.337868 0.242630 0.326531 0.238095 0.294785 0.208617 0.240363 0.179138 0.185941 0.163265 0.142857 0.163265 0.113379 0.167800 0.092971 0.179138
0 0.444444 0.551020 0.410431 0.587302 0.405896 0.587302 0.374150 0.614512 0.344671 0.623583 0.337868 0.630385 0.315193 0.630385 0.294785 0.621315 0.272109 0.641723 0.267574 0.641723 0.222222 0.689342 0.163265 0.768707 0.160998 0.789116 0.142857 0.825397 0.142857 0.859410 0.151927 0.870748 0.176871 0.875283 0.233560 0.861678 0.285714 0.829932 0.340136 0.777778 0.344671 0.768707 0.369615 0.743764 0.378685 0.714286 0.396825 0.691610 0.396825 0.643991 0.417234 0.609977 0.435374 0.594104 0.433107 0.575964 0.442177 0.566893
0 0.539683 0.083900 0.521542 0.086168 0.507937 0.099773 0.478458 0.145125 0.478458 0.156463 0.473923 0.158730 0.473923 0.174603 0.469388 0.181406 0.469388 0.278912 0.476190 0.297052 0.476190 0.308390 0.489796 0.353741 0.498866 0.358277 0.507937 0.369615 0.503401 0.385488 0.505669 0.399093 0.501134 0.401361 0.505669 0.401361 0.526077 0.424036 0.532880 0.419501 0.530612 0.403628 0.535147 0.396825 0.537415 0.376417 0.546485 0.358277 0.573696 0.333333 0.578231 0.324263 0.580499 0.297052 0.596372 0.278912 0.598639 0.238095 0.605442 0.226757 0.605442 0.201814 0.598639 0.179138 0.600907 0.165533 0.591837 0.124717 0.569161 0.095238 0.551020 0.092971
0 0.539683 0.532880 0.544218 0.544218 0.557823 0.555556 0.560091 0.566893 0.553288 0.573696 0.555556 0.594104 0.562358 0.600907 0.564626 0.614512 0.578231 0.623583 0.578231 0.650794 0.594104 0.662132 0.600907 0.662132 0.614512 0.687075 0.634921 0.702948 0.634921 0.712018 0.646259 0.725624 0.682540 0.743764 0.707483 0.743764 0.714286 0.748299 0.732426 0.748299 0.752834 0.736961 0.757370 0.707483 0.739229 0.666667 0.712018 0.625850 0.691610 0.614512 0.691610 0.609977 0.653061 0.571429 0.653061 0.564626 0.646259 0.555556 0.607710 0.551020 0.580499 0.537415 0.569161 0.523810 0.557823 0.532880
0 0.616780 0.374150 0.598639 0.371882 0.589569 0.376417 0.571429 0.399093 0.585034 0.399093 0.594104 0.408163 0.596372 0.399093
0 0.219955 0.446712 0.219955 0.462585 0.226757 0.473923 0.224490 0.480726 0.242630 0.494331 0.258503 0.501134 0.276644 0.503401 0.303855 0.517007 0.367347 0.521542 0.371882 0.526077 0.383220 0.526077 0.396825 0.517007 0.414966 0.512472 0.439909 0.492063 0.451247 0.492063 0.455782 0.496599 0.467120 0.478458 0.460317 0.458050 0.455782 0.462585 0.448980 0.460317 0.433107 0.442177 0.390023 0.421769 0.344671 0.414966 0.324263 0.408163 0.285714 0.408163 0.265306 0.412698 0.235828 0.426304
0 0.530612 0.424036 0.535147 0.435374 0.535147 0.453515 0.528345 0.464853 0.528345 0.473923 0.539683 0.480726 0.555556 0.482993 0.566893 0.498866 0.580499 0.498866 0.591837 0.489796 0.612245 0.489796 0.625850 0.473923 0.637188 0.467120 0.643991 0.455782 0.643991 0.444444 0.630385 0.419501 0.621315 0.421769 0.614512 0.412698 0.594104 0.410431 0.585034 0.401361 0.569161 0.401361 0.557823 0.405896 0.539683 0.421769
0 0.521542 0.517007 0.510204 0.517007 0.501134 0.526077 0.464853 0.526077 0.458050 0.539683 0.448980 0.546485 0.444444 0.566893 0.435374 0.575964 0.437642 0.596372 0.444444 0.603175 0.453515 0.632653 0.485261 0.632653 0.496599 0.623583 0.521542 0.612245 0.535147 0.585034 0.535147 0.557823 0.539683 0.546485 0.537415 0.532880
0 0.505669 0.403628 0.485261 0.412698 0.467120 0.430839 0.462585 0.458050 0.469388 0.473923 0.471655 0.469388 0.485261 0.469388 0.496599 0.478458 0.507937 0.478458 0.526077 0.469388 0.532880 0.453515 0.532880 0.435374 0.530612 0.428571
0 0.537415 0.480726 0.528345 0.494331 0.528345 0.507937 0.519274 0.514739 0.535147 0.530612 0.557823 0.530612 0.564626 0.526077 0.564626 0.519274 0.571429 0.510204 0.555556 0.485261
0 0.471655 0.471655 0.467120 0.485261 0.455782 0.498866 0.460317 0.514739 0.478458 0.523810 0.505669 0.521542 0.507937 0.517007 0.496599 0.510204 0.487528 0.496599 0.487528 0.480726 0.492063 0.476190 0.485261 0.471655
0 0.535147 0.478458 0.530612 0.478458 0.526077 0.471655 0.507937 0.480726 0.494331 0.478458 0.489796 0.480726 0.489796 0.496599 0.496599 0.507937 0.507937 0.514739 0.517007 0.514739 0.526077 0.507937 0.526077 0.494331 0.532880 0.487528