0 0.458050 0.537415 0.458050 0.541950 0.446712 0.553288 0.442177 0.553288 0.417234 0.571429 0.414966 0.589569 0.421769 0.596372 0.419501 0.605442 0.439909 0.605442 0.464853 0.589569 0.471655 0.573696 0.469388 0.557823 0.473923 0.553288
0 0.603175 0.564626 0.607710 0.616780 0.605442 0.628118 0.589569 0.648526 0.596372 0.648526 0.614512 0.666667 0.623583 0.668934 0.637188 0.682540 0.653061 0.691610 0.678005 0.691610 0.693878 0.687075 0.705215 0.671202 0.705215 0.646259 0.684807 0.607710 0.643991 0.569161 0.625850 0.562358
0 0.396825 0.498866 0.385488 0.496599 0.374150 0.487528 0.367347 0.489796 0.344671 0.464853 0.324263 0.451247 0.287982 0.453515 0.244898 0.480726 0.238095 0.494331 0.238095 0.505669 0.229025 0.512472 0.210884 0.539683 0.208617 0.557823 0.222222 0.571429 0.240363 0.569161 0.251701 0.578231 0.265306 0.580499 0.283447 0.562358 0.310658 0.553288 0.319728 0.544218 0.344671 0.532880 0.356009 0.510204
0 0.786848 0.224490 0.768707 0.208617 0.741497 0.208617 0.718821 0.217687 0.707483 0.217687 0.682540 0.229025 0.666667 0.247166 0.641723 0.267574 0.616780 0.308390 0.605442 0.335601 0.609977 0.362812 0.600907 0.383220 0.566893 0.421769 0.546485 0.424036 0.553288 0.424036 0.564626 0.433107 0.573696 0.433107 0.575964 0.428571 0.585034 0.426304 0.594104 0.417234 0.605442 0.412698 0.603175 0.408163 0.632653 0.385488 0.646259 0.383220 0.664399 0.390023 0.684807 0.390023 0.693878 0.385488 0.707483 0.385488 0.732426 0.374150 0.773243 0.326531 0.782313 0.308390 0.784580 0.290249 0.791383 0.278912 0.791383 0.233560
0 0.501134 0.566893 0.507937 0.589569 0.512472 0.659864 0.507937 0.673469 0.482993 0.696145 0.473923 0.712018 0.473923 0.773243 0.478458 0.782313 0.480726 0.802721 0.492063 0.816327 0.487528 0.827664 0.498866 0.845805 0.507937 0.873016 0.523810 0.884354 0.544218 0.884354 0.564626 0.875283 0.598639 0.843537 0.598639 0.834467 0.605442 0.820862 0.600907 0.752834 0.582766 0.691610 0.546485 0.666667 0.532880 0.653061 0.526077 0.637188 0.528345 0.623583 0.523810 0.609977 0.519274 0.607710 0.514739 0.582766
0 0.269841 0.138322 0.260771 0.147392 0.251701 0.174603 0.253968 0.219955 0.258503 0.226757 0.265306 0.260771 0.278912 0.283447 0.283447 0.301587 0.333333 0.351474 0.383220 0.353741 0.396825 0.360544 0.414966 0.378685 0.442177 0.417234 0.464853 0.433107 0.464853 0.437642 0.480726 0.428571 0.469388 0.426304 0.460317 0.417234 0.424036 0.362812 0.410431 0.335601 0.410431 0.312925 0.421769 0.281179 0.421769 0.265306 0.408163 0.240363 0.403628 0.222222 0.369615 0.183673 0.362812 0.170068 0.344671 0.154195 0.331066 0.147392 0.315193 0.147392 0.297052 0.133787 0.278912 0.133787
0 0.902494 0.473923 0.893424 0.455782 0.884354 0.446712 0.866213 0.437642 0.807256 0.421769 0.750567 0.421769 0.730159 0.426304 0.696145 0.426304 0.675737 0.437642 0.662132 0.435374 0.646259 0.458050 0.603175 0.478458 0.582766 0.478458 0.571429 0.496599 0.612245 0.498866 0.625850 0.505669 0.650794 0.537415 0.673469 0.546485 0.696145 0.544218 0.716553 0.553288 0.723356 0.548753 0.757370 0.544218 0.764172 0.539683 0.777778 0.541950 0.789116 0.537415 0.823129 0.537415 0.859410 0.521542 0.866213 0.521542 0.897959 0.498866
0 0.442177 0.510204 0.430839 0.523810 0.392290 0.548753 0.374150 0.551020 0.358277 0.541950 0.342404 0.541950 0.337868 0.537415 0.319728 0.546485 0.310658 0.555556 0.283447 0.564626 0.265306 0.582766 0.267574 0.587302 0.247166 0.609977 0.240363 0.625850 0.235828 0.664399 0.231293 0.671202 0.231293 0.698413 0.235828 0.707483 0.249433 0.716553 0.276644 0.714286 0.283447 0.709751 0.303855 0.709751 0.321995 0.696145 0.335601 0.673469 0.358277 0.662132 0.385488 0.634921 0.401361 0.632653 0.408163 0.625850 0.412698 0.607710 0.419501 0.603175 0.419501 0.596372 0.412698 0.589569 0.414966 0.571429 0.455782 0.541950 0.455782 0.532880 0.442177 0.517007
0 0.517007 0.201814 0.503401 0.201814 0.473923 0.217687 0.453515 0.240363 0.448980 0.269841 0.448980 0.297052 0.460317 0.324263 0.460317 0.356009 0.464853 0.362812 0.464853 0.378685 0.473923 0.387755 0.480726 0.387755 0.492063 0.396825 0.496599 0.405896 0.496599 0.428571 0.489796 0.430839 0.505669 0.444444 0.507937 0.439909 0.514739 0.442177 0.528345 0.430839 0.519274 0.424036 0.519274 0.401361 0.523810 0.390023 0.546485 0.371882 0.544218 0.351474 0.560091 0.326531 0.560091 0.251701 0.544218 0.226757
0 0.609977 0.410431 0.585034 0.428571 0.575964 0.430839 0.573696 0.435374 0.566893 0.435374 0.575964 0.437642 0.587302 0.448980 0.587302 0.458050 0.578231 0.476190 0.580499 0.478458 0.603175 0.476190 0.637188 0.460317 0.628118 0.428571
0 0.519274 0.510204 0.510204 0.519274 0.501134 0.537415 0.503401 0.566893 0.517007 0.582766 0.521542 0.607710 0.526077 0.609977 0.530612 0.625850 0.551020 0.639456 0.557823 0.639456 0.573696 0.648526 0.585034 0.648526 0.596372 0.639456 0.603175 0.628118 0.603175 0.562358 0.585034 0.535147 0.541950 0.512472 0.541950 0.505669
0 0.351474 0.455782 0.356009 0.471655 0.367347 0.482993 0.399093 0.498866 0.394558 0.501134 0.451247 0.503401 0.469388 0.482993 0.473923 0.482993 0.482993 0.473923 0.482993 0.460317 0.462585 0.439909 0.442177 0.437642 0.424036 0.426304 0.383220 0.426304 0.369615 0.433107
0 0.544218 0.424036 0.530612 0.426304 0.530612 0.430839 0.519274 0.439909 0.519274 0.446712 0.528345 0.462585 0.526077 0.487528 0.532880 0.503401 0.569161 0.496599 0.578231 0.480726 0.575964 0.476190 0.585034 0.458050 0.585034 0.448980 0.575964 0.439909
0 0.485261 0.476190 0.469388 0.485261 0.444444 0.510204 0.444444 0.517007 0.471655 0.551020 0.489796 0.544218 0.498866 0.546485 0.498866 0.537415 0.507937 0.519274 0.517007 0.512472 0.498866 0.510204 0.492063 0.505669
0 0.464853 0.439909 0.485261 0.460317 0.487528 0.480726 0.494331 0.467120 0.526077 0.467120 0.523810 0.455782 0.517007 0.446712 0.519274 0.442177 0.507937 0.442177 0.510204 0.444444 0.505669 0.446712 0.482993 0.428571
0 0.494331 0.469388 0.487528 0.482993 0.494331 0.505669 0.530612 0.507937 0.523810 0.487528 0.523810 0.471655