0 0.403628 0.487528 0.385488 0.496599 0.371882 0.510204 0.367347 0.526077 0.371882 0.539683 0.383220 0.551020 0.396825 0.555556 0.419501 0.555556 0.430839 0.546485 0.435374 0.532880 0.442177 0.528345 0.428571 0.521542 0.414966 0.521542 0.405896 0.514739
0 0.650794 0.412698 0.641723 0.412698 0.639456 0.417234 0.621315 0.424036 0.609977 0.419501 0.607710 0.430839 0.603175 0.435374 0.598639 0.430839 0.607710 0.444444 0.607710 0.455782 0.603175 0.467120 0.591837 0.478458 0.591837 0.482993 0.609977 0.478458 0.632653 0.489796 0.650794 0.473923
0 0.510204 0.414966 0.510204 0.435374 0.523810 0.462585 0.539683 0.435374 0.530612 0.424036
0 0.306122 0.360544 0.308390 0.385488 0.319728 0.405896 0.340136 0.428571 0.358277 0.439909 0.376417 0.446712 0.387755 0.446712 0.403628 0.439909 0.417234 0.428571 0.428571 0.426304 0.467120 0.448980 0.480726 0.462585 0.480726 0.467120 0.476190 0.469388 0.498866 0.482993 0.501134 0.464853 0.496599 0.464853 0.487528 0.453515 0.471655 0.446712 0.444444 0.421769 0.435374 0.408163 0.435374 0.385488 0.426304 0.374150 0.424036 0.365079 0.399093 0.342404 0.369615 0.333333 0.340136 0.333333 0.321995 0.340136
0 0.530612 0.537415 0.535147 0.569161 0.541950 0.578231 0.544218 0.603175 0.539683 0.609977 0.526077 0.616780 0.505669 0.641723 0.505669 0.698413 0.526077 0.741497 0.546485 0.757370 0.562358 0.757370 0.582766 0.743764 0.596372 0.721088 0.600907 0.698413 0.596372 0.693878 0.596372 0.687075 0.600907 0.682540 0.600907 0.659864 0.585034 0.616780 0.557823 0.600907 0.541950 0.562358 0.541950 0.541950
0 0.662132 0.274376 0.639456 0.272109 0.619048 0.281179 0.603175 0.297052 0.587302 0.321995 0.580499 0.346939 0.589569 0.369615 0.591837 0.390023 0.575964 0.421769 0.562358 0.433107 0.571429 0.428571 0.585034 0.428571 0.598639 0.412698 0.614512 0.403628 0.653061 0.412698 0.650794 0.410431 0.666667 0.399093 0.675737 0.380952 0.689342 0.367347 0.696145 0.351474 0.698413 0.319728 0.678005 0.287982
0 0.501134 0.510204 0.489796 0.519274 0.480726 0.535147 0.433107 0.571429 0.405896 0.573696 0.396825 0.569161 0.380952 0.569161 0.344671 0.587302 0.299320 0.632653 0.281179 0.668934 0.281179 0.693878 0.285714 0.702948 0.303855 0.716553 0.324263 0.716553 0.344671 0.707483 0.362812 0.705215 0.403628 0.675737 0.414966 0.671202 0.451247 0.625850 0.451247 0.589569 0.460317 0.573696 0.471655 0.564626 0.471655 0.557823 0.485261 0.541950 0.485261 0.537415 0.498866 0.526077 0.505669 0.526077 0.505669 0.517007
0 0.562358 0.505669 0.564626 0.521542 0.578231 0.519274 0.607710 0.530612 0.619048 0.541950 0.630385 0.566893 0.662132 0.585034 0.689342 0.589569 0.718821 0.589569 0.743764 0.582766 0.757370 0.569161 0.755102 0.539683 0.743764 0.526077 0.705215 0.501134 0.671202 0.494331 0.639456 0.496599 0.614512 0.512472 0.578231 0.510204 0.571429 0.503401
0 0.437642 0.258503 0.428571 0.265306 0.424036 0.274376 0.414966 0.319728 0.421769 0.360544 0.439909 0.387755 0.439909 0.394558 0.453515 0.408163 0.478458 0.412698 0.492063 0.424036 0.492063 0.430839 0.498866 0.439909 0.498866 0.462585 0.519274 0.464853 0.521542 0.460317 0.507937 0.435374 0.507937 0.414966 0.514739 0.403628 0.517007 0.387755 0.510204 0.328798 0.487528 0.283447 0.471655 0.265306 0.453515 0.256236
0 0.512472 0.517007 0.505669 0.519274 0.505669 0.528345 0.498866 0.528345 0.487528 0.537415 0.487528 0.541950 0.473923 0.557823 0.473923 0.571429 0.464853 0.580499 0.460317 0.591837 0.458050 0.632653 0.476190 0.650794 0.482993 0.650794 0.501134 0.639456 0.523810 0.603175 0.528345 0.587302 0.535147 0.580499 0.530612 0.560091 0.530612 0.535147
0 0.405896 0.487528 0.405896 0.510204 0.410431 0.517007 0.428571 0.519274 0.453515 0.528345 0.469388 0.523810 0.482993 0.526077 0.498866 0.510204 0.501134 0.503401 0.498866 0.485261 0.487528 0.476190 0.469388 0.469388 0.433107 0.471655 0.412698 0.480726
0 0.603175 0.439909 0.591837 0.428571 0.539683 0.437642 0.526077 0.462585 0.521542 0.464853 0.521542 0.473923 0.530612 0.492063 0.544218 0.498866 0.555556 0.498866 0.557823 0.503401 0.569161 0.501134 0.589569 0.485261 0.589569 0.478458 0.600907 0.467120 0.605442 0.455782
0 0.535147 0.494331 0.535147 0.510204 0.517007 0.519274 0.528345 0.532880 0.544218 0.541950 0.560091 0.537415 0.564626 0.523810 0.560091 0.505669 0.555556 0.501134 0.544218 0.501134
0 0.501134 0.467120 0.503401 0.492063 0.514739 0.480726 0.528345 0.492063 0.519274 0.473923 0.519274 0.467120
0 0.514739 0.482993 0.503401 0.494331 0.501134 0.507937 0.505669 0.514739 0.519274 0.517007 0.532880 0.510204 0.532880 0.494331 0.523810 0.492063