0 0.367347 0.419501 0.367347 0.444444 0.371882 0.451247 0.367347 0.455782 0.405896 0.462585 0.421769 0.473923 0.437642 0.469388 0.446712 0.478458 0.446712 0.482993 0.462585 0.498866 0.464853 0.492063 0.467120 0.498866 0.467120 0.478458 0.462585 0.473923 0.455782 0.478458 0.446712 0.469388 0.448980 0.437642 0.428571 0.410431 0.387755 0.405896
0 0.430839 0.639456 0.408163 0.634921 0.394558 0.637188 0.385488 0.641723 0.367347 0.671202 0.362812 0.691610 0.367347 0.736961 0.371882 0.743764 0.387755 0.752834 0.390023 0.730159 0.408163 0.675737
0 0.551020 0.299320 0.539683 0.306122 0.517007 0.328798 0.501134 0.371882 0.505669 0.394558 0.530612 0.419501 0.526077 0.439909 0.532880 0.448980 0.537415 0.444444 0.541950 0.428571 0.553288 0.419501 0.564626 0.394558 0.566893 0.378685 0.575964 0.362812 0.575964 0.349206 0.555556 0.317460
0 0.746032 0.392290 0.727891 0.392290 0.709751 0.401361 0.689342 0.399093 0.700680 0.412698 0.700680 0.439909 0.687075 0.469388 0.657596 0.505669 0.666667 0.505669 0.698413 0.526077 0.725624 0.537415 0.748299 0.535147 0.782313 0.514739 0.786848 0.494331 0.786848 0.458050 0.775510 0.439909 0.764172 0.408163 0.757370 0.399093
0 0.122449 0.480726 0.124717 0.496599 0.136054 0.512472 0.185941 0.541950 0.204082 0.548753 0.224490 0.548753 0.240363 0.560091 0.265306 0.560091 0.272109 0.555556 0.299320 0.551020 0.308390 0.546485 0.326531 0.526077 0.333333 0.523810 0.331066 0.510204 0.326531 0.510204 0.315193 0.494331 0.315193 0.482993 0.324263 0.471655 0.301587 0.448980 0.260771 0.426304 0.199546 0.421769 0.165533 0.428571 0.151927 0.435374 0.136054 0.451247
0 0.555556 0.643991 0.560091 0.646259 0.582766 0.689342 0.582766 0.702948 0.566893 0.743764 0.564626 0.764172 0.578231 0.786848 0.580499 0.809524 0.591837 0.832200 0.650794 0.895692 0.714286 0.925170 0.734694 0.925170 0.746032 0.920635 0.761905 0.900227 0.770975 0.877551 0.768707 0.829932 0.761905 0.818594 0.761905 0.807256 0.752834 0.786848 0.732426 0.752834 0.691610 0.709751 0.662132 0.696145 0.625850 0.693878 0.612245 0.680272 0.609977 0.671202 0.598639 0.662132 0.589569 0.643991
0 0.691610 0.111111 0.673469 0.111111 0.637188 0.126984 0.603175 0.160998 0.571429 0.215420 0.566893 0.238095 0.555556 0.263039 0.555556 0.294785 0.551020 0.294785 0.555556 0.312925 0.578231 0.349206 0.578231 0.362812 0.569161 0.378685 0.562358 0.405896 0.555556 0.414966 0.557823 0.424036 0.546485 0.444444 0.532880 0.458050 0.539683 0.467120 0.582766 0.424036 0.591837 0.408163 0.614512 0.392290 0.616780 0.380952 0.625850 0.371882 0.657596 0.362812 0.680272 0.346939 0.693878 0.326531 0.696145 0.315193 0.712018 0.297052 0.721088 0.278912 0.727891 0.251701 0.741497 0.222222 0.743764 0.183673 0.734694 0.151927 0.712018 0.122449
0 0.448980 0.566893 0.412698 0.569161 0.390023 0.585034 0.378685 0.585034 0.365079 0.591837 0.340136 0.596372 0.312925 0.589569 0.287982 0.578231 0.238095 0.580499 0.229025 0.585034 0.213152 0.585034 0.206349 0.589569 0.179138 0.594104 0.160998 0.605442 0.147392 0.607710 0.099773 0.639456 0.083900 0.662132 0.081633 0.689342 0.097506 0.707483 0.160998 0.730159 0.183673 0.732426 0.213152 0.727891 0.247166 0.727891 0.274376 0.714286 0.287982 0.712018 0.344671 0.673469 0.353741 0.659864 0.353741 0.643991 0.358277 0.632653 0.376417 0.614512 0.421769 0.594104 0.446712 0.575964
0 0.609977 0.569161 0.616780 0.594104 0.639456 0.603175 0.655329 0.619048 0.664399 0.650794 0.691610 0.678005 0.723356 0.687075 0.766440 0.709751 0.782313 0.709751 0.839002 0.732426 0.891156 0.730159 0.904762 0.721088 0.909297 0.705215 0.904762 0.698413 0.900227 0.668934 0.891156 0.659864 0.891156 0.648526 0.868481 0.623583 0.850340 0.612245 0.811791 0.596372 0.798186 0.587302 0.773243 0.589569 0.741497 0.573696 0.689342 0.573696 0.671202 0.580499 0.639456 0.580499 0.628118 0.573696 0.616780 0.573696
0 0.371882 0.124717 0.360544 0.133787 0.349206 0.154195 0.349206 0.170068 0.342404 0.188209 0.342404 0.210884 0.346939 0.217687 0.360544 0.287982 0.374150 0.312925 0.374150 0.328798 0.383220 0.342404 0.401361 0.358277 0.412698 0.376417 0.430839 0.383220 0.444444 0.396825 0.458050 0.426304 0.464853 0.451247 0.480726 0.421769 0.476190 0.417234 0.473923 0.380952 0.492063 0.342404 0.492063 0.301587 0.482993 0.272109 0.480726 0.240363 0.462585 0.192744 0.439909 0.154195 0.414966 0.129252 0.392290 0.122449
0 0.501134 0.600907 0.487528 0.607710 0.467120 0.600907 0.464853 0.612245 0.451247 0.628118 0.428571 0.643991 0.403628 0.693878 0.396825 0.723356 0.392290 0.730159 0.390023 0.755102 0.410431 0.814059 0.426304 0.825397 0.442177 0.823129 0.464853 0.809524 0.469388 0.798186 0.478458 0.789116 0.498866 0.741497 0.498866 0.721088 0.512472 0.693878 0.512472 0.682540 0.505669 0.673469 0.507937 0.650794 0.496599 0.616780 0.496599 0.607710
0 0.689342 0.401361 0.678005 0.396825 0.632653 0.394558 0.625850 0.399093 0.619048 0.399093 0.614512 0.394558 0.594104 0.408163 0.566893 0.444444 0.541950 0.464853 0.537415 0.485261 0.523810 0.501134 0.546485 0.501134 0.566893 0.507937 0.573696 0.514739 0.571429 0.532880 0.575964 0.528345 0.609977 0.526077 0.655329 0.505669 0.684807 0.469388 0.698413 0.439909 0.698413 0.412698
0 0.317460 0.482993 0.317460 0.494331 0.324263 0.505669 0.333333 0.510204 0.333333 0.526077 0.344671 0.541950 0.362812 0.557823 0.387755 0.569161 0.399093 0.569161 0.401361 0.573696 0.412698 0.566893 0.451247 0.564626 0.455782 0.544218 0.471655 0.535147 0.471655 0.528345 0.464853 0.519274 0.464853 0.494331 0.462585 0.501134 0.448980 0.485261 0.437642 0.485261 0.412698 0.467120 0.369615 0.458050 0.337868 0.464853 0.326531 0.471655
0 0.523810 0.560091 0.512472 0.591837 0.505669 0.596372 0.505669 0.600907 0.530612 0.630385 0.555556 0.641723 0.591837 0.641723 0.607710 0.632653 0.612245 0.623583 0.614512 0.603175 0.619048 0.598639 0.614512 0.594104 0.612245 0.578231 0.605442 0.569161 0.582766 0.557823 0.566893 0.544218 0.541950 0.557823
0 0.494331 0.408163 0.485261 0.414966 0.478458 0.426304 0.476190 0.437642 0.464853 0.453515 0.462585 0.471655 0.469388 0.478458 0.467120 0.501134 0.480726 0.501134 0.496599 0.517007 0.510204 0.519274 0.512472 0.510204 0.519274 0.503401 0.523810 0.503401 0.521542 0.501134 0.535147 0.485261 0.537415 0.467120 0.530612 0.458050 0.532880 0.451247 0.526077 0.444444 0.523810 0.433107 0.503401 0.410431
0 0.469388 0.537415 0.458050 0.544218 0.451247 0.569161 0.460317 0.591837 0.467120 0.598639 0.487528 0.605442 0.510204 0.591837 0.514739 0.573696 0.521542 0.562358 0.498866 0.560091 0.492063 0.548753 0.482993 0.546485 0.485261 0.544218 0.480726 0.539683
0 0.469388 0.503401 0.467120 0.519274 0.473923 0.528345 0.473923 0.535147 0.480726 0.537415 0.487528 0.546485 0.498866 0.539683 0.505669 0.521542 0.496599 0.519274 0.480726 0.503401
0 0.507937 0.521542 0.501134 0.539683 0.489796 0.546485 0.498866 0.557823 0.521542 0.560091 0.528345 0.546485 0.528345 0.535147 0.521542 0.526077