0 0.557823 0.519274 0.557823 0.523810 0.562358 0.521542 0.564626 0.526077 0.578231 0.528345 0.585034 0.535147 0.596372 0.562358 0.621315 0.580499 0.630385 0.582766 0.639456 0.573696 0.648526 0.571429 0.609977 0.553288 0.605442 0.546485 0.605442 0.532880 0.594104 0.519274
0 0.507937 0.249433 0.494331 0.258503 0.471655 0.285714 0.503401 0.349206 0.503401 0.401361 0.507937 0.405896 0.507937 0.428571 0.503401 0.446712 0.510204 0.439909 0.521542 0.437642 0.512472 0.430839 0.519274 0.371882 0.526077 0.365079 0.551020 0.358277 0.560091 0.349206 0.566893 0.326531 0.566893 0.297052 0.560091 0.278912 0.535147 0.251701
0 0.464853 0.569161 0.464853 0.573696 0.458050 0.580499 0.448980 0.575964 0.435374 0.575964 0.410431 0.589569 0.385488 0.625850 0.385488 0.680272 0.394558 0.696145 0.405896 0.707483 0.419501 0.714286 0.455782 0.714286 0.467120 0.705215 0.480726 0.700680 0.494331 0.684807 0.505669 0.655329 0.517007 0.646259 0.498866 0.637188 0.489796 0.628118 0.473923 0.594104 0.469388 0.591837
0 0.798186 0.410431 0.786848 0.392290 0.761905 0.380952 0.730159 0.380952 0.705215 0.390023 0.696145 0.390023 0.689342 0.396825 0.673469 0.403628 0.659864 0.417234 0.650794 0.446712 0.639456 0.460317 0.619048 0.471655 0.600907 0.476190 0.587302 0.473923 0.580499 0.480726 0.571429 0.480726 0.571429 0.487528 0.591837 0.482993 0.619048 0.482993 0.643991 0.476190 0.662132 0.478458 0.666667 0.485261 0.675737 0.473923 0.687075 0.473923 0.702948 0.485261 0.727891 0.489796 0.736961 0.496599 0.759637 0.496599 0.780045 0.487528 0.807256 0.458050 0.804989 0.437642 0.798186 0.426304
0 0.253968 0.399093 0.256236 0.412698 0.265306 0.421769 0.283447 0.428571 0.303855 0.426304 0.319728 0.417234 0.328798 0.390023 0.362812 0.399093 0.376417 0.408163 0.403628 0.405896 0.408163 0.401361 0.417234 0.412698 0.433107 0.414966 0.426304 0.426304 0.428571 0.442177 0.435374 0.451247 0.448980 0.455782 0.462585 0.444444 0.462585 0.437642 0.446712 0.421769 0.424036 0.376417 0.408163 0.360544 0.396825 0.360544 0.390023 0.356009 0.358277 0.358277 0.340136 0.353741 0.331066 0.358277 0.294785 0.362812 0.278912 0.369615 0.258503 0.390023
0 0.555556 0.551020 0.562358 0.562358 0.557823 0.578231 0.564626 0.582766 0.564626 0.587302 0.587302 0.619048 0.587302 0.637188 0.580499 0.657596 0.585034 0.682540 0.609977 0.721088 0.625850 0.736961 0.671202 0.768707 0.680272 0.766440 0.696145 0.775510 0.721088 0.780045 0.743764 0.777778 0.764172 0.752834 0.768707 0.725624 0.759637 0.682540 0.725624 0.628118 0.700680 0.605442 0.668934 0.591837 0.607710 0.596372 0.582766 0.580499
0 0.693878 0.188209 0.682540 0.183673 0.662132 0.183673 0.641723 0.192744 0.628118 0.206349 0.609977 0.217687 0.596372 0.253968 0.580499 0.272109 0.573696 0.285714 0.573696 0.303855 0.589569 0.335601 0.585034 0.360544 0.560091 0.401361 0.553288 0.405896 0.539683 0.426304 0.528345 0.433107 0.564626 0.417234 0.571429 0.419501 0.569161 0.414966 0.598639 0.383220 0.609977 0.376417 0.662132 0.367347 0.696145 0.335601 0.709751 0.299320 0.718821 0.285714 0.723356 0.253968 0.718821 0.219955 0.712018 0.206349
0 0.328798 0.392290 0.324263 0.414966 0.319728 0.419501 0.319728 0.446712 0.326531 0.464853 0.326531 0.476190 0.342404 0.501134 0.371882 0.528345 0.387755 0.537415 0.435374 0.535147 0.458050 0.530612 0.467120 0.541950 0.482993 0.519274 0.464853 0.519274 0.455782 0.514739 0.458050 0.489796 0.451247 0.485261 0.451247 0.478458 0.446712 0.480726 0.437642 0.471655 0.433107 0.453515 0.426304 0.442177 0.424036 0.424036 0.430839 0.414966 0.405896 0.412698 0.401361 0.408163 0.376417 0.410431 0.362812 0.401361
0 0.557823 0.498866 0.557823 0.517007 0.594104 0.517007 0.607710 0.532880 0.609977 0.551020 0.619048 0.553288 0.634921 0.564626 0.657596 0.569161 0.662132 0.573696 0.723356 0.582766 0.748299 0.582766 0.775510 0.578231 0.793651 0.566893 0.802721 0.555556 0.802721 0.539683 0.798186 0.528345 0.784580 0.512472 0.770975 0.507937 0.759637 0.498866 0.736961 0.498866 0.727891 0.492063 0.702948 0.487528 0.687075 0.476190 0.675737 0.476190 0.666667 0.487528 0.637188 0.482993 0.609977 0.501134 0.560091 0.496599
0 0.498866 0.510204 0.476190 0.528345 0.467120 0.544218 0.467120 0.578231 0.492063 0.628118 0.498866 0.634921 0.523810 0.643991 0.546485 0.625850 0.555556 0.607710 0.555556 0.575964 0.560091 0.562358 0.555556 0.557823 0.551020 0.541950 0.537415 0.526077 0.521542 0.526077 0.510204 0.510204
0 0.417234 0.265306 0.403628 0.276644 0.396825 0.303855 0.396825 0.317460 0.408163 0.340136 0.410431 0.362812 0.428571 0.376417 0.435374 0.392290 0.453515 0.412698 0.464853 0.412698 0.473923 0.417234 0.482993 0.426304 0.482993 0.437642 0.489796 0.444444 0.489796 0.451247 0.498866 0.451247 0.503401 0.444444 0.496599 0.437642 0.496599 0.421769 0.492063 0.408163 0.501134 0.401361 0.501134 0.349206 0.487528 0.326531 0.471655 0.287982 0.442177 0.265306
0 0.591837 0.424036 0.575964 0.414966 0.571429 0.421769 0.564626 0.419501 0.517007 0.439909 0.523810 0.448980 0.528345 0.448980 0.535147 0.455782 0.532880 0.467120 0.523810 0.480726 0.546485 0.478458 0.555556 0.485261 0.557823 0.494331 0.569161 0.487528 0.571429 0.478458 0.573696 0.480726 0.585034 0.476190 0.591837 0.467120 0.598639 0.442177
0 0.460317 0.446712 0.448980 0.458050 0.448980 0.476190 0.453515 0.478458 0.453515 0.485261 0.467120 0.501134 0.485261 0.507937 0.498866 0.507937 0.494331 0.487528 0.503401 0.480726 0.512472 0.480726 0.512472 0.467120 0.498866 0.453515 0.489796 0.453515 0.487528 0.448980
0 0.523810 0.482993 0.523810 0.487528 0.528345 0.489796 0.528345 0.503401 0.514739 0.512472 0.521542 0.523810 0.539683 0.526077 0.555556 0.521542 0.557823 0.496599 0.553288 0.485261 0.546485 0.480726
0 0.510204 0.442177 0.501134 0.453515 0.514739 0.467120 0.514739 0.473923 0.519274 0.476190 0.521542 0.485261 0.521542 0.478458 0.530612 0.467120 0.532880 0.455782 0.514739 0.442177
0 0.517007 0.476190 0.512472 0.482993 0.503401 0.482993 0.496599 0.487528 0.501134 0.507937 0.514739 0.510204 0.526077 0.503401 0.526077 0.489796 0.519274 0.485261