0 0.387755 0.487528 0.367347 0.514739 0.369615 0.535147 0.376417 0.544218 0.387755 0.551020 0.414966 0.553288 0.430839 0.541950 0.437642 0.526077 0.433107 0.521542 0.392290 0.510204 0.387755 0.505669
0 0.643991 0.410431 0.634921 0.410431 0.623583 0.419501 0.616780 0.419501 0.614512 0.412698 0.607710 0.410431 0.600907 0.419501 0.596372 0.419501 0.605442 0.433107 0.605442 0.448980 0.594104 0.473923 0.607710 0.473923 0.625850 0.485261 0.632653 0.473923 0.650794 0.460317 0.655329 0.448980 0.655329 0.424036 0.650794 0.414966
0 0.517007 0.414966 0.505669 0.419501 0.505669 0.426304 0.521542 0.458050 0.528345 0.448980 0.537415 0.444444 0.537415 0.430839 0.523810 0.417234
0 0.308390 0.344671 0.299320 0.362812 0.299320 0.371882 0.315193 0.401361 0.340136 0.428571 0.367347 0.442177 0.385488 0.444444 0.399093 0.437642 0.410431 0.426304 0.426304 0.424036 0.460317 0.442177 0.503401 0.482993 0.498866 0.469388 0.492063 0.464853 0.487528 0.455782 0.435374 0.412698 0.430839 0.403628 0.433107 0.390023 0.410431 0.367347 0.399093 0.344671 0.392290 0.340136 0.383220 0.340136 0.374150 0.333333 0.333333 0.333333 0.317460 0.337868
0 0.532880 0.537415 0.530612 0.553288 0.539683 0.580499 0.539683 0.598639 0.535147 0.607710 0.510204 0.628118 0.503401 0.641723 0.503401 0.698413 0.523810 0.741497 0.541950 0.755102 0.562358 0.755102 0.580499 0.741497 0.591837 0.721088 0.598639 0.693878 0.596372 0.641723 0.585034 0.616780 0.566893 0.607710 0.553288 0.594104 0.537415 0.553288 0.537415 0.539683
0 0.657596 0.265306 0.637188 0.265306 0.612245 0.276644 0.582766 0.317460 0.578231 0.340136 0.589569 0.380952 0.578231 0.408163 0.569161 0.419501 0.587302 0.417234 0.598639 0.403628 0.609977 0.399093 0.643991 0.399093 0.646259 0.403628 0.664399 0.394558 0.675737 0.374150 0.687075 0.362812 0.696145 0.337868 0.696145 0.310658 0.693878 0.303855 0.678005 0.292517
0 0.498866 0.510204 0.489796 0.514739 0.487528 0.523810 0.478458 0.528345 0.444444 0.560091 0.426304 0.569161 0.405896 0.573696 0.396825 0.566893 0.371882 0.566893 0.362812 0.573696 0.342404 0.580499 0.301587 0.619048 0.276644 0.666667 0.276644 0.682540 0.283447 0.702948 0.299320 0.714286 0.317460 0.714286 0.335601 0.705215 0.346939 0.705215 0.367347 0.696145 0.408163 0.671202 0.437642 0.639456 0.437642 0.632653 0.446712 0.616780 0.446712 0.585034 0.460317 0.569161 0.462585 0.555556 0.482993 0.532880 0.489796 0.532880 0.501134 0.519274
0 0.562358 0.503401 0.566893 0.519274 0.580499 0.517007 0.612245 0.528345 0.623583 0.539683 0.632653 0.560091 0.639456 0.566893 0.664399 0.578231 0.709751 0.578231 0.725624 0.573696 0.746032 0.560091 0.752834 0.539683 0.752834 0.526077 0.743764 0.510204 0.721088 0.494331 0.700680 0.485261 0.664399 0.482993 0.655329 0.487528 0.643991 0.487528 0.621315 0.507937
0 0.399093 0.260771 0.387755 0.274376 0.387755 0.324263 0.392290 0.337868 0.405896 0.349206 0.412698 0.367347 0.435374 0.390023 0.435374 0.394558 0.471655 0.399093 0.485261 0.410431 0.487528 0.424036 0.496599 0.442177 0.498866 0.467120 0.512472 0.464853 0.519274 0.460317 0.519274 0.453515 0.505669 0.435374 0.503401 0.417234 0.498866 0.414966 0.503401 0.369615 0.494331 0.353741 0.487528 0.328798 0.455782 0.285714 0.435374 0.267574 0.414966 0.256236
0 0.517007 0.519274 0.510204 0.519274 0.510204 0.526077 0.503401 0.532880 0.482993 0.535147 0.464853 0.555556 0.464853 0.573696 0.458050 0.578231 0.448980 0.594104 0.448980 0.616780 0.439909 0.632653 0.439909 0.641723 0.453515 0.653061 0.467120 0.653061 0.476190 0.648526 0.510204 0.609977 0.512472 0.596372 0.523810 0.575964 0.521542 0.564626 0.526077 0.557823 0.526077 0.546485 0.519274 0.535147 0.521542 0.528345
0 0.505669 0.485261 0.501134 0.485261 0.496599 0.478458 0.489796 0.480726 0.476190 0.467120 0.467120 0.469388 0.455782 0.462585 0.424036 0.467120 0.401361 0.478458 0.390023 0.489796 0.390023 0.505669 0.401361 0.512472 0.433107 0.519274 0.437642 0.523810 0.473923 0.519274 0.487528 0.512472 0.492063 0.505669 0.492063 0.496599 0.505669 0.489796
0 0.596372 0.421769 0.575964 0.419501 0.541950 0.430839 0.539683 0.444444 0.517007 0.462585 0.523810 0.471655 0.523810 0.482993 0.546485 0.494331 0.553288 0.494331 0.562358 0.501134 0.566893 0.492063 0.587302 0.480726 0.603175 0.448980 0.603175 0.433107
0 0.528345 0.487528 0.519274 0.501134 0.517007 0.512472 0.521542 0.526077 0.539683 0.539683 0.564626 0.537415 0.566893 0.521542 0.560091 0.501134
0 0.517007 0.464853 0.501134 0.469388 0.501134 0.476190 0.507937 0.485261 0.521542 0.482993 0.521542 0.471655
0 0.523810 0.485261 0.512472 0.485261 0.505669 0.492063 0.501134 0.492063 0.498866 0.507937 0.505669 0.519274 0.514739 0.517007 0.517007 0.501134 0.526077 0.489796