0 0.344671 0.476190 0.344671 0.496599 0.353741 0.512472 0.369615 0.523810 0.380952 0.523810 0.387755 0.528345 0.403628 0.526077 0.426304 0.498866 0.444444 0.498866 0.455782 0.494331 0.439909 0.494331 0.424036 0.482993 0.424036 0.467120 0.410431 0.455782 0.412698 0.451247 0.401361 0.451247 0.383220 0.442177 0.376417 0.451247 0.353741 0.460317
0 0.666667 0.517007 0.662132 0.492063 0.639456 0.476190 0.625850 0.478458 0.596372 0.492063 0.582766 0.492063 0.564626 0.485261 0.519274 0.489796 0.535147 0.496599 0.537415 0.492063 0.557823 0.492063 0.562358 0.496599 0.578231 0.501134 0.585034 0.507937 0.591837 0.532880 0.603175 0.541950 0.643991 0.541950 0.659864 0.528345
0 0.464853 0.414966 0.464853 0.430839 0.489796 0.428571 0.498866 0.442177 0.503401 0.442177 0.501134 0.424036 0.494331 0.419501 0.496599 0.412698 0.492063 0.408163 0.473923 0.408163
0 0.496599 0.519274 0.478458 0.557823 0.464853 0.569161 0.455782 0.569161 0.435374 0.578231 0.421769 0.594104 0.419501 0.662132 0.421769 0.668934 0.439909 0.687075 0.455782 0.687075 0.496599 0.664399 0.507937 0.648526 0.517007 0.616780 0.517007 0.605442 0.510204 0.589569 0.485261 0.564626 0.487528 0.555556 0.494331 0.548753
0 0.517007 0.319728 0.503401 0.319728 0.489796 0.328798 0.482993 0.337868 0.480726 0.349206 0.480726 0.380952 0.487528 0.394558 0.505669 0.408163 0.503401 0.439909 0.507937 0.451247 0.510204 0.433107 0.517007 0.421769 0.539683 0.410431 0.555556 0.390023 0.555556 0.351474 0.532880 0.324263
0 0.365079 0.387755 0.362812 0.414966 0.378685 0.439909 0.414966 0.451247 0.437642 0.448980 0.442177 0.453515 0.451247 0.453515 0.476190 0.471655 0.471655 0.458050 0.464853 0.455782 0.448980 0.439909 0.444444 0.414966 0.433107 0.396825 0.410431 0.385488 0.387755 0.380952 0.371882 0.380952
0 0.498866 0.521542 0.496599 0.546485 0.512472 0.541950 0.517007 0.537415 0.517007 0.532880 0.507937 0.530612
0 0.666667 0.421769 0.650794 0.410431 0.643991 0.412698 0.639456 0.408163 0.619048 0.408163 0.600907 0.412698 0.596372 0.417234 0.575964 0.419501 0.557823 0.435374 0.553288 0.453515 0.541950 0.464853 0.514739 0.476190 0.505669 0.485261 0.519274 0.487528 0.530612 0.478458 0.557823 0.473923 0.566893 0.480726 0.566893 0.485261 0.573696 0.487528 0.605442 0.487528 0.625850 0.476190 0.632653 0.476190 0.662132 0.453515 0.666667 0.446712
0 0.496599 0.494331 0.476190 0.485261 0.467120 0.492063 0.455782 0.492063 0.458050 0.494331 0.453515 0.498866 0.439909 0.501134 0.424036 0.539683 0.424036 0.548753 0.433107 0.560091 0.458050 0.560091 0.473923 0.548753 0.489796 0.532880 0.489796 0.526077 0.498866 0.517007
0 0.505669 0.487528 0.498866 0.494331 0.498866 0.519274 0.512472 0.530612 0.541950 0.532880 0.548753 0.526077 0.548753 0.510204 0.537415 0.496599 0.535147 0.498866
0 0.482993 0.439909 0.473923 0.455782 0.478458 0.478458 0.485261 0.487528 0.498866 0.492063 0.503401 0.487528 0.503401 0.478458 0.510204 0.471655 0.510204 0.455782 0.496599 0.439909