0 0.331066 0.417234 0.290249 0.419501 0.260771 0.437642 0.238095 0.462585 0.238095 0.485261 0.258503 0.503401 0.287982 0.512472 0.324263 0.514739 0.349206 0.498866 0.353741 0.501134 0.331066 0.482993 0.317460 0.462585 0.317460 0.437642
0 0.748299 0.240363 0.730159 0.231293 0.693878 0.233560 0.693878 0.229025 0.689342 0.226757 0.666667 0.249433 0.657596 0.253968 0.630385 0.285714 0.625850 0.285714 0.612245 0.297052 0.598639 0.294785 0.600907 0.301587 0.596372 0.351474 0.571429 0.378685 0.560091 0.383220 0.564626 0.387755 0.573696 0.387755 0.589569 0.376417 0.619048 0.371882 0.643991 0.346939 0.648526 0.331066 0.668934 0.312925 0.675737 0.301587 0.714286 0.278912 0.721088 0.278912 0.739229 0.267574 0.755102 0.263039 0.750567 0.256236
0 0.480726 0.571429 0.476190 0.575964 0.467120 0.575964 0.476190 0.596372 0.476190 0.625850 0.471655 0.634921 0.444444 0.659864 0.435374 0.673469 0.428571 0.696145 0.428571 0.714286 0.433107 0.721088 0.433107 0.732426 0.442177 0.761905 0.455782 0.786848 0.464853 0.793651 0.496599 0.800454 0.517007 0.789116 0.539683 0.766440 0.544218 0.752834 0.557823 0.732426 0.560091 0.698413 0.553288 0.659864 0.546485 0.643991 0.517007 0.632653 0.496599 0.614512
0 0.244898 0.095238 0.226757 0.124717 0.229025 0.192744 0.244898 0.233560 0.244898 0.244898 0.253968 0.258503 0.294785 0.297052 0.303855 0.301587 0.342404 0.306122 0.367347 0.315193 0.403628 0.365079 0.421769 0.403628 0.428571 0.387755 0.392290 0.317460 0.392290 0.306122 0.385488 0.294785 0.390023 0.274376 0.403628 0.244898 0.403628 0.229025 0.396825 0.215420 0.394558 0.179138 0.390023 0.170068 0.358277 0.131519 0.356009 0.120181 0.283447 0.086168 0.258503 0.088435
0 0.916100 0.503401 0.913832 0.476190 0.902494 0.453515 0.886621 0.437642 0.861678 0.424036 0.827664 0.419501 0.804989 0.410431 0.770975 0.412698 0.759637 0.419501 0.725624 0.421769 0.700680 0.437642 0.684807 0.455782 0.664399 0.464853 0.632653 0.467120 0.619048 0.471655 0.564626 0.469388 0.557823 0.464853 0.537415 0.464853 0.537415 0.473923 0.551020 0.476190 0.580499 0.489796 0.582766 0.485261 0.594104 0.485261 0.603175 0.489796 0.625850 0.489796 0.666667 0.503401 0.684807 0.521542 0.693878 0.539683 0.705215 0.551020 0.723356 0.560091 0.752834 0.562358 0.773243 0.571429 0.809524 0.571429 0.868481 0.557823 0.891156 0.546485 0.907029 0.530612
0 0.755102 0.081633 0.730159 0.070295 0.596372 0.070295 0.560091 0.095238 0.557823 0.104308 0.546485 0.120181 0.544218 0.136054 0.532880 0.149660 0.523810 0.172336 0.523810 0.251701 0.537415 0.287982 0.537415 0.312925 0.526077 0.326531 0.512472 0.356009 0.503401 0.365079 0.498866 0.380952 0.523810 0.342404 0.557823 0.303855 0.578231 0.294785 0.612245 0.294785 0.625850 0.283447 0.630385 0.283447 0.657596 0.251701 0.666667 0.247166 0.689342 0.224490 0.693878 0.226757 0.750567 0.170068 0.761905 0.154195 0.766440 0.140590 0.766440 0.099773
0 0.421769 0.496599 0.414966 0.496599 0.405896 0.505669 0.387755 0.512472 0.387755 0.517007 0.351474 0.551020 0.321995 0.566893 0.292517 0.569161 0.272109 0.557823 0.226757 0.562358 0.217687 0.566893 0.201814 0.566893 0.188209 0.582766 0.160998 0.594104 0.104308 0.643991 0.077098 0.680272 0.070295 0.712018 0.086168 0.743764 0.108844 0.764172 0.133787 0.768707 0.165533 0.764172 0.235828 0.734694 0.226757 0.723356 0.224490 0.666667 0.267574 0.623583 0.303855 0.603175 0.315193 0.589569 0.328798 0.585034 0.342404 0.564626 0.365079 0.555556 0.396825 0.535147 0.412698 0.519274
0 0.521542 0.591837 0.532880 0.600907 0.532880 0.607710 0.548753 0.628118 0.560091 0.657596 0.569161 0.671202 0.571429 0.689342 0.564626 0.709751 0.564626 0.730159 0.573696 0.743764 0.575964 0.757370 0.628118 0.829932 0.637188 0.839002 0.655329 0.845805 0.693878 0.877551 0.739229 0.886621 0.750567 0.886621 0.768707 0.879819 0.789116 0.854875 0.789116 0.818594 0.777778 0.775510 0.764172 0.748299 0.748299 0.727891 0.743764 0.714286 0.721088 0.691610 0.684807 0.664399 0.637188 0.648526 0.605442 0.650794 0.594104 0.646259 0.571429 0.628118 0.571429 0.623583 0.541950 0.607710
0 0.088435 0.217687 0.074830 0.249433 0.077098 0.287982 0.088435 0.310658 0.088435 0.324263 0.095238 0.337868 0.131519 0.369615 0.136054 0.380952 0.158730 0.385488 0.174603 0.396825 0.185941 0.396825 0.210884 0.412698 0.238095 0.410431 0.249433 0.417234 0.267574 0.417234 0.278912 0.412698 0.303855 0.414966 0.321995 0.405896 0.335601 0.410431 0.340136 0.417234 0.351474 0.417234 0.365079 0.403628 0.378685 0.399093 0.367347 0.399093 0.344671 0.376417 0.335601 0.360544 0.331066 0.340136 0.315193 0.317460 0.303855 0.312925 0.276644 0.281179 0.265306 0.272109 0.256236 0.269841 0.229025 0.238095 0.199546 0.226757 0.179138 0.213152 0.151927 0.201814 0.113379 0.201814 0.097506 0.208617
0 0.845805 0.283447 0.816327 0.265306 0.757370 0.263039 0.700680 0.287982 0.675737 0.303855 0.671202 0.312925 0.650794 0.331066 0.646259 0.346939 0.619048 0.374150 0.609977 0.378685 0.609977 0.399093 0.575964 0.421769 0.573696 0.414966 0.569161 0.414966 0.564626 0.419501 0.564626 0.426304 0.551020 0.439909 0.551020 0.446712 0.555556 0.442177 0.578231 0.442177 0.589569 0.435374 0.607710 0.430839 0.678005 0.433107 0.714286 0.421769 0.775510 0.394558 0.795918 0.376417 0.825397 0.358277 0.834467 0.346939 0.850340 0.308390 0.850340 0.292517
0 0.428571 0.512472 0.424036 0.530612 0.410431 0.546485 0.403628 0.546485 0.396825 0.539683 0.387755 0.541950 0.365079 0.557823 0.342404 0.566893 0.328798 0.587302 0.315193 0.591837 0.303855 0.605442 0.267574 0.625850 0.226757 0.666667 0.229025 0.723356 0.238095 0.734694 0.276644 0.730159 0.299320 0.721088 0.326531 0.702948 0.362812 0.668934 0.371882 0.664399 0.417234 0.616780 0.435374 0.587302 0.437642 0.557823 0.442177 0.553288 0.437642 0.553288 0.430839 0.544218
0 0.505669 0.181406 0.485261 0.181406 0.473923 0.185941 0.446712 0.208617 0.435374 0.231293 0.433107 0.247166 0.421769 0.274376 0.421769 0.346939 0.439909 0.383220 0.458050 0.383220 0.471655 0.401361 0.478458 0.401361 0.487528 0.390023 0.498866 0.385488 0.496599 0.374150 0.510204 0.356009 0.523810 0.326531 0.535147 0.312925 0.535147 0.287982 0.521542 0.251701 0.521542 0.192744 0.517007 0.185941
0 0.501134 0.496599 0.507937 0.514739 0.507937 0.537415 0.498866 0.555556 0.507937 0.562358 0.521542 0.587302 0.535147 0.600907 0.575964 0.625850 0.621315 0.628118 0.637188 0.616780 0.641723 0.582766 0.634921 0.569161 0.634921 0.557823 0.616780 0.528345 0.594104 0.503401 0.585034 0.498866 0.578231 0.489796 0.544218 0.476190 0.535147 0.476190 0.521542 0.489796 0.514739 0.489796 0.503401 0.498866
0 0.380952 0.399093 0.371882 0.405896 0.365079 0.405896 0.351474 0.419501 0.331066 0.419501 0.319728 0.437642 0.319728 0.462585 0.340136 0.489796 0.353741 0.498866 0.383220 0.507937 0.385488 0.512472 0.405896 0.503401 0.414966 0.494331 0.430839 0.494331 0.433107 0.498866 0.435374 0.469388 0.433107 0.453515 0.421769 0.433107 0.421769 0.417234 0.419501 0.421769 0.410431 0.410431
0 0.546485 0.371882 0.532880 0.380952 0.517007 0.374150 0.507937 0.380952 0.501134 0.380952 0.498866 0.387755 0.487528 0.392290 0.478458 0.403628 0.476190 0.401361 0.482993 0.414966 0.492063 0.421769 0.496599 0.435374 0.521542 0.437642 0.535147 0.448980 0.535147 0.455782 0.548753 0.444444 0.548753 0.439909 0.562358 0.426304 0.562358 0.419501 0.575964 0.410431 0.569161 0.390023 0.564626 0.390023
0 0.496599 0.489796 0.482993 0.489796 0.469388 0.498866 0.462585 0.498866 0.458050 0.494331 0.435374 0.494331 0.435374 0.501134 0.428571 0.510204 0.433107 0.544218 0.437642 0.551020 0.444444 0.553288 0.444444 0.562358 0.458050 0.573696 0.476190 0.573696 0.498866 0.560091 0.496599 0.553288 0.505669 0.537415 0.505669 0.514739 0.498866 0.498866 0.503401 0.494331
0 0.458050 0.385488 0.430839 0.387755 0.421769 0.405896 0.424036 0.433107 0.435374 0.453515 0.439909 0.444444 0.458050 0.437642 0.469388 0.426304 0.489796 0.424036
0 0.498866 0.437642 0.494331 0.444444 0.496599 0.469388 0.487528 0.487528 0.507937 0.492063 0.521542 0.487528 0.535147 0.473923 0.537415 0.462585 0.532880 0.448980 0.521542 0.439909
0 0.435374 0.464853 0.437642 0.492063 0.458050 0.492063 0.462585 0.496599 0.469388 0.496599 0.473923 0.492063 0.473923 0.482993 0.455782 0.482993 0.446712 0.473923 0.446712 0.467120
0 0.492063 0.426304 0.469388 0.428571 0.458050 0.439909 0.439909 0.446712 0.435374 0.455782 0.435374 0.462585 0.446712 0.464853 0.448980 0.473923 0.455782 0.480726 0.473923 0.480726 0.476190 0.492063 0.485261 0.487528 0.494331 0.469388 0.492063 0.444444 0.496599 0.437642