0 0.428571 0.335601 0.414966 0.362812 0.408163 0.369615 0.403628 0.367347 0.410431 0.392290 0.410431 0.408163 0.414966 0.417234 0.428571 0.426304 0.448980 0.430839 0.458050 0.437642 0.462585 0.428571 0.462585 0.405896 0.453515 0.385488 0.453515 0.374150 0.435374 0.340136
0 0.526077 0.657596 0.517007 0.657596 0.514739 0.653061 0.512472 0.678005 0.503401 0.696145 0.503401 0.712018 0.496599 0.736961 0.476190 0.761905 0.494331 0.755102 0.501134 0.748299 0.503401 0.752834 0.517007 0.748299 0.539683 0.718821 0.544218 0.693878 0.539683 0.687075 0.539683 0.675737
0 0.394558 0.625850 0.376417 0.632653 0.365079 0.632653 0.326531 0.662132 0.317460 0.662132 0.297052 0.650794 0.285714 0.650794 0.274376 0.657596 0.258503 0.659864 0.231293 0.675737 0.217687 0.689342 0.197279 0.718821 0.190476 0.734694 0.210884 0.727891 0.226757 0.716553 0.260771 0.700680 0.306122 0.698413 0.349206 0.682540 0.349206 0.675737 0.356009 0.668934 0.360544 0.655329
0 0.496599 0.090703 0.458050 0.090703 0.430839 0.113379 0.401361 0.170068 0.390023 0.233560 0.390023 0.249433 0.403628 0.276644 0.401361 0.306122 0.410431 0.319728 0.437642 0.340136 0.455782 0.374150 0.455782 0.385488 0.464853 0.405896 0.464853 0.428571 0.460317 0.435374 0.464853 0.471655 0.460317 0.476190 0.467120 0.469388 0.487528 0.467120 0.482993 0.464853 0.487528 0.367347 0.505669 0.340136 0.514739 0.340136 0.532880 0.331066 0.544218 0.297052 0.562358 0.274376 0.569161 0.249433 0.566893 0.208617 0.562358 0.201814 0.562358 0.181406 0.557823 0.174603 0.555556 0.156463 0.532880 0.120181 0.514739 0.102041
0 0.489796 0.609977 0.501134 0.619048 0.507937 0.632653 0.519274 0.632653 0.526077 0.637188 0.528345 0.646259 0.546485 0.664399 0.551020 0.673469 0.594104 0.714286 0.594104 0.721088 0.612245 0.736961 0.612245 0.793651 0.634921 0.829932 0.675737 0.863946 0.709751 0.882086 0.730159 0.886621 0.746032 0.895692 0.800454 0.902494 0.820862 0.900227 0.857143 0.884354 0.888889 0.852608 0.884354 0.816327 0.870748 0.789116 0.850340 0.761905 0.836735 0.755102 0.802721 0.752834 0.782313 0.739229 0.764172 0.739229 0.761905 0.734694 0.750567 0.734694 0.748299 0.730159 0.700680 0.727891 0.687075 0.721088 0.680272 0.712018 0.655329 0.712018 0.634921 0.693878 0.609977 0.693878 0.598639 0.689342 0.562358 0.657596 0.514739 0.607710 0.505669 0.603175
0 0.129252 0.149660 0.117914 0.163265 0.117914 0.172336 0.097506 0.233560 0.106576 0.274376 0.115646 0.290249 0.117914 0.308390 0.131519 0.328798 0.136054 0.346939 0.163265 0.383220 0.167800 0.396825 0.190476 0.419501 0.201814 0.424036 0.217687 0.437642 0.263039 0.444444 0.287982 0.460317 0.301587 0.464853 0.335601 0.489796 0.369615 0.505669 0.358277 0.485261 0.358277 0.478458 0.351474 0.478458 0.335601 0.460317 0.328798 0.458050 0.308390 0.435374 0.301587 0.421769 0.301587 0.410431 0.321995 0.383220 0.310658 0.378685 0.303855 0.369615 0.285714 0.358277 0.276644 0.344671 0.272109 0.328798 0.260771 0.321995 0.235828 0.278912 0.215420 0.258503 0.204082 0.219955 0.190476 0.190476 0.190476 0.174603 0.197279 0.163265 0.170068 0.147392
0 0.920635 0.215420 0.897959 0.192744 0.873016 0.190476 0.863946 0.195011 0.843537 0.195011 0.811791 0.210884 0.786848 0.231293 0.755102 0.247166 0.741497 0.265306 0.698413 0.308390 0.682540 0.319728 0.648526 0.371882 0.643991 0.405896 0.634921 0.424036 0.614512 0.444444 0.609977 0.453515 0.564626 0.492063 0.560091 0.492063 0.560091 0.487528 0.544218 0.505669 0.523810 0.505669 0.512472 0.514739 0.548753 0.514739 0.553288 0.519274 0.564626 0.519274 0.573696 0.507937 0.600907 0.494331 0.657596 0.455782 0.689342 0.446712 0.739229 0.451247 0.761905 0.439909 0.777778 0.437642 0.798186 0.421769 0.809524 0.419501 0.823129 0.401361 0.832200 0.396825 0.850340 0.376417 0.863946 0.367347 0.868481 0.356009 0.882086 0.344671 0.911565 0.301587 0.918367 0.281179 0.922902 0.249433
0 0.428571 0.621315 0.424036 0.628118 0.419501 0.628118 0.412698 0.637188 0.405896 0.639456 0.385488 0.662132 0.380952 0.662132 0.358277 0.680272 0.335601 0.691610 0.312925 0.696145 0.306122 0.700680 0.260771 0.702948 0.226757 0.718821 0.210884 0.730159 0.190476 0.736961 0.185941 0.748299 0.120181 0.809524 0.083900 0.859410 0.077098 0.891156 0.068027 0.904762 0.065760 0.922902 0.074830 0.952381 0.079365 0.956916 0.090703 0.954649 0.097506 0.959184 0.145125 0.965986 0.156463 0.959184 0.167800 0.959184 0.188209 0.952381 0.247166 0.920635 0.263039 0.904762 0.281179 0.895692 0.303855 0.863946 0.328798 0.841270 0.335601 0.814059 0.356009 0.773243 0.353741 0.752834 0.365079 0.736961 0.365079 0.721088 0.378685 0.700680 0.383220 0.705215 0.383220 0.689342 0.399093 0.666667 0.399093 0.662132 0.414966 0.646259
0 0.555556 0.609977 0.575964 0.616780 0.591837 0.632653 0.596372 0.650794 0.607710 0.662132 0.607710 0.666667 0.616780 0.675737 0.634921 0.682540 0.634921 0.689342 0.628118 0.691610 0.639456 0.693878 0.655329 0.709751 0.680272 0.709751 0.687075 0.718821 0.700680 0.725624 0.748299 0.727891 0.750567 0.732426 0.761905 0.732426 0.764172 0.736961 0.782313 0.736961 0.802721 0.750567 0.836735 0.752834 0.845805 0.759637 0.850340 0.759637 0.850340 0.752834 0.857143 0.746032 0.870748 0.741497 0.879819 0.730159 0.882086 0.707483 0.870748 0.680272 0.854875 0.655329 0.825397 0.630385 0.773243 0.603175 0.764172 0.603175 0.752834 0.596372 0.741497 0.598639 0.707483 0.580499 0.689342 0.582766 0.678005 0.575964 0.609977 0.578231 0.607710 0.573696 0.587302 0.605442 0.573696 0.609977
0 0.206349 0.156463 0.192744 0.174603 0.192744 0.190476 0.206349 0.219955 0.213152 0.249433 0.217687 0.258503 0.238095 0.278912 0.263039 0.321995 0.274376 0.328798 0.278912 0.344671 0.287982 0.358277 0.303855 0.367347 0.310658 0.376417 0.342404 0.387755 0.351474 0.387755 0.380952 0.405896 0.390023 0.419501 0.390023 0.426304 0.394558 0.430839 0.392290 0.433107 0.401361 0.433107 0.426304 0.446712 0.433107 0.446712 0.428571 0.444444 0.426304 0.426304 0.414966 0.419501 0.408163 0.408163 0.408163 0.392290 0.401361 0.374150 0.405896 0.356009 0.405896 0.328798 0.394558 0.301587 0.394558 0.285714 0.385488 0.263039 0.374150 0.251701 0.365079 0.233560 0.342404 0.204082 0.312925 0.174603 0.260771 0.145125 0.231293 0.142857 0.219955 0.151927
0 0.399093 0.557823 0.383220 0.560091 0.374150 0.555556 0.360544 0.555556 0.335601 0.548753 0.319728 0.539683 0.292517 0.541950 0.283447 0.532880 0.247166 0.535147 0.238095 0.539683 0.206349 0.539683 0.151927 0.555556 0.131519 0.566893 0.108844 0.591837 0.099773 0.621315 0.115646 0.641723 0.140590 0.653061 0.158730 0.655329 0.165533 0.659864 0.233560 0.659864 0.269841 0.643991 0.292517 0.641723 0.301587 0.632653 0.310658 0.637188 0.331066 0.612245 0.342404 0.619048 0.340136 0.616780 0.349206 0.612245 0.353741 0.603175 0.369615 0.598639 0.380952 0.589569 0.383220 0.571429
0 0.630385 0.256236 0.607710 0.256236 0.591837 0.263039 0.573696 0.278912 0.553288 0.287982 0.544218 0.301587 0.535147 0.326531 0.535147 0.335601 0.519274 0.360544 0.519274 0.374150 0.507937 0.390023 0.505669 0.405896 0.498866 0.419501 0.501134 0.421769 0.494331 0.435374 0.494331 0.458050 0.501134 0.467120 0.498866 0.476190 0.494331 0.478458 0.505669 0.494331 0.507937 0.514739 0.523810 0.503401 0.544218 0.503401 0.557823 0.487528 0.557823 0.469388 0.600907 0.433107 0.614512 0.403628 0.628118 0.385488 0.630385 0.369615 0.643991 0.342404 0.653061 0.301587 0.646259 0.272109
0 0.489796 0.612245 0.482993 0.616780 0.473923 0.616780 0.458050 0.607710 0.437642 0.607710 0.417234 0.646259 0.401361 0.662132 0.401361 0.666667 0.385488 0.689342 0.383220 0.721088 0.387755 0.727891 0.387755 0.741497 0.396825 0.761905 0.419501 0.777778 0.444444 0.780045 0.462585 0.773243 0.487528 0.748299 0.494331 0.736961 0.501134 0.712018 0.501134 0.696145 0.510204 0.678005 0.512472 0.653061 0.507937 0.634921 0.498866 0.619048
0 0.374150 0.430839 0.365079 0.439909 0.358277 0.455782 0.360544 0.485261 0.374150 0.514739 0.385488 0.526077 0.417234 0.546485 0.426304 0.530612 0.439909 0.528345 0.444444 0.523810 0.442177 0.503401 0.453515 0.487528 0.453515 0.473923 0.433107 0.448980 0.426304 0.448980 0.401361 0.435374
0 0.507937 0.517007 0.510204 0.535147 0.503401 0.541950 0.501134 0.569161 0.512472 0.580499 0.512472 0.589569 0.503401 0.598639 0.503401 0.603175 0.507937 0.600907 0.526077 0.612245 0.544218 0.612245 0.553288 0.607710 0.573696 0.607710 0.587302 0.603175 0.607710 0.571429 0.607710 0.557823 0.603175 0.548753 0.585034 0.530612 0.566893 0.526077 0.564626 0.521542 0.553288 0.521542 0.548753 0.517007
0 0.414966 0.548753 0.385488 0.571429 0.383220 0.589569 0.387755 0.594104 0.387755 0.603175 0.403628 0.614512 0.419501 0.612245 0.430839 0.616780 0.437642 0.605442 0.453515 0.605442 0.448980 0.596372 0.451247 0.562358 0.448980 0.555556 0.439909 0.548753
0 0.458050 0.478458 0.455782 0.487528 0.444444 0.503401 0.444444 0.526077 0.462585 0.541950 0.469388 0.541950 0.476190 0.528345 0.494331 0.528345 0.507937 0.535147 0.503401 0.494331 0.492063 0.478458 0.494331 0.476190 0.487528 0.469388 0.473923 0.469388
0 0.403628 0.616780 0.385488 0.603175 0.383220 0.591837 0.378685 0.591837 0.369615 0.600907 0.353741 0.605442 0.351474 0.612245 0.342404 0.616780 0.346939 0.623583 0.360544 0.630385 0.376417 0.630385 0.396825 0.623583
0 0.510204 0.580499 0.498866 0.571429 0.482993 0.591837 0.476190 0.591837 0.458050 0.573696 0.453515 0.573696 0.451247 0.596372 0.455782 0.605442 0.473923 0.614512 0.482993 0.614512 0.501134 0.603175 0.501134 0.598639 0.510204 0.589569
0 0.426304 0.532880 0.419501 0.546485 0.439909 0.546485 0.451247 0.555556 0.451247 0.560091 0.460317 0.541950 0.444444 0.528345
0 0.494331 0.530612 0.476190 0.530612 0.469388 0.544218 0.458050 0.546485 0.453515 0.555556 0.451247 0.575964 0.453515 0.571429 0.458050 0.571429 0.476190 0.589569 0.482993 0.589569 0.498866 0.569161 0.498866 0.551020 0.505669 0.535147