0 0.358277 0.551020 0.346939 0.548753 0.337868 0.537415 0.324263 0.539683 0.312925 0.535147 0.292517 0.512472 0.274376 0.512472 0.267574 0.507937 0.235828 0.507937 0.226757 0.503401 0.201814 0.501134 0.174603 0.517007 0.156463 0.517007 0.131519 0.528345 0.113379 0.546485 0.092971 0.557823 0.083900 0.566893 0.081633 0.580499 0.074830 0.589569 0.072562 0.605442 0.077098 0.637188 0.083900 0.650794 0.108844 0.668934 0.133787 0.678005 0.149660 0.678005 0.181406 0.687075 0.192744 0.687075 0.204082 0.675737 0.235828 0.673469 0.240363 0.668934 0.263039 0.666667 0.294785 0.646259 0.297052 0.637188 0.303855 0.632653 0.317460 0.612245 0.317460 0.600907 0.324263 0.591837 0.324263 0.585034 0.346939 0.555556
0 0.453515 0.172336 0.435374 0.199546 0.419501 0.242630 0.419501 0.274376 0.433107 0.315193 0.444444 0.326531 0.446712 0.321995 0.473923 0.319728 0.467120 0.310658 0.462585 0.292517 0.462585 0.267574 0.469388 0.251701 0.469388 0.233560 0.458050 0.208617
0 0.637188 0.514739 0.646259 0.532880 0.648526 0.546485 0.655329 0.555556 0.655329 0.578231 0.693878 0.598639 0.723356 0.605442 0.727891 0.609977 0.757370 0.619048 0.780045 0.619048 0.786848 0.614512 0.820862 0.607710 0.850340 0.580499 0.857143 0.566893 0.854875 0.541950 0.848073 0.526077 0.832200 0.510204 0.782313 0.480726 0.718821 0.480726 0.696145 0.489796 0.675737 0.510204 0.657596 0.521542 0.643991 0.521542
0 0.848073 0.163265 0.823129 0.145125 0.791383 0.136054 0.764172 0.136054 0.725624 0.149660 0.714286 0.149660 0.678005 0.185941 0.664399 0.210884 0.657596 0.217687 0.655329 0.215420 0.655329 0.238095 0.646259 0.249433 0.646259 0.263039 0.639456 0.274376 0.625850 0.281179 0.630385 0.310658 0.643991 0.342404 0.671202 0.321995 0.700680 0.312925 0.727891 0.353741 0.750567 0.349206 0.755102 0.331066 0.761905 0.319728 0.791383 0.301587 0.802721 0.283447 0.802721 0.274376 0.809524 0.258503 0.823129 0.244898 0.834467 0.208617 0.854875 0.183673
0 0.551020 0.575964 0.551020 0.580499 0.541950 0.591837 0.537415 0.591837 0.551020 0.641723 0.553288 0.662132 0.564626 0.684807 0.569161 0.739229 0.562358 0.757370 0.553288 0.768707 0.546485 0.791383 0.551020 0.802721 0.551020 0.834467 0.557823 0.848073 0.557823 0.861678 0.582766 0.909297 0.623583 0.968254 0.628118 0.979592 0.646259 0.997732 0.802721 0.997732 0.809524 0.986395 0.809524 0.979592 0.789116 0.968254 0.786848 0.963719 0.793651 0.952381 0.789116 0.941043 0.761905 0.897959 0.739229 0.850340 0.727891 0.839002 0.723356 0.816327 0.705215 0.798186 0.696145 0.782313 0.682540 0.777778 0.668934 0.764172 0.655329 0.739229 0.653061 0.723356 0.650794 0.730159 0.641723 0.723356 0.625850 0.721088 0.609977 0.712018 0.594104 0.693878 0.582766 0.668934 0.582766 0.659864 0.571429 0.639456 0.571429 0.628118 0.557823 0.603175
0 0.097506 0.142857 0.079365 0.181406 0.079365 0.210884 0.083900 0.219955 0.083900 0.233560 0.095238 0.247166 0.095238 0.253968 0.124717 0.281179 0.126984 0.287982 0.147392 0.306122 0.156463 0.319728 0.190476 0.331066 0.229025 0.365079 0.278912 0.362812 0.281179 0.376417 0.310658 0.374150 0.328798 0.365079 0.353741 0.365079 0.383220 0.380952 0.401361 0.401361 0.414966 0.410431 0.412698 0.362812 0.408163 0.367347 0.392290 0.351474 0.371882 0.317460 0.374150 0.294785 0.380952 0.276644 0.376417 0.233560 0.369615 0.222222 0.319728 0.174603 0.263039 0.136054 0.240363 0.129252 0.213152 0.115646 0.156463 0.115646 0.122449 0.126984
0 0.471655 0.537415 0.467120 0.548753 0.448980 0.548753 0.444444 0.553288 0.428571 0.555556 0.428571 0.560091 0.408163 0.580499 0.387755 0.596372 0.356009 0.630385 0.337868 0.639456 0.324263 0.655329 0.267574 0.680272 0.249433 0.680272 0.238095 0.673469 0.204082 0.678005 0.192744 0.689342 0.181406 0.689342 0.160998 0.698413 0.145125 0.714286 0.142857 0.727891 0.111111 0.752834 0.083900 0.784580 0.079365 0.795918 0.065760 0.811791 0.045351 0.852608 0.031746 0.868481 0.029478 0.902494 0.018141 0.929705 0.018141 0.947846 0.022676 0.959184 0.020408 0.965986 0.029478 0.986395 0.052154 0.995465 0.090703 0.995465 0.160998 0.977324 0.176871 0.970522 0.190476 0.954649 0.210884 0.943311 0.229025 0.922902 0.251701 0.907029 0.278912 0.873016 0.283447 0.857143 0.310658 0.834467 0.326531 0.802721 0.328798 0.786848 0.346939 0.770975 0.351474 0.773243 0.346939 0.700680 0.342404 0.693878 0.344671 0.655329 0.362812 0.646259 0.401361 0.607710 0.424036 0.596372 0.446712 0.566893 0.462585 0.562358 0.458050 0.564626 0.455782 0.560091 0.469388 0.548753
0 0.578231 0.070295 0.530612 0.070295 0.496599 0.077098 0.464853 0.090703 0.453515 0.111111 0.453515 0.149660 0.458050 0.163265 0.455782 0.181406 0.460317 0.208617 0.471655 0.233560 0.471655 0.251701 0.464853 0.267574 0.464853 0.292517 0.469388 0.310658 0.480726 0.326531 0.478458 0.346939 0.487528 0.360544 0.503401 0.365079 0.523810 0.383220 0.523810 0.396825 0.532880 0.408163 0.530612 0.419501 0.535147 0.392290 0.548753 0.365079 0.598639 0.342404 0.609977 0.317460 0.609977 0.303855 0.616780 0.290249 0.616780 0.281179 0.639456 0.272109 0.643991 0.263039 0.643991 0.249433 0.653061 0.238095 0.650794 0.215420 0.659864 0.208617 0.666667 0.197279 0.673469 0.172336 0.673469 0.160998 0.648526 0.117914 0.619048 0.088435
0 0.600907 0.596372 0.623583 0.623583 0.625850 0.650794 0.619048 0.659864 0.619048 0.666667 0.632653 0.682540 0.634921 0.705215 0.657596 0.725624 0.657596 0.739229 0.671202 0.764172 0.682540 0.775510 0.696145 0.780045 0.707483 0.798186 0.725624 0.816327 0.727891 0.832200 0.743764 0.836735 0.766440 0.861678 0.800454 0.888889 0.843537 0.904762 0.863946 0.909297 0.884354 0.907029 0.907029 0.888889 0.911565 0.866213 0.911565 0.829932 0.891156 0.775510 0.866213 0.739229 0.854875 0.714286 0.818594 0.678005 0.798186 0.650794 0.775510 0.632653 0.770975 0.621315 0.757370 0.621315 0.727891 0.612245 0.723356 0.607710 0.693878 0.600907 0.657596 0.580499 0.653061 0.580499 0.637188 0.594104
0 0.605442 0.369615 0.585034 0.374150 0.569161 0.390023 0.569161 0.419501 0.578231 0.437642 0.598639 0.419501 0.605442 0.405896 0.607710 0.390023 0.614512 0.378685 0.614512 0.374150
0 0.022676 0.376417 0.022676 0.385488 0.036281 0.414966 0.074830 0.448980 0.145125 0.482993 0.181406 0.494331 0.197279 0.492063 0.199546 0.496599 0.213152 0.501134 0.287982 0.510204 0.287982 0.503401 0.294785 0.498866 0.312925 0.507937 0.324263 0.503401 0.326531 0.496599 0.344671 0.485261 0.346939 0.487528 0.358277 0.478458 0.371882 0.473923 0.390023 0.458050 0.408163 0.453515 0.419501 0.455782 0.405896 0.451247 0.390023 0.451247 0.369615 0.435374 0.369615 0.426304 0.365079 0.424036 0.362812 0.414966 0.340136 0.385488 0.324263 0.383220 0.312925 0.374150 0.281179 0.378685 0.278912 0.365079 0.229025 0.367347 0.190476 0.333333 0.158730 0.321995 0.106576 0.319728 0.063492 0.331066 0.047619 0.337868 0.029478 0.356009
0 0.700680 0.315193 0.671202 0.324263 0.625850 0.360544 0.609977 0.390023 0.607710 0.405896 0.600907 0.419501 0.573696 0.444444 0.578231 0.458050 0.571429 0.464853 0.571429 0.480726 0.693878 0.478458 0.700680 0.473923 0.712018 0.473923 0.723356 0.467120 0.748299 0.467120 0.761905 0.455782 0.764172 0.433107 0.755102 0.419501 0.746032 0.394558 0.734694 0.380952 0.732426 0.356009 0.723356 0.351474
0 0.480726 0.537415 0.469388 0.557823 0.460317 0.566893 0.446712 0.569161 0.424036 0.598639 0.414966 0.600907 0.412698 0.605442 0.392290 0.616780 0.362812 0.648526 0.346939 0.655329 0.344671 0.659864 0.344671 0.693878 0.349206 0.700680 0.349206 0.736961 0.353741 0.755102 0.353741 0.800454 0.360544 0.814059 0.374150 0.825397 0.396825 0.825397 0.421769 0.811791 0.433107 0.800454 0.442177 0.780045 0.464853 0.755102 0.464853 0.746032 0.471655 0.734694 0.471655 0.707483 0.480726 0.696145 0.485261 0.675737 0.501134 0.655329 0.507937 0.632653 0.507937 0.619048 0.498866 0.607710 0.498866 0.587302 0.492063 0.587302 0.485261 0.580499 0.485261 0.566893 0.480726 0.560091
0 0.473923 0.321995 0.446712 0.324263 0.428571 0.342404 0.421769 0.362812 0.414966 0.367347 0.417234 0.417234 0.412698 0.419501 0.451247 0.458050 0.451247 0.462585 0.458050 0.462585 0.458050 0.458050 0.473923 0.448980 0.485261 0.448980 0.492063 0.455782 0.496599 0.455782 0.510204 0.439909 0.530612 0.435374 0.530612 0.430839 0.526077 0.428571 0.530612 0.408163 0.521542 0.396825 0.521542 0.383220 0.503401 0.367347 0.496599 0.367347 0.482993 0.358277 0.476190 0.346939 0.478458 0.326531
0 0.571429 0.482993 0.569161 0.496599 0.546485 0.507937 0.544218 0.512472 0.551020 0.526077 0.551020 0.537415 0.557823 0.555556 0.557823 0.562358 0.551020 0.569161 0.557823 0.582766 0.569161 0.591837 0.585034 0.591837 0.594104 0.596372 0.637188 0.591837 0.653061 0.578231 0.653061 0.555556 0.646259 0.546485 0.637188 0.517007 0.623583 0.503401 0.600907 0.492063 0.598639 0.487528
0 0.360544 0.410431 0.367347 0.424036 0.371882 0.426304 0.371882 0.435374 0.390023 0.448980 0.405896 0.448980 0.414966 0.453515 0.390023 0.460317 0.371882 0.476190 0.358277 0.480726 0.335601 0.501134 0.333333 0.521542 0.335601 0.532880 0.351474 0.548753 0.358277 0.548753 0.358277 0.553288 0.367347 0.557823 0.414966 0.557823 0.437642 0.553288 0.448980 0.546485 0.467120 0.546485 0.469388 0.535147 0.464853 0.530612 0.464853 0.521542 0.478458 0.507937 0.478458 0.503401 0.464853 0.503401 0.453515 0.494331 0.451247 0.480726 0.458050 0.471655 0.458050 0.464853 0.424036 0.458050 0.421769 0.433107 0.401361 0.412698 0.385488 0.405896
0 0.555556 0.426304 0.544218 0.426304 0.532880 0.430839 0.530612 0.437642 0.510204 0.442177 0.498866 0.455782 0.512472 0.480726 0.544218 0.476190 0.548753 0.480726 0.544218 0.507937 0.566893 0.496599 0.569161 0.464853 0.575964 0.458050 0.566893 0.435374
0 0.548753 0.528345 0.539683 0.541950 0.526077 0.553288 0.512472 0.553288 0.496599 0.539683 0.482993 0.537415 0.482993 0.560091 0.487528 0.566893 0.487528 0.580499 0.492063 0.585034 0.501134 0.585034 0.519274 0.598639 0.532880 0.598639 0.535147 0.591837 0.541950 0.589569 0.548753 0.580499 0.548753 0.569161 0.555556 0.562358
0 0.498866 0.458050 0.492063 0.458050 0.485261 0.451247 0.473923 0.451247 0.458050 0.460317 0.460317 0.471655 0.453515 0.480726 0.455782 0.494331 0.464853 0.501134 0.480726 0.501134 0.487528 0.485261 0.496599 0.480726 0.512472 0.482993
0 0.600907 0.489796 0.623583 0.501134 0.632653 0.510204 0.643991 0.505669 0.648526 0.498866 0.646259 0.492063 0.634921 0.485261
0 0.546485 0.480726 0.519274 0.480726 0.512472 0.485261 0.496599 0.482993 0.487528 0.487528 0.480726 0.507937 0.467120 0.521542 0.467120 0.530612 0.473923 0.539683 0.476190 0.535147 0.489796 0.535147 0.512472 0.551020 0.526077 0.551020 0.537415 0.541950 0.548753 0.526077 0.541950 0.514739