0 0.641723 0.505669 0.664399 0.510204 0.673469 0.517007 0.673469 0.523810 0.668934 0.526077 0.689342 0.532880 0.696145 0.539683 0.727891 0.546485 0.759637 0.560091 0.777778 0.578231 0.795918 0.585034 0.809524 0.598639 0.841270 0.609977 0.861678 0.639456 0.861678 0.646259 0.863946 0.639456 0.895692 0.650794 0.911565 0.637188 0.911565 0.575964 0.897959 0.541950 0.879819 0.514739 0.839002 0.473923 0.823129 0.469388 0.800454 0.451247 0.777778 0.444444 0.755102 0.448980 0.748299 0.446712 0.700680 0.471655 0.687075 0.476190 0.675737 0.476190 0.673469 0.471655 0.671202 0.489796 0.653061 0.505669
0 0.317460 0.614512 0.303855 0.614512 0.301587 0.619048 0.267574 0.639456 0.263039 0.646259 0.226757 0.653061 0.213152 0.662132 0.201814 0.662132 0.197279 0.666667 0.179138 0.668934 0.163265 0.675737 0.149660 0.675737 0.113379 0.689342 0.074830 0.691610 0.081633 0.698413 0.054422 0.734694 0.043084 0.757370 0.029478 0.770975 0.018141 0.793651 0.018141 0.804989 0.024943 0.820862 0.038549 0.816327 0.043084 0.809524 0.063492 0.798186 0.083900 0.795918 0.097506 0.782313 0.108844 0.780045 0.117914 0.770975 0.126984 0.768707 0.147392 0.755102 0.167800 0.752834 0.172336 0.741497 0.217687 0.741497 0.247166 0.727891 0.294785 0.680272 0.287982 0.664399 0.287982 0.643991 0.306122 0.621315 0.315193 0.621315
0 0.532880 0.646259 0.546485 0.666667 0.573696 0.721088 0.575964 0.736961 0.585034 0.750567 0.587302 0.773243 0.573696 0.793651 0.569161 0.807256 0.571429 0.841270 0.598639 0.893424 0.628118 0.925170 0.639456 0.931973 0.689342 0.979592 0.721088 0.988662 0.734694 0.997732 0.909297 0.997732 0.916100 0.993197 0.918367 0.963719 0.897959 0.961451 0.875283 0.947846 0.850340 0.941043 0.843537 0.929705 0.807256 0.902494 0.782313 0.893424 0.707483 0.825397 0.698413 0.804989 0.698413 0.782313 0.693878 0.775510 0.691610 0.743764 0.687075 0.741497 0.684807 0.727891 0.655329 0.723356 0.641723 0.730159 0.619048 0.727891 0.591837 0.705215 0.578231 0.682540 0.557823 0.659864 0.544218 0.655329
0 0.884354 0.317460 0.827664 0.340136 0.811791 0.365079 0.798186 0.378685 0.782313 0.385488 0.766440 0.385488 0.752834 0.394558 0.741497 0.396825 0.725624 0.419501 0.716553 0.426304 0.673469 0.426304 0.662132 0.417234 0.630385 0.417234 0.605442 0.426304 0.603175 0.433107 0.612245 0.437642 0.632653 0.458050 0.646259 0.444444 0.662132 0.444444 0.666667 0.439909 0.684807 0.442177 0.691610 0.437642 0.709751 0.435374 0.723356 0.426304 0.730159 0.426304 0.748299 0.417234 0.784580 0.417234 0.791383 0.412698 0.802721 0.412698 0.811791 0.403628 0.834467 0.396825 0.843537 0.387755 0.852608 0.365079 0.866213 0.351474 0.873016 0.331066
0 0.396825 0.609977 0.353741 0.632653 0.346939 0.630385 0.331066 0.657596 0.303855 0.684807 0.299320 0.684807 0.297052 0.680272 0.290249 0.684807 0.290249 0.689342 0.258503 0.721088 0.235828 0.736961 0.222222 0.739229 0.217687 0.743764 0.172336 0.743764 0.172336 0.750567 0.167800 0.755102 0.147392 0.757370 0.126984 0.770975 0.117914 0.773243 0.108844 0.782313 0.097506 0.784580 0.083900 0.798186 0.063492 0.800454 0.043084 0.811791 0.038549 0.818594 0.031746 0.818594 0.027211 0.823129 0.031746 0.825397 0.031746 0.841270 0.000000 0.879819 0.000000 0.997732 0.188209 0.997732 0.206349 0.990930 0.215420 0.979592 0.229025 0.972789 0.222222 0.945578 0.226757 0.941043 0.226757 0.929705 0.235828 0.920635 0.235828 0.916100 0.251701 0.893424 0.251701 0.877551 0.244898 0.868481 0.244898 0.859410 0.265306 0.839002 0.265306 0.814059 0.260771 0.807256 0.260771 0.795918 0.285714 0.768707 0.299320 0.732426 0.310658 0.723356 0.335601 0.687075 0.346939 0.680272 0.353741 0.666667 0.365079 0.659864 0.371882 0.646259 0.394558 0.623583 0.392290 0.614512
0 0.000000 0.022676 0.000000 0.160998 0.034014 0.170068 0.043084 0.179138 0.065760 0.188209 0.083900 0.201814 0.115646 0.204082 0.124717 0.208617 0.142857 0.226757 0.158730 0.231293 0.167800 0.238095 0.190476 0.238095 0.192744 0.249433 0.208617 0.258503 0.240363 0.260771 0.247166 0.256236 0.253968 0.274376 0.306122 0.274376 0.312925 0.269841 0.331066 0.269841 0.340136 0.274376 0.376417 0.310658 0.378685 0.319728 0.390023 0.331066 0.390023 0.335601 0.392290 0.328798 0.419501 0.315193 0.385488 0.251701 0.380952 0.204082 0.371882 0.190476 0.365079 0.163265 0.340136 0.133787 0.308390 0.117914 0.265306 0.117914 0.256236 0.124717 0.249433 0.124717 0.247166 0.131519 0.244898 0.102041 0.253968 0.090703 0.244898 0.090703 0.210884 0.079365 0.192744 0.079365 0.124717 0.040816 0.099773 0.038549 0.065760 0.029478 0.038549 0.029478 0.022676 0.022676
0 0.684807 0.707483 0.691610 0.725624 0.689342 0.741497 0.693878 0.743764 0.693878 0.764172 0.700680 0.782313 0.702948 0.811791 0.709751 0.825397 0.732426 0.848073 0.736961 0.848073 0.746032 0.859410 0.752834 0.861678 0.782313 0.891156 0.807256 0.900227 0.845805 0.929705 0.850340 0.938776 0.875283 0.945578 0.891156 0.956916 0.918367 0.961451 0.920635 0.972789 0.941043 0.975057 0.997732 0.990930 0.997732 0.784580 0.977324 0.764172 0.956916 0.755102 0.936508 0.734694 0.902494 0.721088 0.888889 0.721088 0.870748 0.705215 0.857143 0.709751 0.832200 0.730159 0.780045 0.727891 0.741497 0.712018 0.700680 0.712018
0 0.000000 0.594104 0.027211 0.580499 0.036281 0.571429 0.045351 0.575964 0.074830 0.564626 0.083900 0.555556 0.079365 0.553288 0.081633 0.546485 0.097506 0.551020 0.104308 0.541950 0.117914 0.537415 0.117914 0.528345 0.124717 0.514739 0.131519 0.521542 0.142857 0.517007 0.158730 0.494331 0.170068 0.498866 0.188209 0.482993 0.210884 0.476190 0.242630 0.480726 0.201814 0.455782 0.188209 0.439909 0.183673 0.426304 0.174603 0.426304 0.140590 0.399093 0.077098 0.401361 0.049887 0.385488 0.034014 0.390023 0.020408 0.401361 0.009070 0.401361 0.000000 0.396825
0 0.947846 0.131519 0.927438 0.115646 0.909297 0.108844 0.895692 0.108844 0.875283 0.115646 0.873016 0.120181 0.836735 0.122449 0.820862 0.133787 0.820862 0.140590 0.816327 0.145125 0.800454 0.142857 0.789116 0.149660 0.734694 0.210884 0.721088 0.217687 0.698413 0.242630 0.693878 0.242630 0.687075 0.265306 0.659864 0.301587 0.659864 0.308390 0.646259 0.333333 0.646259 0.344671 0.639456 0.358277 0.623583 0.374150 0.589569 0.390023 0.585034 0.396825 0.566893 0.405896 0.548753 0.421769 0.573696 0.424036 0.575964 0.428571 0.591837 0.435374 0.603175 0.435374 0.600907 0.428571 0.605442 0.424036 0.630385 0.414966 0.662132 0.414966 0.673469 0.424036 0.716553 0.424036 0.741497 0.394558 0.752834 0.392290 0.766440 0.383220 0.782313 0.383220 0.798186 0.376417 0.827664 0.337868 0.850340 0.331066 0.875283 0.317460 0.886621 0.317460 0.904762 0.306122 0.925170 0.283447 0.941043 0.258503 0.943311 0.242630 0.952381 0.226757 0.950113 0.210884 0.956916 0.183673 0.956916 0.154195
0 0.006803 0.165533 0.013605 0.181406 0.034014 0.206349 0.043084 0.224490 0.081633 0.260771 0.086168 0.269841 0.099773 0.283447 0.129252 0.294785 0.154195 0.319728 0.176871 0.328798 0.192744 0.328798 0.206349 0.342404 0.215420 0.344671 0.215420 0.349206 0.256236 0.344671 0.269841 0.351474 0.283447 0.351474 0.294785 0.346939 0.308390 0.346939 0.328798 0.356009 0.351474 0.360544 0.365079 0.371882 0.371882 0.387755 0.383220 0.399093 0.383220 0.351474 0.380952 0.356009 0.374150 0.342404 0.360544 0.328798 0.356009 0.294785 0.340136 0.276644 0.331066 0.272109 0.312925 0.272109 0.306122 0.276644 0.253968 0.276644 0.247166 0.265306 0.247166 0.258503 0.240363 0.263039 0.208617 0.260771 0.190476 0.249433 0.190476 0.240363 0.167800 0.240363 0.158730 0.233560 0.142857 0.229025 0.124717 0.210884 0.115646 0.206349 0.083900 0.204082 0.065760 0.190476 0.043084 0.181406 0.034014 0.172336
0 0.535147 0.539683 0.541950 0.546485 0.544218 0.555556 0.544218 0.607710 0.546485 0.603175 0.551020 0.612245 0.566893 0.625850 0.585034 0.634921 0.596372 0.634921 0.600907 0.646259 0.607710 0.650794 0.623583 0.653061 0.623583 0.666667 0.628118 0.673469 0.641723 0.675737 0.646259 0.682540 0.657596 0.684807 0.664399 0.696145 0.678005 0.698413 0.678005 0.705215 0.700680 0.709751 0.741497 0.709751 0.780045 0.725624 0.832200 0.727891 0.857143 0.707483 0.868481 0.705215 0.866213 0.698413 0.873016 0.664399 0.863946 0.641723 0.861678 0.648526 0.843537 0.614512 0.829932 0.609977 0.827664 0.605442 0.809524 0.600907 0.795918 0.587302 0.777778 0.580499 0.759637 0.562358 0.727891 0.548753 0.696145 0.541950 0.689342 0.535147 0.682540 0.535147 0.666667 0.526077 0.621315 0.517007 0.603175 0.535147 0.580499 0.546485 0.551020 0.546485
0 0.392290 0.541950 0.374150 0.528345 0.369615 0.517007 0.353741 0.517007 0.344671 0.521542 0.317460 0.521542 0.308390 0.519274 0.306122 0.514739 0.287982 0.510204 0.251701 0.507937 0.244898 0.517007 0.231293 0.507937 0.219955 0.507937 0.210884 0.517007 0.206349 0.517007 0.201814 0.510204 0.174603 0.512472 0.151927 0.526077 0.136054 0.526077 0.124717 0.537415 0.104308 0.544218 0.097506 0.553288 0.086168 0.555556 0.074830 0.566893 0.047619 0.575964 0.013605 0.625850 0.006803 0.657596 0.018141 0.673469 0.065760 0.691610 0.102041 0.689342 0.149660 0.673469 0.190476 0.666667 0.201814 0.659864 0.219955 0.657596 0.226757 0.650794 0.263039 0.643991 0.267574 0.637188 0.301587 0.616780 0.303855 0.612245 0.315193 0.612245 0.315193 0.562358 0.331066 0.544218
0 0.689342 0.201814 0.666667 0.188209 0.619048 0.190476 0.589569 0.206349 0.585034 0.213152 0.575964 0.215420 0.553288 0.238095 0.544218 0.238095 0.532880 0.244898 0.510204 0.278912 0.494331 0.292517 0.480726 0.317460 0.478458 0.312925 0.478458 0.326531 0.471655 0.340136 0.467120 0.335601 0.471655 0.360544 0.487528 0.378685 0.487528 0.385488 0.494331 0.392290 0.496599 0.439909 0.505669 0.442177 0.519274 0.433107 0.539683 0.433107 0.541950 0.424036 0.551020 0.414966 0.585034 0.394558 0.589569 0.387755 0.598639 0.385488 0.600907 0.380952 0.623583 0.371882 0.637188 0.358277 0.643991 0.344671 0.643991 0.333333 0.657596 0.308390 0.657596 0.301587 0.689342 0.256236 0.696145 0.233560 0.696145 0.210884
0 0.430839 0.560091 0.424036 0.591837 0.410431 0.605442 0.394558 0.614512 0.396825 0.623583 0.392290 0.625850 0.392290 0.634921 0.385488 0.646259 0.387755 0.662132 0.378685 0.671202 0.380952 0.691610 0.376417 0.696145 0.374150 0.723356 0.376417 0.770975 0.387755 0.793651 0.408163 0.800454 0.421769 0.811791 0.437642 0.811791 0.451247 0.804989 0.471655 0.789116 0.485261 0.770975 0.489796 0.752834 0.505669 0.727891 0.505669 0.705215 0.510204 0.696145 0.507937 0.684807 0.512472 0.664399 0.512472 0.646259 0.507937 0.632653 0.514739 0.616780 0.510204 0.612245 0.494331 0.612245 0.485261 0.605442 0.462585 0.571429 0.455782 0.569161 0.451247 0.573696 0.444444 0.573696
0 0.482993 0.507937 0.482993 0.530612 0.478458 0.535147 0.478458 0.548753 0.464853 0.564626 0.460317 0.564626 0.460317 0.569161 0.476190 0.587302 0.480726 0.598639 0.494331 0.609977 0.532880 0.612245 0.535147 0.605442 0.541950 0.603175 0.539683 0.546485 0.526077 0.539683 0.526077 0.532880 0.514739 0.517007 0.498866 0.510204 0.494331 0.505669 0.496599 0.503401
0 0.181406 0.376417 0.176871 0.401361 0.183673 0.419501 0.181406 0.424036 0.185941 0.426304 0.190476 0.439909 0.210884 0.460317 0.247166 0.480726 0.258503 0.501134 0.258503 0.507937 0.287982 0.507937 0.306122 0.512472 0.308390 0.517007 0.317460 0.519274 0.351474 0.517007 0.344671 0.501134 0.346939 0.473923 0.371882 0.455782 0.419501 0.444444 0.419501 0.435374 0.399093 0.428571 0.390023 0.419501 0.383220 0.401361 0.369615 0.387755 0.358277 0.367347 0.308390 0.349206 0.294785 0.349206 0.283447 0.353741 0.269841 0.353741 0.256236 0.346939 0.213152 0.351474 0.197279 0.360544
0 0.435374 0.448980 0.403628 0.448980 0.371882 0.458050 0.353741 0.469388 0.346939 0.480726 0.346939 0.501134 0.353741 0.514739 0.369615 0.514739 0.376417 0.528345 0.390023 0.537415 0.410431 0.532880 0.421769 0.512472 0.421769 0.503401 0.430839 0.494331 0.435374 0.482993 0.444444 0.473923 0.455782 0.476190 0.462585 0.471655
0 0.435374 0.158730 0.435374 0.163265 0.451247 0.176871 0.455782 0.192744 0.460317 0.197279 0.460317 0.206349 0.464853 0.208617 0.464853 0.233560 0.473923 0.247166 0.473923 0.276644 0.480726 0.292517 0.480726 0.315193 0.492063 0.297052 0.492063 0.265306 0.498866 0.247166 0.494331 0.206349 0.485261 0.192744 0.482993 0.174603 0.471655 0.163265 0.458050 0.156463
0 0.451247 0.439909 0.442177 0.453515 0.464853 0.471655 0.478458 0.492063 0.482993 0.505669 0.492063 0.503401 0.505669 0.482993 0.505669 0.444444 0.494331 0.439909 0.478458 0.442177 0.469388 0.437642
0 0.392290 0.331066 0.385488 0.351474 0.385488 0.403628 0.392290 0.419501 0.399093 0.426304 0.419501 0.433107 0.419501 0.446712 0.435374 0.446712 0.439909 0.451247 0.451247 0.437642 0.458050 0.435374 0.492063 0.439909 0.492063 0.392290 0.485261 0.385488 0.485261 0.378685 0.469388 0.360544 0.467120 0.342404 0.448980 0.326531 0.424036 0.317460 0.410431 0.319728 0.396825 0.331066
0 0.517007 0.614512 0.526077 0.623583 0.530612 0.641723 0.544218 0.653061 0.557823 0.657596 0.553288 0.653061 0.555556 0.634921 0.541950 0.605442 0.537415 0.605442 0.532880 0.614512
0 0.462585 0.473923 0.455782 0.478458 0.444444 0.476190 0.437642 0.482993 0.433107 0.494331 0.426304 0.498866 0.424036 0.512472 0.414966 0.526077 0.424036 0.521542 0.430839 0.523810 0.430839 0.557823 0.444444 0.571429 0.451247 0.571429 0.471655 0.555556 0.476190 0.548753 0.476190 0.535147 0.480726 0.530612 0.480726 0.503401
0 0.510204 0.439909 0.507937 0.482993 0.496599 0.505669 0.519274 0.519274 0.530612 0.541950 0.539683 0.537415 0.551020 0.544218 0.580499 0.544218 0.596372 0.537415 0.616780 0.521542 0.614512 0.512472 0.621315 0.505669 0.628118 0.487528 0.630385 0.458050 0.612245 0.439909 0.585034 0.435374 0.573696 0.426304 0.544218 0.424036 0.544218 0.430839 0.539683 0.435374 0.519274 0.435374
0 0.671202 0.473923 0.646259 0.471655 0.630385 0.460317 0.630385 0.487528 0.616780 0.517007 0.630385 0.510204 0.639456 0.510204 0.641723 0.503401 0.653061 0.503401 0.668934 0.489796
0 0.428571 0.523810 0.419501 0.526077 0.405896 0.537415 0.392290 0.539683 0.392290 0.544218 0.331066 0.546485 0.317460 0.562358 0.317460 0.621315 0.321995 0.625850 0.353741 0.630385 0.394558 0.607710 0.403628 0.607710 0.421769 0.591837 0.426304 0.578231