0 0.349206 0.564626 0.353741 0.571429 0.371882 0.578231 0.405896 0.575964 0.417234 0.560091 0.417234 0.546485 0.421769 0.537415 0.471655 0.521542 0.462585 0.517007 0.458050 0.521542 0.444444 0.523810 0.433107 0.521542 0.426304 0.530612 0.405896 0.537415 0.387755 0.517007 0.383220 0.517007 0.353741 0.539683 0.349206 0.551020
0 0.566893 0.458050 0.555556 0.462585 0.546485 0.471655 0.544218 0.494331 0.528345 0.512472 0.541950 0.510204 0.564626 0.523810 0.585034 0.523810 0.596372 0.517007 0.612245 0.494331 0.612245 0.476190 0.607710 0.469388 0.587302 0.458050
0 0.487528 0.539683 0.471655 0.551020 0.464853 0.564626 0.469388 0.580499 0.476190 0.585034 0.480726 0.585034 0.494331 0.566893 0.492063 0.551020 0.485261 0.548753
0 0.451247 0.462585 0.439909 0.469388 0.435374 0.482993 0.439909 0.485261 0.439909 0.489796 0.455782 0.492063 0.467120 0.507937 0.467120 0.503401 0.473923 0.501134 0.467120 0.496599 0.462585 0.485261 0.464853 0.469388
0 0.487528 0.528345 0.496599 0.566893 0.480726 0.594104 0.482993 0.607710 0.503401 0.641723 0.526077 0.653061 0.537415 0.653061 0.555556 0.637188 0.560091 0.628118 0.560091 0.600907 0.553288 0.591837 0.553288 0.582766 0.541950 0.566893 0.510204 0.562358 0.487528 0.535147
0 0.496599 0.394558 0.478458 0.394558 0.460317 0.405896 0.460317 0.439909 0.471655 0.453515 0.482993 0.455782 0.487528 0.460317 0.487528 0.480726 0.476190 0.498866 0.482993 0.498866 0.482993 0.494331 0.492063 0.485261 0.492063 0.476190 0.498866 0.460317 0.512472 0.455782 0.526077 0.437642 0.517007 0.408163
0 0.380952 0.489796 0.385488 0.514739 0.405896 0.535147 0.426304 0.528345 0.437642 0.510204 0.464853 0.514739 0.453515 0.512472 0.446712 0.501134 0.419501 0.480726 0.396825 0.476190
0 0.539683 0.476190 0.528345 0.469388 0.507937 0.471655 0.485261 0.494331 0.485261 0.512472 0.492063 0.519274 0.510204 0.519274 0.523810 0.514739 0.539683 0.492063
0 0.487528 0.526077 0.464853 0.523810 0.453515 0.539683 0.455782 0.548753 0.467120 0.553288 0.480726 0.544218
0 0.482993 0.501134 0.469388 0.503401 0.464853 0.517007 0.476190 0.521542 0.482993 0.514739
0 0.485261 0.514739 0.478458 0.521542 0.489796 0.526077 0.489796 0.519274