0 0.480726 0.251701 0.476190 0.251701 0.476190 0.283447 0.464853 0.297052 0.464853 0.369615 0.480726 0.349206 0.480726 0.344671 0.487528 0.340136 0.494331 0.299320 0.507937 0.274376 0.501134 0.274376 0.494331 0.265306 0.482993 0.263039 0.476190 0.256236
0 0.226757 0.451247 0.229025 0.467120 0.247166 0.485261 0.276644 0.498866 0.292517 0.498866 0.299320 0.503401 0.324263 0.503401 0.337868 0.496599 0.360544 0.494331 0.346939 0.485261 0.326531 0.485261 0.315193 0.489796 0.274376 0.489796 0.256236 0.476190 0.242630 0.471655
0 0.755102 0.258503 0.746032 0.251701 0.721088 0.244898 0.702948 0.244898 0.689342 0.249433 0.680272 0.260771 0.668934 0.263039 0.666667 0.267574 0.653061 0.274376 0.646259 0.274376 0.637188 0.283447 0.607710 0.292517 0.603175 0.301587 0.607710 0.306122 0.603175 0.310658 0.621315 0.310658 0.664399 0.328798 0.662132 0.346939 0.675737 0.344671 0.689342 0.333333 0.689342 0.328798 0.700680 0.315193 0.702948 0.301587 0.714286 0.287982 0.734694 0.276644 0.734694 0.272109 0.741497 0.265306
0 0.505669 0.625850 0.501134 0.637188 0.485261 0.657596 0.485261 0.664399 0.464853 0.684807 0.451247 0.693878 0.430839 0.693878 0.430839 0.716553 0.446712 0.755102 0.451247 0.775510 0.471655 0.798186 0.485261 0.802721 0.514739 0.800454 0.528345 0.793651 0.555556 0.764172 0.555556 0.752834 0.560091 0.748299 0.566893 0.723356 0.564626 0.693878 0.546485 0.675737 0.546485 0.657596 0.537415 0.639456 0.519274 0.634921 0.517007 0.630385
0 0.238095 0.086168 0.226757 0.104308 0.224490 0.115646 0.224490 0.174603 0.240363 0.206349 0.260771 0.231293 0.278912 0.235828 0.303855 0.251701 0.328798 0.278912 0.333333 0.278912 0.342404 0.287982 0.344671 0.301587 0.349206 0.299320 0.362812 0.303855 0.380952 0.324263 0.390023 0.342404 0.396825 0.340136 0.401361 0.331066 0.401361 0.317460 0.394558 0.310658 0.394558 0.299320 0.378685 0.292517 0.371882 0.285714 0.371882 0.272109 0.351474 0.251701 0.351474 0.210884 0.331066 0.179138 0.331066 0.156463 0.324263 0.138322 0.324263 0.117914 0.335601 0.092971 0.335601 0.086168 0.319728 0.088435 0.299320 0.079365 0.267574 0.079365 0.258503 0.083900
0 0.916100 0.496599 0.913832 0.478458 0.895692 0.437642 0.852608 0.414966 0.841270 0.417234 0.823129 0.405896 0.814059 0.419501 0.793651 0.426304 0.700680 0.426304 0.687075 0.439909 0.662132 0.455782 0.628118 0.462585 0.607710 0.462585 0.603175 0.467120 0.603175 0.480726 0.598639 0.487528 0.623583 0.485261 0.630385 0.489796 0.646259 0.492063 0.666667 0.503401 0.680272 0.517007 0.689342 0.539683 0.705215 0.555556 0.793651 0.580499 0.836735 0.569161 0.852608 0.569161 0.897959 0.546485 0.911565 0.528345
0 0.832200 0.099773 0.823129 0.090703 0.802721 0.083900 0.791383 0.074830 0.773243 0.077098 0.761905 0.070295 0.732426 0.070295 0.716553 0.065760 0.628118 0.070295 0.614512 0.081633 0.598639 0.088435 0.585034 0.102041 0.585034 0.108844 0.580499 0.113379 0.573696 0.113379 0.553288 0.131519 0.532880 0.163265 0.526077 0.185941 0.530612 0.233560 0.519274 0.247166 0.517007 0.265306 0.505669 0.278912 0.496599 0.299320 0.489796 0.340136 0.482993 0.344671 0.482993 0.349206 0.469388 0.365079 0.469388 0.383220 0.478458 0.383220 0.480726 0.378685 0.492063 0.376417 0.492063 0.367347 0.523810 0.306122 0.557823 0.278912 0.573696 0.278912 0.609977 0.290249 0.637188 0.281179 0.646259 0.272109 0.653061 0.272109 0.666667 0.265306 0.668934 0.260771 0.680272 0.258503 0.689342 0.247166 0.712018 0.240363 0.707483 0.240363 0.707483 0.235828 0.723356 0.233560 0.802721 0.188209 0.839002 0.133787 0.839002 0.113379
0 0.396825 0.526077 0.392290 0.526077 0.383220 0.517007 0.371882 0.517007 0.369615 0.521542 0.371882 0.517007 0.376417 0.521542 0.360544 0.539683 0.335601 0.557823 0.315193 0.566893 0.287982 0.564626 0.278912 0.555556 0.263039 0.548753 0.199546 0.555556 0.133787 0.596372 0.099773 0.630385 0.079365 0.666667 0.077098 0.691610 0.070295 0.702948 0.068027 0.716553 0.081633 0.748299 0.095238 0.759637 0.095238 0.764172 0.095238 0.723356 0.102041 0.712018 0.120181 0.696145 0.126984 0.696145 0.160998 0.673469 0.195011 0.664399 0.219955 0.646259 0.256236 0.634921 0.274376 0.616780 0.292517 0.616780 0.312925 0.605442 0.337868 0.600907 0.344671 0.585034 0.383220 0.548753
0 0.512472 0.551020 0.517007 0.560091 0.517007 0.594104 0.521542 0.596372 0.532880 0.621315 0.539683 0.628118 0.537415 0.637188 0.548753 0.657596 0.548753 0.675737 0.566893 0.693878 0.566893 0.698413 0.571429 0.698413 0.575964 0.730159 0.569161 0.746032 0.562358 0.752834 0.562358 0.764172 0.569161 0.770975 0.575964 0.786848 0.580499 0.814059 0.591837 0.832200 0.612245 0.852608 0.646259 0.900227 0.673469 0.913832 0.712018 0.945578 0.727891 0.952381 0.784580 0.961451 0.804989 0.950113 0.820862 0.936508 0.827664 0.920635 0.825397 0.875283 0.820862 0.866213 0.818594 0.839002 0.804989 0.798186 0.782313 0.773243 0.780045 0.759637 0.766440 0.739229 0.748299 0.723356 0.739229 0.736961 0.727891 0.741497 0.687075 0.741497 0.641723 0.723356 0.605442 0.691610 0.598639 0.673469 0.566893 0.641723 0.564626 0.632653 0.548753 0.612245 0.537415 0.587302
0 0.072562 0.215420 0.070295 0.231293 0.063492 0.242630 0.065760 0.251701 0.061224 0.258503 0.061224 0.294785 0.065760 0.299320 0.113379 0.317460 0.115646 0.326531 0.140590 0.344671 0.176871 0.349206 0.195011 0.365079 0.213152 0.371882 0.235828 0.371882 0.240363 0.376417 0.240363 0.383220 0.235828 0.385488 0.249433 0.390023 0.315193 0.385488 0.342404 0.405896 0.349206 0.405896 0.383220 0.421769 0.383220 0.414966 0.376417 0.408163 0.378685 0.396825 0.374150 0.396825 0.346939 0.349206 0.344671 0.303855 0.340136 0.287982 0.333333 0.281179 0.328798 0.281179 0.303855 0.253968 0.278912 0.238095 0.260771 0.233560 0.238095 0.206349 0.226757 0.181406 0.192744 0.174603 0.165533 0.160998 0.131519 0.163265 0.113379 0.172336
0 0.947846 0.229025 0.941043 0.222222 0.909297 0.208617 0.857143 0.208617 0.832200 0.215420 0.804989 0.233560 0.782313 0.240363 0.768707 0.249433 0.766440 0.256236 0.741497 0.267574 0.734694 0.278912 0.716553 0.287982 0.705215 0.301587 0.702948 0.315193 0.682540 0.342404 0.675737 0.346939 0.664399 0.346939 0.662132 0.371882 0.657596 0.374150 0.657596 0.385488 0.653061 0.392290 0.648526 0.392290 0.643991 0.399093 0.623583 0.412698 0.580499 0.428571 0.580499 0.433107 0.605442 0.433107 0.666667 0.414966 0.689342 0.414966 0.702948 0.419501 0.702948 0.424036 0.721088 0.426304 0.780045 0.426304 0.814059 0.417234 0.825397 0.399093 0.866213 0.378685 0.947846 0.308390 0.956916 0.272109 0.956916 0.251701
0 0.421769 0.528345 0.414966 0.528345 0.414966 0.532880 0.417234 0.530612 0.419501 0.535147 0.408163 0.546485 0.387755 0.580499 0.376417 0.589569 0.369615 0.605442 0.362812 0.605442 0.362812 0.600907 0.333333 0.603175 0.312925 0.607710 0.292517 0.619048 0.274376 0.619048 0.256236 0.637188 0.219955 0.648526 0.199546 0.664399 0.160998 0.675737 0.147392 0.687075 0.133787 0.691610 0.126984 0.698413 0.120181 0.698413 0.104308 0.712018 0.097506 0.723356 0.097506 0.770975 0.108844 0.782313 0.131519 0.793651 0.185941 0.793651 0.269841 0.757370 0.362812 0.707483 0.390023 0.673469 0.396825 0.659864 0.394558 0.646259 0.399093 0.639456 0.399093 0.573696 0.424036 0.544218
0 0.371882 0.040816 0.346939 0.065760 0.342404 0.079365 0.337868 0.081633 0.337868 0.092971 0.326531 0.117914 0.326531 0.138322 0.333333 0.156463 0.333333 0.179138 0.353741 0.210884 0.351474 0.244898 0.358277 0.258503 0.374150 0.272109 0.374150 0.285714 0.417234 0.310658 0.430839 0.331066 0.428571 0.333333 0.444444 0.340136 0.462585 0.360544 0.462585 0.297052 0.473923 0.283447 0.473923 0.251701 0.480726 0.249433 0.489796 0.238095 0.482993 0.219955 0.476190 0.163265 0.478458 0.158730 0.473923 0.149660 0.476190 0.136054 0.458050 0.083900 0.439909 0.061224 0.403628 0.038549
0 0.505669 0.514739 0.505669 0.519274 0.512472 0.523810 0.510204 0.530612 0.535147 0.553288 0.539683 0.553288 0.541950 0.571429 0.553288 0.587302 0.557823 0.612245 0.571429 0.619048 0.575964 0.637188 0.589569 0.639456 0.594104 0.643991 0.596372 0.662132 0.600907 0.666667 0.598639 0.671202 0.607710 0.691610 0.641723 0.721088 0.687075 0.739229 0.727891 0.739229 0.739229 0.734694 0.746032 0.721088 0.748299 0.698413 0.743764 0.689342 0.743764 0.671202 0.736961 0.643991 0.684807 0.575964 0.650794 0.553288 0.632653 0.535147 0.614512 0.530612 0.598639 0.514739 0.512472 0.510204
0 0.224490 0.399093 0.222222 0.442177 0.242630 0.469388 0.256236 0.473923 0.274376 0.487528 0.315193 0.487528 0.326531 0.482993 0.346939 0.482993 0.374150 0.496599 0.374150 0.487528 0.378685 0.485261 0.380952 0.476190 0.394558 0.458050 0.410431 0.448980 0.408163 0.444444 0.390023 0.435374 0.380952 0.421769 0.342404 0.408163 0.315193 0.387755 0.292517 0.387755 0.278912 0.392290 0.249433 0.392290 0.238095 0.387755
0 0.662132 0.328798 0.621315 0.312925 0.587302 0.312925 0.557823 0.326531 0.544218 0.342404 0.523810 0.346939 0.512472 0.358277 0.507937 0.369615 0.501134 0.374150 0.501134 0.380952 0.512472 0.396825 0.514739 0.414966 0.526077 0.414966 0.528345 0.419501 0.557823 0.419501 0.560091 0.424036 0.573696 0.428571 0.580499 0.435374 0.580499 0.426304 0.623583 0.410431 0.655329 0.385488 0.655329 0.374150 0.659864 0.371882 0.662132 0.362812
0 0.471655 0.492063 0.467120 0.492063 0.467120 0.505669 0.455782 0.521542 0.442177 0.530612 0.424036 0.530612 0.426304 0.544218 0.401361 0.573696 0.401361 0.643991 0.412698 0.675737 0.433107 0.691610 0.451247 0.691610 0.482993 0.664399 0.482993 0.657596 0.498866 0.637188 0.514739 0.603175 0.512472 0.553288 0.514739 0.551020 0.521542 0.560091 0.532880 0.560091 0.532880 0.551020 0.507937 0.530612 0.510204 0.523810 0.503401 0.521542 0.487528 0.503401
0 0.403628 0.331066 0.399093 0.340136 0.390023 0.344671 0.380952 0.362812 0.378685 0.408163 0.385488 0.414966 0.385488 0.426304 0.390023 0.428571 0.390023 0.433107 0.408163 0.442177 0.410431 0.446712 0.430839 0.446712 0.448980 0.426304 0.444444 0.399093 0.455782 0.387755 0.462585 0.387755 0.467120 0.383220 0.467120 0.371882 0.444444 0.342404 0.424036 0.331066
0 0.480726 0.419501 0.451247 0.421769 0.448980 0.430839 0.435374 0.444444 0.435374 0.458050 0.448980 0.469388 0.453515 0.480726 0.460317 0.485261 0.464853 0.478458 0.485261 0.471655 0.494331 0.460317 0.494331 0.439909 0.480726 0.424036
0 0.598639 0.446712 0.573696 0.430839 0.566893 0.430839 0.557823 0.421769 0.539683 0.421769 0.539683 0.430839 0.528345 0.455782 0.521542 0.460317 0.498866 0.462585 0.498866 0.467120 0.519274 0.485261 0.519274 0.498866 0.512472 0.505669 0.514739 0.510204 0.562358 0.510204 0.557823 0.507937 0.589569 0.496599 0.600907 0.480726 0.600907 0.467120 0.605442 0.464853
0 0.433107 0.444444 0.430839 0.448980 0.412698 0.448980 0.396825 0.458050 0.383220 0.476190 0.380952 0.485261 0.376417 0.487528 0.376417 0.514739 0.383220 0.514739 0.401361 0.530612 0.412698 0.530612 0.414966 0.526077 0.442177 0.528345 0.455782 0.519274 0.464853 0.505669 0.464853 0.487528 0.453515 0.482993 0.446712 0.469388 0.433107 0.458050
0 0.514739 0.419501 0.510204 0.396825 0.498866 0.378685 0.480726 0.380952 0.478458 0.385488 0.467120 0.385488 0.462585 0.390023 0.455782 0.390023 0.446712 0.399093 0.451247 0.419501 0.480726 0.417234 0.487528 0.428571 0.494331 0.428571 0.505669 0.419501
0 0.496599 0.464853 0.485261 0.473923 0.464853 0.480726 0.467120 0.489796 0.487528 0.501134 0.503401 0.519274 0.503401 0.514739 0.512472 0.507937 0.510204 0.505669 0.517007 0.498866 0.517007 0.485261
0 0.537415 0.421769 0.517007 0.417234 0.514739 0.421769 0.505669 0.421769 0.494331 0.430839 0.489796 0.428571 0.496599 0.439909 0.494331 0.464853 0.501134 0.458050 0.526077 0.455782 0.532880 0.444444