0 0.467120 0.641723 0.478458 0.664399 0.478458 0.684807 0.485261 0.700680 0.485261 0.727891 0.473923 0.750567 0.473923 0.811791 0.482993 0.809524 0.496599 0.816327 0.507937 0.809524 0.521542 0.809524 0.560091 0.770975 0.560091 0.743764 0.548753 0.716553 0.548753 0.702948 0.544218 0.693878 0.532880 0.691610 0.519274 0.680272 0.492063 0.671202 0.482993 0.662132 0.471655 0.641723
0 0.229025 0.081633 0.213152 0.095238 0.204082 0.113379 0.199546 0.136054 0.206349 0.147392 0.206349 0.176871 0.210884 0.183673 0.215420 0.208617 0.240363 0.260771 0.256236 0.278912 0.263039 0.278912 0.287982 0.299320 0.326531 0.297052 0.346939 0.299320 0.349206 0.303855 0.326531 0.269841 0.324263 0.258503 0.317460 0.249433 0.317460 0.240363 0.299320 0.204082 0.299320 0.083900 0.294785 0.088435 0.276644 0.079365
0 0.698413 0.442177 0.746032 0.453515 0.804989 0.455782 0.818594 0.467120 0.827664 0.469388 0.854875 0.498866 0.857143 0.530612 0.841270 0.548753 0.832200 0.573696 0.818594 0.585034 0.764172 0.589569 0.755102 0.596372 0.759637 0.594104 0.777778 0.603175 0.766440 0.605442 0.784580 0.605442 0.814059 0.614512 0.809524 0.612245 0.827664 0.609977 0.829932 0.605442 0.866213 0.603175 0.884354 0.594104 0.900227 0.575964 0.900227 0.557823 0.913832 0.530612 0.913832 0.523810 0.895692 0.473923 0.884354 0.455782 0.868481 0.439909 0.818594 0.439909 0.809524 0.435374 0.798186 0.419501 0.748299 0.419501 0.730159 0.424036 0.712018 0.437642
0 0.909297 0.140590 0.900227 0.124717 0.884354 0.111111 0.834467 0.090703 0.820862 0.090703 0.784580 0.072562 0.725624 0.068027 0.709751 0.063492 0.664399 0.068027 0.643991 0.077098 0.619048 0.074830 0.587302 0.088435 0.566893 0.120181 0.553288 0.131519 0.555556 0.165533 0.551020 0.185941 0.528345 0.219955 0.519274 0.242630 0.510204 0.251701 0.505669 0.251701 0.512472 0.251701 0.514739 0.247166 0.521542 0.247166 0.532880 0.240363 0.587302 0.240363 0.607710 0.247166 0.612245 0.253968 0.643991 0.253968 0.691610 0.235828 0.693878 0.240363 0.702948 0.229025 0.714286 0.224490 0.752834 0.222222 0.768707 0.215420 0.825397 0.213152 0.873016 0.190476 0.873016 0.181406 0.902494 0.158730 0.909297 0.147392
0 0.367347 0.555556 0.335601 0.562358 0.321995 0.569161 0.319728 0.575964 0.321995 0.573696 0.324263 0.578231 0.315193 0.589569 0.290249 0.605442 0.263039 0.605442 0.247166 0.596372 0.253968 0.591837 0.238095 0.591837 0.235828 0.596372 0.224490 0.596372 0.213152 0.603175 0.170068 0.603175 0.151927 0.621315 0.126984 0.637188 0.111111 0.653061 0.106576 0.664399 0.090703 0.684807 0.086168 0.700680 0.074830 0.718821 0.065760 0.782313 0.079365 0.793651 0.083900 0.802721 0.111111 0.795918 0.129252 0.782313 0.133787 0.775510 0.136054 0.757370 0.154195 0.732426 0.174603 0.712018 0.195011 0.700680 0.215420 0.693878 0.226757 0.693878 0.229025 0.689342 0.278912 0.682540 0.303855 0.673469 0.308390 0.668934 0.308390 0.646259 0.319728 0.630385 0.331066 0.600907 0.353741 0.573696 0.360544 0.557823
0 0.557823 0.671202 0.544218 0.684807 0.544218 0.691610 0.551020 0.702948 0.551020 0.716553 0.562358 0.743764 0.562358 0.764172 0.566893 0.764172 0.564626 0.780045 0.555556 0.791383 0.553288 0.811791 0.566893 0.836735 0.566893 0.845805 0.585034 0.886621 0.600907 0.897959 0.637188 0.941043 0.639456 0.947846 0.650794 0.959184 0.687075 0.972789 0.712018 0.997732 0.850340 0.997732 0.850340 0.986395 0.857143 0.977324 0.854875 0.950113 0.848073 0.941043 0.848073 0.931973 0.841270 0.920635 0.841270 0.909297 0.834467 0.895692 0.829932 0.873016 0.823129 0.861678 0.823129 0.852608 0.784580 0.786848 0.766440 0.775510 0.757370 0.764172 0.709751 0.743764 0.693878 0.727891 0.696145 0.725624 0.664399 0.714286 0.648526 0.714286 0.634921 0.721088 0.612245 0.718821 0.598639 0.709751 0.566893 0.673469 0.571429 0.671202
0 0.000000 0.208617 0.000000 0.426304 0.029478 0.428571 0.031746 0.433107 0.054422 0.439909 0.149660 0.442177 0.151927 0.437642 0.170068 0.433107 0.179138 0.426304 0.231293 0.421769 0.224490 0.417234 0.229025 0.412698 0.249433 0.408163 0.290249 0.408163 0.317460 0.417234 0.321995 0.421769 0.353741 0.424036 0.358277 0.430839 0.358277 0.412698 0.346939 0.399093 0.346939 0.394558 0.337868 0.403628 0.326531 0.403628 0.260771 0.371882 0.244898 0.356009 0.231293 0.335601 0.226757 0.321995 0.208617 0.297052 0.195011 0.285714 0.183673 0.281179 0.167800 0.281179 0.149660 0.272109 0.145125 0.265306 0.120181 0.249433 0.090703 0.242630 0.013605 0.204082
0 0.997732 0.204082 0.970522 0.213152 0.950113 0.215420 0.950113 0.224490 0.945578 0.226757 0.945578 0.240363 0.941043 0.242630 0.938776 0.253968 0.925170 0.265306 0.925170 0.269841 0.909297 0.281179 0.907029 0.287982 0.902494 0.287982 0.897959 0.297052 0.888889 0.299320 0.888889 0.306122 0.882086 0.310658 0.877551 0.319728 0.868481 0.321995 0.854875 0.333333 0.834467 0.337868 0.829932 0.344671 0.820862 0.344671 0.818594 0.349206 0.800454 0.358277 0.791383 0.358277 0.789116 0.362812 0.768707 0.365079 0.748299 0.374150 0.732426 0.376417 0.727891 0.380952 0.712018 0.383220 0.709751 0.387755 0.682540 0.394558 0.666667 0.392290 0.605442 0.410431 0.603175 0.405896 0.605442 0.419501 0.612245 0.428571 0.616780 0.428571 0.621315 0.421769 0.646259 0.424036 0.650794 0.417234 0.680272 0.414966 0.716553 0.405896 0.764172 0.405896 0.798186 0.417234 0.802721 0.426304 0.818594 0.437642 0.873016 0.439909 0.873016 0.435374 0.925170 0.433107 0.959184 0.419501 0.975057 0.419501 0.984127 0.412698 0.990930 0.414966 0.997732 0.410431
0 0.410431 0.580499 0.396825 0.578231 0.387755 0.569161 0.387755 0.564626 0.369615 0.598639 0.346939 0.630385 0.303855 0.675737 0.278912 0.684807 0.229025 0.691610 0.226757 0.696145 0.215420 0.696145 0.195011 0.702948 0.174603 0.714286 0.138322 0.757370 0.136054 0.775510 0.115646 0.795918 0.086168 0.804989 0.079365 0.811791 0.081633 0.818594 0.049887 0.861678 0.040816 0.884354 0.018141 0.909297 0.004535 0.947846 0.004535 0.970522 0.009070 0.979592 0.027211 0.988662 0.031746 0.997732 0.113379 0.997732 0.138322 0.977324 0.151927 0.959184 0.158730 0.956916 0.174603 0.938776 0.183673 0.934240 0.217687 0.897959 0.238095 0.891156 0.256236 0.873016 0.285714 0.852608 0.287982 0.827664 0.294785 0.818594 0.294785 0.811791 0.306122 0.800454 0.308390 0.775510 0.333333 0.743764 0.344671 0.712018 0.344671 0.698413 0.353741 0.687075 0.371882 0.646259 0.392290 0.616780 0.405896 0.589569 0.405896 0.582766
0 0.337868 0.000000 0.335601 0.022676 0.337868 0.031746 0.346939 0.043084 0.342404 0.045351 0.362812 0.045351 0.374150 0.054422 0.390023 0.058957 0.414966 0.086168 0.426304 0.086168 0.446712 0.102041 0.455782 0.120181 0.462585 0.124717 0.464853 0.238095 0.469388 0.231293 0.469388 0.206349 0.473923 0.190476 0.526077 0.120181 0.528345 0.088435 0.541950 0.074830 0.548753 0.061224 0.546485 0.038549 0.551020 0.027211 0.539683 0.011338 0.544218 0.000000
0 0.578231 0.546485 0.578231 0.587302 0.591837 0.591837 0.614512 0.614512 0.646259 0.655329 0.668934 0.700680 0.689342 0.707483 0.698413 0.721088 0.693878 0.723356 0.689342 0.718821 0.709751 0.741497 0.757370 0.761905 0.773243 0.777778 0.784580 0.775510 0.829932 0.814059 0.852608 0.825397 0.891156 0.836735 0.911565 0.848073 0.934240 0.852608 0.950113 0.850340 0.986395 0.839002 0.995465 0.832200 0.997732 0.780045 0.984127 0.750567 0.972789 0.734694 0.922902 0.684807 0.916100 0.666667 0.904762 0.655329 0.884354 0.643991 0.863946 0.621315 0.854875 0.616780 0.839002 0.616780 0.827664 0.623583 0.818594 0.623583 0.811791 0.616780 0.800454 0.614512 0.795918 0.609977 0.757370 0.607710 0.750567 0.596372 0.755102 0.594104 0.721088 0.596372 0.716553 0.591837 0.689342 0.596372 0.680272 0.589569 0.657596 0.591837 0.612245 0.571429
0 0.371882 0.433107 0.365079 0.428571 0.360544 0.428571 0.358277 0.433107 0.353741 0.426304 0.321995 0.424036 0.317460 0.419501 0.290249 0.410431 0.249433 0.410431 0.231293 0.424036 0.179138 0.428571 0.170068 0.435374 0.151927 0.439909 0.149660 0.444444 0.054422 0.442177 0.031746 0.435374 0.029478 0.430839 0.000000 0.428571 0.000000 0.560091 0.006803 0.555556 0.011338 0.560091 0.024943 0.557823 0.047619 0.560091 0.054422 0.564626 0.070295 0.564626 0.102041 0.555556 0.111111 0.548753 0.122449 0.551020 0.124717 0.532880 0.149660 0.503401 0.158730 0.501134 0.195011 0.469388 0.229025 0.451247 0.242630 0.451247 0.278912 0.442177 0.374150 0.444444
0 0.947846 0.213152 0.936508 0.217687 0.916100 0.197279 0.893424 0.185941 0.877551 0.185941 0.861678 0.199546 0.850340 0.201814 0.843537 0.208617 0.825397 0.215420 0.768707 0.217687 0.752834 0.224490 0.725624 0.224490 0.702948 0.231293 0.684807 0.253968 0.673469 0.249433 0.659864 0.265306 0.650794 0.269841 0.634921 0.267574 0.614512 0.281179 0.612245 0.278912 0.612245 0.299320 0.607710 0.303855 0.600907 0.331066 0.587302 0.351474 0.555556 0.376417 0.557823 0.380952 0.580499 0.383220 0.585034 0.396825 0.589569 0.390023 0.605442 0.385488 0.653061 0.380952 0.671202 0.387755 0.671202 0.392290 0.682540 0.392290 0.709751 0.385488 0.712018 0.380952 0.727891 0.378685 0.732426 0.374150 0.748299 0.371882 0.768707 0.362812 0.800454 0.356009 0.818594 0.346939 0.820862 0.342404 0.829932 0.342404 0.834467 0.335601 0.854875 0.331066 0.857143 0.326531 0.877551 0.317460 0.879819 0.310658 0.886621 0.306122 0.886621 0.299320 0.897959 0.294785 0.900227 0.287982 0.907029 0.285714 0.907029 0.281179 0.918367 0.274376 0.922902 0.265306 0.936508 0.253968 0.938776 0.242630 0.943311 0.240363 0.943311 0.226757 0.947846 0.224490
0 0.444444 0.555556 0.437642 0.564626 0.424036 0.571429 0.426304 0.582766 0.421769 0.589569 0.421769 0.598639 0.410431 0.614512 0.405896 0.628118 0.390023 0.643991 0.392290 0.659864 0.371882 0.671202 0.362812 0.680272 0.360544 0.687075 0.367347 0.693878 0.367347 0.700680 0.349206 0.718821 0.349206 0.736961 0.342404 0.736961 0.342404 0.732426 0.310658 0.775510 0.308390 0.800454 0.297052 0.811791 0.297052 0.818594 0.290249 0.827664 0.287982 0.857143 0.290249 0.854875 0.292517 0.859410 0.285714 0.870748 0.285714 0.886621 0.278912 0.911565 0.283447 0.918367 0.281179 0.927438 0.287982 0.941043 0.287982 0.954649 0.292517 0.963719 0.290249 0.977324 0.301587 0.984127 0.312925 0.997732 0.349206 0.997732 0.371882 0.986395 0.385488 0.968254 0.408163 0.950113 0.424036 0.927438 0.435374 0.900227 0.455782 0.866213 0.462585 0.832200 0.471655 0.814059 0.471655 0.750567 0.482993 0.727891 0.482993 0.700680 0.476190 0.684807 0.473923 0.657596 0.460317 0.634921 0.460317 0.625850 0.446712 0.607710
0 0.333333 0.052154 0.301587 0.086168 0.301587 0.204082 0.306122 0.208617 0.306122 0.217687 0.319728 0.240363 0.319728 0.249433 0.326531 0.258503 0.328798 0.269841 0.351474 0.301587 0.349206 0.312925 0.390023 0.312925 0.410431 0.317460 0.430839 0.337868 0.448980 0.349206 0.455782 0.344671 0.460317 0.312925 0.489796 0.276644 0.489796 0.263039 0.487528 0.267574 0.480726 0.260771 0.464853 0.258503 0.460317 0.124717 0.453515 0.120181 0.453515 0.115646 0.437642 0.095238 0.426304 0.088435 0.414966 0.088435 0.390023 0.061224 0.374150 0.056689 0.362812 0.047619
0 0.349206 0.315193 0.335601 0.333333 0.337868 0.349206 0.333333 0.369615 0.340136 0.376417 0.349206 0.399093 0.360544 0.412698 0.360544 0.426304 0.365079 0.426304 0.374150 0.435374 0.374150 0.428571 0.387755 0.424036 0.390023 0.419501 0.430839 0.419501 0.430839 0.362812 0.444444 0.346939 0.430839 0.340136 0.410431 0.319728 0.390023 0.315193
0 0.535147 0.485261 0.535147 0.505669 0.539683 0.514739 0.573696 0.546485 0.598639 0.546485 0.625850 0.564626 0.639456 0.560091 0.653061 0.573696 0.682540 0.573696 0.691610 0.580499 0.712018 0.580499 0.727891 0.591837 0.721088 0.594104 0.718821 0.591837 0.757370 0.594104 0.764172 0.587302 0.795918 0.587302 0.818594 0.582766 0.829932 0.573696 0.839002 0.548753 0.854875 0.530612 0.852608 0.498866 0.827664 0.471655 0.818594 0.469388 0.804989 0.458050 0.746032 0.455782 0.691610 0.444444 0.678005 0.426304 0.655329 0.430839 0.643991 0.424036 0.621315 0.424036 0.616780 0.430839 0.609977 0.430839 0.562358 0.471655 0.541950 0.476190
0 0.492063 0.378685 0.492063 0.392290 0.498866 0.405896 0.501134 0.424036 0.510204 0.433107 0.507937 0.435374 0.517007 0.439909 0.530612 0.455782 0.535147 0.478458 0.562358 0.469388 0.609977 0.428571 0.603175 0.419501 0.603175 0.410431 0.585034 0.399093 0.580499 0.385488 0.575964 0.383220 0.528345 0.378685 0.498866 0.378685 0.494331 0.383220
0 0.403628 0.471655 0.380952 0.458050 0.369615 0.444444 0.278912 0.444444 0.242630 0.453515 0.229025 0.453515 0.195011 0.471655 0.167800 0.496599 0.149660 0.505669 0.145125 0.514739 0.126984 0.532880 0.124717 0.555556 0.129252 0.555556 0.129252 0.564626 0.149660 0.587302 0.160998 0.589569 0.174603 0.596372 0.176871 0.600907 0.213152 0.600907 0.224490 0.594104 0.235828 0.594104 0.238095 0.589569 0.253968 0.589569 0.256236 0.594104 0.272109 0.589569 0.281179 0.596372 0.290249 0.596372 0.297052 0.587302 0.315193 0.578231 0.321995 0.566893 0.360544 0.553288 0.371882 0.555556 0.383220 0.546485 0.383220 0.521542 0.390023 0.517007
0 0.464853 0.489796 0.448980 0.485261 0.421769 0.485261 0.405896 0.473923 0.392290 0.517007 0.385488 0.521542 0.383220 0.553288 0.390023 0.569161 0.396825 0.575964 0.417234 0.575964 0.439909 0.560091 0.439909 0.553288 0.462585 0.528345 0.462585 0.517007 0.467120 0.512472 0.467120 0.505669 0.471655 0.503401
0 0.594104 0.249433 0.571429 0.247166 0.562358 0.242630 0.532880 0.242630 0.521542 0.249433 0.514739 0.249433 0.512472 0.253968 0.494331 0.258503 0.492063 0.276644 0.462585 0.312925 0.462585 0.328798 0.458050 0.344671 0.451247 0.349206 0.467120 0.367347 0.473923 0.369615 0.482993 0.378685 0.482993 0.383220 0.489796 0.383220 0.492063 0.376417 0.494331 0.380952 0.498866 0.376417 0.555556 0.378685 0.553288 0.374150 0.578231 0.358277 0.598639 0.331066 0.598639 0.324263 0.603175 0.321995 0.603175 0.310658 0.609977 0.299320 0.607710 0.269841
0 0.469388 0.505669 0.464853 0.528345 0.442177 0.553288 0.442177 0.557823 0.444444 0.553288 0.446712 0.555556 0.448980 0.607710 0.462585 0.625850 0.462585 0.630385 0.471655 0.632653 0.469388 0.639456 0.492063 0.668934 0.519274 0.678005 0.532880 0.689342 0.541950 0.689342 0.541950 0.684807 0.557823 0.668934 0.578231 0.666667 0.585034 0.659864 0.591837 0.643991 0.589569 0.621315 0.575964 0.600907 0.575964 0.548753 0.537415 0.514739 0.537415 0.510204 0.530612 0.510204 0.523810 0.519274 0.507937 0.519274 0.492063 0.510204
0 0.507937 0.433107 0.487528 0.451247 0.476190 0.471655 0.460317 0.485261 0.469388 0.492063 0.473923 0.503401 0.492063 0.507937 0.507937 0.517007 0.523810 0.517007 0.530612 0.507937 0.535147 0.507937 0.532880 0.467120 0.523810 0.448980 0.505669 0.435374
0 0.433107 0.362812 0.433107 0.417234 0.464853 0.417234 0.469388 0.412698 0.480726 0.410431 0.485261 0.403628 0.492063 0.403628 0.489796 0.385488 0.482993 0.385488 0.480726 0.378685 0.467120 0.369615 0.446712 0.349206
0 0.505669 0.433107 0.498866 0.424036 0.494331 0.401361 0.492063 0.405896 0.485261 0.405896 0.480726 0.412698 0.469388 0.414966 0.464853 0.419501 0.390023 0.421769 0.387755 0.426304 0.376417 0.428571 0.374150 0.448980 0.414966 0.480726 0.458050 0.485261 0.473923 0.471655 0.485261 0.451247