0 0.446712 0.643991 0.430839 0.662132 0.428571 0.687075 0.444444 0.707483 0.460317 0.721088 0.478458 0.725624 0.446712 0.664399
0 0.401361 0.387755 0.390023 0.401361 0.380952 0.419501 0.380952 0.428571 0.392290 0.437642 0.399093 0.453515 0.410431 0.458050 0.419501 0.467120 0.433107 0.498866 0.444444 0.498866 0.442177 0.492063 0.435374 0.487528 0.424036 0.460317 0.437642 0.444444 0.433107 0.394558 0.426304 0.387755
0 0.501134 0.562358 0.519274 0.575964 0.530612 0.578231 0.546485 0.594104 0.551020 0.603175 0.551020 0.621315 0.560091 0.637188 0.591837 0.655329 0.643991 0.655329 0.657596 0.646259 0.662132 0.630385 0.668934 0.621315 0.668934 0.614512 0.662132 0.612245 0.639456 0.612245 0.625850 0.607710 0.603175 0.585034 0.582766 0.571429 0.564626 0.569161 0.555556 0.575964 0.544218 0.575964 0.528345 0.566893 0.521542 0.557823
0 0.290249 0.458050 0.265306 0.460317 0.235828 0.473923 0.217687 0.512472 0.219955 0.530612 0.226757 0.537415 0.258503 0.551020 0.276644 0.553288 0.285714 0.560091 0.299320 0.548753 0.319728 0.548753 0.285714 0.514739 0.285714 0.489796 0.312925 0.478458 0.324263 0.469388 0.319728 0.469388 0.312925 0.462585 0.301587 0.464853
0 0.657596 0.297052 0.648526 0.292517 0.628118 0.297052 0.580499 0.324263 0.548753 0.356009 0.544218 0.349206 0.555556 0.383220 0.555556 0.401361 0.541950 0.419501 0.539683 0.430839 0.521542 0.467120 0.496599 0.489796 0.482993 0.492063 0.503401 0.494331 0.507937 0.501134 0.510204 0.492063 0.553288 0.460317 0.566893 0.453515 0.585034 0.455782 0.600907 0.451247 0.628118 0.430839 0.655329 0.403628 0.666667 0.380952 0.668934 0.365079 0.675737 0.351474 0.675737 0.326531 0.666667 0.306122
0 0.428571 0.598639 0.417234 0.600907 0.405896 0.596372 0.408163 0.605442 0.394558 0.628118 0.385488 0.655329 0.374150 0.671202 0.353741 0.682540 0.333333 0.684807 0.310658 0.696145 0.283447 0.725624 0.269841 0.750567 0.269841 0.834467 0.278912 0.857143 0.290249 0.873016 0.312925 0.888889 0.340136 0.886621 0.362812 0.875283 0.380952 0.854875 0.394558 0.848073 0.396825 0.836735 0.414966 0.807256 0.419501 0.793651 0.419501 0.752834 0.417234 0.741497 0.394558 0.698413 0.394558 0.671202 0.412698 0.628118 0.414966 0.614512
0 0.192744 0.299320 0.185941 0.328798 0.190476 0.333333 0.192744 0.344671 0.213152 0.369615 0.224490 0.396825 0.231293 0.403628 0.269841 0.428571 0.281179 0.430839 0.290249 0.437642 0.301587 0.430839 0.337868 0.424036 0.360544 0.439909 0.390023 0.469388 0.392290 0.480726 0.401361 0.485261 0.412698 0.498866 0.421769 0.503401 0.430839 0.498866 0.419501 0.487528 0.390023 0.437642 0.383220 0.430839 0.380952 0.435374 0.367347 0.410431 0.369615 0.369615 0.365079 0.362812 0.365079 0.351474 0.351474 0.333333 0.346939 0.317460 0.335601 0.299320 0.292517 0.267574 0.274376 0.260771 0.260771 0.260771 0.253968 0.265306 0.235828 0.263039 0.206349 0.292517
0 0.825397 0.539683 0.814059 0.514739 0.798186 0.498866 0.780045 0.489796 0.764172 0.487528 0.750567 0.480726 0.682540 0.480726 0.662132 0.489796 0.643991 0.489796 0.628118 0.494331 0.605442 0.510204 0.607710 0.521542 0.585034 0.535147 0.566893 0.539683 0.539683 0.539683 0.537415 0.535147 0.521542 0.555556 0.566893 0.557823 0.571429 0.564626 0.564626 0.566893 0.575964 0.566893 0.594104 0.575964 0.630385 0.607710 0.662132 0.609977 0.671202 0.614512 0.680272 0.609977 0.723356 0.614512 0.780045 0.600907 0.795918 0.582766 0.811791 0.573696 0.825397 0.551020
0 0.417234 0.544218 0.403628 0.555556 0.378685 0.560091 0.383220 0.562358 0.380952 0.566893 0.362812 0.571429 0.344671 0.582766 0.312925 0.587302 0.294785 0.580499 0.260771 0.578231 0.247166 0.591837 0.233560 0.591837 0.215420 0.598639 0.170068 0.639456 0.165533 0.650794 0.154195 0.662132 0.133787 0.707483 0.142857 0.732426 0.170068 0.743764 0.217687 0.739229 0.242630 0.732426 0.260771 0.716553 0.272109 0.716553 0.292517 0.702948 0.308390 0.684807 0.324263 0.678005 0.333333 0.668934 0.346939 0.641723 0.344671 0.621315 0.349206 0.614512 0.405896 0.569161
0 0.510204 0.315193 0.482993 0.328798 0.476190 0.328798 0.458050 0.351474 0.458050 0.365079 0.451247 0.390023 0.442177 0.410431 0.437642 0.412698 0.439909 0.442177 0.453515 0.460317 0.451247 0.489796 0.444444 0.494331 0.453515 0.510204 0.467120 0.496599 0.467120 0.487528 0.478458 0.476190 0.496599 0.469388 0.498866 0.462585 0.510204 0.455782 0.526077 0.453515 0.539683 0.419501 0.553288 0.401361 0.553288 0.383220 0.541950 0.346939 0.523810 0.321995
0 0.473923 0.566893 0.462585 0.580499 0.446712 0.591837 0.458050 0.596372 0.455782 0.625850 0.448980 0.634921 0.448980 0.664399 0.453515 0.668934 0.453515 0.675737 0.460317 0.682540 0.480726 0.727891 0.489796 0.736961 0.523810 0.757370 0.557823 0.755102 0.566893 0.746032 0.575964 0.723356 0.575964 0.696145 0.569161 0.675737 0.546485 0.634921 0.517007 0.605442 0.489796 0.596372 0.476190 0.582766
0 0.287982 0.489796 0.287982 0.514739 0.303855 0.532880 0.328798 0.553288 0.342404 0.553288 0.353741 0.560091 0.376417 0.560091 0.403628 0.553288 0.417234 0.541950 0.419501 0.544218 0.430839 0.537415 0.428571 0.512472 0.424036 0.503401 0.421769 0.505669 0.412698 0.501134 0.383220 0.471655 0.328798 0.467120 0.312925 0.480726
0 0.464853 0.498866 0.460317 0.507937 0.487528 0.512472 0.507937 0.528345 0.503401 0.544218 0.494331 0.553288 0.485261 0.555556 0.482993 0.564626 0.519274 0.555556 0.537415 0.532880 0.530612 0.512472 0.517007 0.503401 0.507937 0.503401 0.503401 0.496599 0.482993 0.494331 0.476190 0.498866
0 0.417234 0.546485 0.417234 0.553288 0.408163 0.569161 0.399093 0.575964 0.399093 0.587302 0.410431 0.596372 0.428571 0.596372 0.433107 0.603175 0.437642 0.603175 0.444444 0.596372 0.444444 0.591837 0.467120 0.571429 0.458050 0.571429 0.446712 0.557823 0.426304 0.557823
0 0.455782 0.507937 0.462585 0.514739 0.462585 0.537415 0.473923 0.546485 0.478458 0.564626 0.485261 0.553288 0.494331 0.551020 0.501134 0.544218 0.505669 0.528345 0.487528 0.514739
0 0.426304 0.503401 0.430839 0.512472 0.430839 0.526077 0.433107 0.517007 0.439909 0.514739 0.455782 0.530612 0.462585 0.532880 0.460317 0.514739 0.448980 0.507937 0.446712 0.498866
0 0.435374 0.517007 0.433107 0.537415 0.426304 0.544218 0.421769 0.544218 0.424036 0.553288 0.446712 0.555556 0.458050 0.569161 0.469388 0.569161 0.473923 0.564626 0.471655 0.546485 0.444444 0.519274