0 0.444444 0.337868 0.433107 0.349206 0.421769 0.369615 0.421769 0.385488 0.448980 0.414966 0.455782 0.437642 0.453515 0.453515 0.467120 0.455782 0.462585 0.453515 0.458050 0.430839 0.458050 0.417234 0.462585 0.412698 0.453515 0.408163 0.442177 0.383220
0 0.460317 0.569161 0.448980 0.575964 0.448980 0.587302 0.433107 0.600907 0.421769 0.603175 0.412698 0.616780 0.419501 0.643991 0.433107 0.657596 0.446712 0.662132 0.467120 0.659864 0.473923 0.646259 0.469388 0.628118 0.471655 0.603175 0.458050 0.589569
0 0.693878 0.403628 0.684807 0.383220 0.664399 0.369615 0.643991 0.365079 0.614512 0.365079 0.580499 0.383220 0.573696 0.396825 0.573696 0.426304 0.569161 0.435374 0.541950 0.458050 0.528345 0.460317 0.544218 0.467120 0.564626 0.455782 0.582766 0.451247 0.607710 0.473923 0.625850 0.478458 0.650794 0.476190 0.680272 0.451247 0.693878 0.424036
0 0.240363 0.448980 0.217687 0.494331 0.222222 0.514739 0.247166 0.539683 0.272109 0.553288 0.326531 0.553288 0.342404 0.532880 0.319728 0.526077 0.306122 0.514739 0.290249 0.487528 0.287982 0.462585 0.310658 0.444444 0.319728 0.442177 0.306122 0.437642 0.272109 0.435374 0.253968 0.439909
0 0.582766 0.621315 0.580499 0.648526 0.587302 0.664399 0.587302 0.673469 0.578231 0.698413 0.575964 0.716553 0.566893 0.727891 0.551020 0.730159 0.564626 0.736961 0.587302 0.761905 0.600907 0.770975 0.630385 0.780045 0.668934 0.780045 0.680272 0.768707 0.687075 0.752834 0.687075 0.730159 0.668934 0.689342 0.634921 0.648526 0.589569 0.630385
0 0.299320 0.231293 0.281179 0.247166 0.276644 0.256236 0.276644 0.299320 0.292517 0.328798 0.303855 0.342404 0.321995 0.356009 0.358277 0.374150 0.380952 0.380952 0.405896 0.405896 0.437642 0.458050 0.437642 0.464853 0.446712 0.460317 0.451247 0.451247 0.446712 0.453515 0.439909 0.444444 0.435374 0.428571 0.426304 0.417234 0.424036 0.405896 0.412698 0.390023 0.412698 0.383220 0.403628 0.365079 0.403628 0.349206 0.410431 0.335601 0.410431 0.319728 0.401361 0.301587 0.376417 0.278912 0.369615 0.260771 0.351474 0.242630 0.324263 0.229025
0 0.417234 0.532880 0.417234 0.537415 0.394558 0.553288 0.387755 0.562358 0.351474 0.582766 0.306122 0.582766 0.263039 0.607710 0.253968 0.621315 0.235828 0.637188 0.210884 0.680272 0.201814 0.716553 0.201814 0.743764 0.206349 0.748299 0.229025 0.752834 0.256236 0.752834 0.319728 0.721088 0.351474 0.693878 0.367347 0.666667 0.369615 0.655329 0.376417 0.648526 0.369615 0.637188 0.374150 0.598639 0.414966 0.557823 0.419501 0.560091
0 0.560091 0.519274 0.591837 0.523810 0.605442 0.532880 0.619048 0.560091 0.632653 0.571429 0.657596 0.573696 0.671202 0.580499 0.712018 0.580499 0.736961 0.569161 0.750567 0.569161 0.761905 0.557823 0.761905 0.541950 0.752834 0.514739 0.716553 0.485261 0.684807 0.473923 0.657596 0.473923 0.650794 0.478458 0.628118 0.480726 0.616780 0.494331 0.596372 0.503401 0.564626 0.503401 0.564626 0.512472
0 0.514739 0.238095 0.494331 0.238095 0.478458 0.249433 0.458050 0.285714 0.453515 0.319728 0.446712 0.333333 0.444444 0.383220 0.458050 0.410431 0.473923 0.410431 0.476190 0.439909 0.473923 0.451247 0.467120 0.453515 0.478458 0.458050 0.482993 0.464853 0.482993 0.455782 0.494331 0.433107 0.510204 0.417234 0.519274 0.414966 0.532880 0.399093 0.546485 0.360544 0.544218 0.283447 0.532880 0.253968
0 0.478458 0.544218 0.476190 0.557823 0.469388 0.564626 0.476190 0.578231 0.476190 0.587302 0.467120 0.598639 0.473923 0.603175 0.471655 0.628118 0.480726 0.657596 0.489796 0.671202 0.489796 0.678005 0.512472 0.707483 0.528345 0.714286 0.537415 0.723356 0.548753 0.727891 0.566893 0.725624 0.573696 0.716553 0.575964 0.698413 0.585034 0.673469 0.585034 0.664399 0.578231 0.648526 0.578231 0.607710 0.573696 0.600907 0.557823 0.594104 0.544218 0.578231 0.523810 0.571429 0.507937 0.571429 0.494331 0.564626 0.482993 0.548753 0.494331 0.544218 0.496599 0.546485
0 0.290249 0.462585 0.292517 0.487528 0.308390 0.514739 0.319728 0.523810 0.353741 0.535147 0.358277 0.539683 0.378685 0.539683 0.383220 0.535147 0.403628 0.537415 0.412698 0.526077 0.417234 0.526077 0.424036 0.510204 0.433107 0.517007 0.435374 0.512472 0.439909 0.514739 0.439909 0.496599 0.435374 0.489796 0.426304 0.489796 0.421769 0.471655 0.417234 0.467120 0.401361 0.464853 0.378685 0.451247 0.367347 0.451247 0.360544 0.446712 0.346939 0.446712 0.324263 0.439909
0 0.485261 0.471655 0.485261 0.487528 0.478458 0.498866 0.478458 0.507937 0.494331 0.507937 0.501134 0.514739 0.501134 0.523810 0.512472 0.537415 0.541950 0.532880 0.557823 0.521542 0.562358 0.512472 0.557823 0.480726 0.539683 0.467120 0.514739 0.460317 0.507937 0.464853 0.496599 0.464853
0 0.435374 0.514739 0.437642 0.517007 0.419501 0.532880 0.419501 0.562358 0.428571 0.573696 0.446712 0.575964 0.460317 0.566893 0.467120 0.566893 0.473923 0.557823 0.476190 0.546485 0.458050 0.519274 0.442177 0.519274
0 0.478458 0.460317 0.451247 0.455782 0.435374 0.469388 0.433107 0.487528 0.442177 0.496599 0.442177 0.507937 0.451247 0.498866 0.478458 0.496599 0.482993 0.487528 0.482993 0.467120
0 0.462585 0.523810 0.476190 0.544218 0.496599 0.541950 0.498866 0.537415 0.498866 0.514739 0.494331 0.510204 0.478458 0.510204 0.478458 0.514739 0.469388 0.523810
0 0.476190 0.498866 0.451247 0.501134 0.442177 0.510204 0.442177 0.517007 0.458050 0.517007 0.462585 0.521542 0.469388 0.521542 0.476190 0.514739