0 0.514739 0.641723 0.503401 0.648526 0.446712 0.643991 0.448980 0.646259 0.433107 0.664399 0.433107 0.693878 0.467120 0.721088 0.489796 0.721088 0.501134 0.716553 0.523810 0.678005 0.519274 0.657596 0.512472 0.648526
0 0.394558 0.392290 0.394558 0.444444 0.401361 0.460317 0.419501 0.476190 0.433107 0.501134 0.433107 0.487528 0.437642 0.480726 0.430839 0.478458 0.424036 0.460317 0.437642 0.439909 0.435374 0.424036 0.430839 0.421769 0.430839 0.412698 0.421769 0.399093 0.408163 0.392290
0 0.492063 0.560091 0.519274 0.573696 0.544218 0.594104 0.546485 0.621315 0.553288 0.637188 0.580499 0.655329 0.603175 0.662132 0.641723 0.662132 0.655329 0.653061 0.659864 0.639456 0.641723 0.637188 0.616780 0.625850 0.596372 0.621315 0.591837 0.616780 0.578231 0.614512 0.557823 0.594104 0.553288 0.580499 0.532880 0.569161
0 0.235828 0.526077 0.244898 0.535147 0.263039 0.539683 0.274376 0.546485 0.290249 0.548753 0.301587 0.544218 0.324263 0.544218 0.344671 0.523810 0.362812 0.521542 0.374150 0.503401 0.365079 0.510204 0.353741 0.510204 0.342404 0.501134 0.328798 0.473923 0.281179 0.460317 0.269841 0.467120 0.263039 0.467120 0.249433 0.480726 0.233560 0.503401
0 0.603175 0.312925 0.589569 0.310658 0.557823 0.333333 0.541950 0.349206 0.535147 0.365079 0.523810 0.376417 0.514739 0.399093 0.514739 0.408163 0.510204 0.410431 0.510204 0.424036 0.526077 0.455782 0.526077 0.469388 0.519274 0.478458 0.510204 0.482993 0.510204 0.496599 0.503401 0.503401 0.548753 0.471655 0.569161 0.471655 0.591837 0.460317 0.623583 0.421769 0.637188 0.392290 0.639456 0.351474 0.634921 0.342404
0 0.428571 0.575964 0.414966 0.600907 0.405896 0.630385 0.403628 0.653061 0.394558 0.678005 0.383220 0.689342 0.362812 0.700680 0.346939 0.718821 0.335601 0.743764 0.333333 0.764172 0.337868 0.807256 0.344671 0.816327 0.344671 0.825397 0.376417 0.868481 0.399093 0.877551 0.421769 0.875283 0.437642 0.859410 0.453515 0.825397 0.462585 0.814059 0.460317 0.802721 0.464853 0.795918 0.467120 0.764172 0.448980 0.725624 0.419501 0.696145 0.412698 0.675737 0.414966 0.643991 0.419501 0.625850 0.426304 0.614512
0 0.253968 0.326531 0.238095 0.353741 0.238095 0.371882 0.260771 0.408163 0.263039 0.424036 0.278912 0.437642 0.294785 0.444444 0.312925 0.458050 0.331066 0.458050 0.351474 0.451247 0.369615 0.455782 0.405896 0.494331 0.401361 0.498866 0.414966 0.498866 0.437642 0.514739 0.396825 0.455782 0.392290 0.444444 0.392290 0.392290 0.387755 0.392290 0.378685 0.376417 0.378685 0.367347 0.371882 0.353741 0.351474 0.328798 0.331066 0.310658 0.310658 0.301587 0.299320 0.306122 0.281179 0.306122
0 0.487528 0.539683 0.487528 0.557823 0.498866 0.557823 0.505669 0.562358 0.526077 0.560091 0.553288 0.571429 0.560091 0.594104 0.573696 0.609977 0.641723 0.634921 0.664399 0.637188 0.696145 0.632653 0.736961 0.607710 0.752834 0.587302 0.748299 0.562358 0.734694 0.541950 0.709751 0.523810 0.684807 0.514739 0.655329 0.514739 0.641723 0.510204 0.612245 0.514739 0.598639 0.510204 0.580499 0.519274 0.557823 0.541950 0.510204 0.544218 0.492063 0.537415
0 0.428571 0.564626 0.412698 0.564626 0.401361 0.560091 0.399093 0.566893 0.371882 0.578231 0.331066 0.569161 0.308390 0.582766 0.285714 0.587302 0.238095 0.625850 0.219955 0.662132 0.222222 0.687075 0.249433 0.707483 0.292517 0.700680 0.312925 0.691610 0.328798 0.678005 0.340136 0.673469 0.376417 0.639456 0.392290 0.594104 0.414966 0.573696 0.428571 0.569161
0 0.507937 0.414966 0.496599 0.414966 0.469388 0.433107 0.462585 0.448980 0.435374 0.487528 0.435374 0.503401 0.446712 0.514739 0.444444 0.523810 0.478458 0.523810 0.507937 0.496599 0.507937 0.482993 0.521542 0.473923 0.523810 0.455782 0.507937 0.424036
0 0.498866 0.571429 0.494331 0.571429 0.487528 0.564626 0.485261 0.571429 0.448980 0.566893 0.437642 0.573696 0.428571 0.573696 0.428571 0.612245 0.435374 0.634921 0.444444 0.641723 0.469388 0.641723 0.482993 0.646259 0.507937 0.643991 0.514739 0.634921 0.514739 0.621315 0.519274 0.616780 0.519274 0.609977 0.503401 0.587302
0 0.358277 0.523810 0.360544 0.535147 0.383220 0.555556 0.392290 0.560091 0.405896 0.557823 0.412698 0.562358 0.426304 0.560091 0.430839 0.541950 0.444444 0.526077 0.439909 0.517007 0.408163 0.498866 0.380952 0.503401 0.362812 0.523810
0 0.455782 0.523810 0.467120 0.537415 0.467120 0.553288 0.448980 0.562358 0.485261 0.569161 0.487528 0.546485 0.480726 0.530612 0.471655 0.523810
0 0.458050 0.528345 0.446712 0.526077 0.433107 0.541950 0.428571 0.551020 0.430839 0.571429 0.446712 0.566893 0.448980 0.560091 0.464853 0.553288 0.464853 0.537415