0 0.346939 0.498866 0.335601 0.501134 0.312925 0.519274 0.294785 0.519274 0.297052 0.539683 0.308390 0.557823 0.333333 0.532880 0.365079 0.519274
0 0.519274 0.390023 0.498866 0.392290 0.478458 0.401361 0.464853 0.414966 0.444444 0.446712 0.444444 0.467120 0.439909 0.480726 0.442177 0.485261 0.451247 0.485261 0.455782 0.489796 0.455782 0.494331 0.446712 0.503401 0.448980 0.512472 0.455782 0.519274 0.458050 0.517007 0.453515 0.512472 0.469388 0.494331 0.476190 0.498866 0.485261 0.498866 0.510204 0.476190 0.535147 0.426304 0.535147 0.408163
0 0.498866 0.541950 0.503401 0.551020 0.507937 0.548753 0.519274 0.557823 0.526077 0.580499 0.546485 0.591837 0.571429 0.589569 0.585034 0.578231 0.589569 0.569161 0.589569 0.548753 0.585034 0.539683 0.573696 0.528345 0.557823 0.521542 0.544218 0.523810 0.523810 0.544218
0 0.340136 0.369615 0.337868 0.390023 0.346939 0.408163 0.367347 0.428571 0.371882 0.426304 0.367347 0.421769 0.376417 0.412698 0.387755 0.412698 0.392290 0.417234 0.385488 0.428571 0.396825 0.433107 0.408163 0.448980 0.417234 0.471655 0.414966 0.482993 0.430839 0.485261 0.414966 0.451247 0.414966 0.430839 0.433107 0.412698 0.439909 0.394558 0.439909 0.369615 0.435374 0.360544 0.426304 0.351474 0.390023 0.351474 0.369615 0.358277 0.358277 0.358277
0 0.428571 0.553288 0.410431 0.585034 0.390023 0.609977 0.346939 0.609977 0.319728 0.632653 0.308390 0.650794 0.299320 0.687075 0.301587 0.716553 0.306122 0.727891 0.321995 0.741497 0.337868 0.746032 0.360544 0.741497 0.374150 0.734694 0.394558 0.714286 0.396825 0.702948 0.408163 0.689342 0.414966 0.673469 0.412698 0.650794 0.399093 0.632653 0.399093 0.619048 0.424036 0.578231 0.426304 0.566893 0.435374 0.560091
0 0.650794 0.403628 0.637188 0.390023 0.628118 0.387755 0.605442 0.387755 0.575964 0.399093 0.546485 0.419501 0.528345 0.439909 0.519274 0.460317 0.526077 0.469388 0.523810 0.482993 0.496599 0.501134 0.471655 0.510204 0.462585 0.519274 0.482993 0.521542 0.496599 0.507937 0.528345 0.496599 0.539683 0.496599 0.557823 0.503401 0.585034 0.503401 0.637188 0.467120 0.655329 0.433107 0.655329 0.412698
0 0.188209 0.419501 0.188209 0.451247 0.208617 0.485261 0.215420 0.492063 0.240363 0.501134 0.258503 0.512472 0.287982 0.514739 0.292517 0.519274 0.312925 0.517007 0.340136 0.496599 0.356009 0.496599 0.403628 0.514739 0.401361 0.498866 0.392290 0.501134 0.349206 0.480726 0.337868 0.469388 0.328798 0.442177 0.303855 0.417234 0.290249 0.414966 0.272109 0.403628 0.260771 0.401361 0.222222 0.401361 0.195011 0.410431
0 0.451247 0.562358 0.458050 0.578231 0.458050 0.594104 0.462585 0.603175 0.462585 0.614512 0.458050 0.623583 0.442177 0.641723 0.439909 0.675737 0.448980 0.691610 0.451247 0.709751 0.485261 0.748299 0.494331 0.752834 0.519274 0.750567 0.535147 0.727891 0.541950 0.700680 0.535147 0.653061 0.519274 0.625850 0.510204 0.616780 0.487528 0.609977 0.476190 0.598639 0.467120 0.582766 0.464853 0.566893
0 0.426304 0.532880 0.412698 0.535147 0.408163 0.530612 0.412698 0.526077 0.408163 0.521542 0.365079 0.521542 0.344671 0.528345 0.333333 0.535147 0.310658 0.557823 0.308390 0.573696 0.328798 0.596372 0.365079 0.594104 0.378685 0.585034 0.387755 0.585034 0.405896 0.566893 0.412698 0.548753 0.417234 0.544218 0.426304 0.544218
0 0.453515 0.521542 0.451247 0.530612 0.458050 0.539683 0.444444 0.541950 0.444444 0.557823 0.448980 0.562358 0.451247 0.560091 0.464853 0.564626 0.467120 0.569161 0.492063 0.562358 0.501134 0.551020 0.496599 0.541950 0.498866 0.539683 0.482993 0.523810 0.460317 0.519274
0 0.401361 0.496599 0.405896 0.517007 0.419501 0.530612 0.428571 0.530612 0.437642 0.519274 0.446712 0.526077 0.453515 0.519274 0.446712 0.512472 0.442177 0.496599 0.433107 0.487528 0.412698 0.485261
0 0.428571 0.532880 0.426304 0.546485 0.430839 0.555556 0.442177 0.557823 0.442177 0.539683
0 0.430839 0.530612 0.437642 0.537415 0.455782 0.539683 0.448980 0.526077 0.446712 0.528345 0.437642 0.521542