0 0.426304 0.356009 0.426304 0.367347 0.421769 0.376417 0.421769 0.399093 0.444444 0.421769 0.453515 0.410431 0.464853 0.410431 0.485261 0.401361 0.494331 0.401361 0.489796 0.396825 0.487528 0.374150 0.476190 0.353741 0.455782 0.342404 0.439909 0.342404
0 0.448980 0.585034 0.421769 0.612245 0.421769 0.630385 0.437642 0.648526 0.476190 0.648526 0.487528 0.632653 0.487528 0.607710 0.473923 0.603175 0.462585 0.589569
0 0.408163 0.473923 0.399093 0.476190 0.392290 0.482993 0.392290 0.501134 0.401361 0.501134 0.401361 0.487528
0 0.662132 0.369615 0.650794 0.358277 0.637188 0.351474 0.612245 0.351474 0.578231 0.362812 0.555556 0.387755 0.555556 0.433107 0.548753 0.444444 0.507937 0.478458 0.501134 0.480726 0.496599 0.476190 0.492063 0.480726 0.489796 0.492063 0.523810 0.478458 0.551020 0.455782 0.594104 0.446712 0.625850 0.446712 0.637188 0.453515 0.643991 0.451247 0.655329 0.435374 0.668934 0.396825
0 0.242630 0.498866 0.247166 0.523810 0.278912 0.551020 0.299320 0.560091 0.337868 0.557823 0.346939 0.553288 0.360544 0.539683 0.365079 0.523810 0.378685 0.512472 0.403628 0.514739 0.410431 0.519274 0.405896 0.517007 0.399093 0.503401 0.374150 0.501134 0.365079 0.492063 0.344671 0.455782 0.326531 0.446712 0.290249 0.444444 0.272109 0.451247 0.260771 0.462585
0 0.512472 0.587302 0.505669 0.596372 0.517007 0.616780 0.512472 0.637188 0.512472 0.659864 0.523810 0.687075 0.560091 0.725624 0.580499 0.736961 0.603175 0.743764 0.630385 0.739229 0.643991 0.723356 0.643991 0.689342 0.634921 0.666667 0.607710 0.628118 0.598639 0.619048 0.564626 0.603175 0.544218 0.603175 0.539683 0.607710 0.530612 0.607710
0 0.319728 0.281179 0.306122 0.294785 0.306122 0.331066 0.319728 0.362812 0.337868 0.383220 0.378685 0.405896 0.396825 0.410431 0.414966 0.428571 0.435374 0.469388 0.439909 0.464853 0.439909 0.442177 0.433107 0.437642 0.419501 0.408163 0.419501 0.376417 0.424036 0.367347 0.424036 0.356009 0.392290 0.324263 0.390023 0.308390 0.376417 0.292517 0.346939 0.276644
0 0.446712 0.530612 0.433107 0.530612 0.421769 0.546485 0.401361 0.564626 0.362812 0.564626 0.337868 0.575964 0.326531 0.585034 0.301587 0.614512 0.290249 0.641723 0.285714 0.671202 0.287982 0.682540 0.299320 0.693878 0.308390 0.698413 0.331066 0.698413 0.362812 0.682540 0.385488 0.662132 0.392290 0.662132 0.399093 0.655329 0.414966 0.625850 0.419501 0.623583 0.412698 0.582766 0.435374 0.548753 0.448980 0.539683
0 0.650794 0.478458 0.639456 0.458050 0.625850 0.448980 0.594104 0.448980 0.551020 0.458050 0.535147 0.469388 0.535147 0.478458 0.528345 0.487528 0.517007 0.487528 0.505669 0.501134 0.501134 0.498866 0.501134 0.512472 0.496599 0.519274 0.537415 0.517007 0.555556 0.530612 0.594104 0.530612 0.623583 0.517007 0.650794 0.489796
0 0.498866 0.401361 0.464853 0.412698 0.453515 0.412698 0.442177 0.426304 0.439909 0.469388 0.448980 0.482993 0.455782 0.487528 0.467120 0.487528 0.469388 0.496599 0.480726 0.496599 0.487528 0.489796 0.489796 0.480726 0.496599 0.473923 0.501134 0.473923 0.505669 0.462585 0.505669 0.451247 0.512472 0.439909 0.512472 0.421769 0.507937 0.410431
0 0.476190 0.521542 0.473923 0.526077 0.448980 0.535147 0.451247 0.539683 0.444444 0.544218 0.444444 0.571429 0.448980 0.582766 0.462585 0.587302 0.473923 0.600907 0.489796 0.607710 0.510204 0.589569 0.514739 0.557823 0.494331 0.521542
0 0.412698 0.471655 0.403628 0.487528 0.401361 0.503401 0.408163 0.517007 0.412698 0.519274 0.410431 0.521542 0.430839 0.528345 0.446712 0.528345 0.446712 0.510204 0.458050 0.498866 0.458050 0.489796 0.448980 0.485261 0.437642 0.469388 0.428571 0.473923
0 0.487528 0.492063 0.480726 0.498866 0.473923 0.496599 0.473923 0.507937 0.469388 0.512472 0.471655 0.523810 0.476190 0.519274 0.494331 0.519274 0.498866 0.512472 0.498866 0.498866
0 0.471655 0.498866 0.460317 0.498866 0.448980 0.510204 0.451247 0.532880 0.469388 0.526077 0.467120 0.512472 0.471655 0.507937