0 0.360544 0.551020 0.346939 0.557823 0.333333 0.575964 0.335601 0.603175 0.349206 0.614512 0.360544 0.616780 0.365079 0.621315 0.385488 0.621315 0.405896 0.603175 0.383220 0.594104 0.374150 0.585034 0.369615 0.564626 0.376417 0.551020
0 0.424036 0.326531 0.408163 0.346939 0.435374 0.356009 0.442177 0.371882 0.455782 0.387755 0.458050 0.410431 0.462585 0.419501 0.473923 0.430839 0.467120 0.374150 0.424036 0.333333
0 0.478458 0.616780 0.469388 0.619048 0.469388 0.659864 0.464853 0.668934 0.471655 0.680272 0.471655 0.702948 0.458050 0.741497 0.455782 0.764172 0.473923 0.773243 0.505669 0.770975 0.517007 0.764172 0.535147 0.743764 0.544218 0.721088 0.546485 0.689342 0.537415 0.680272 0.526077 0.659864 0.489796 0.659864 0.478458 0.650794
0 0.596372 0.591837 0.591837 0.600907 0.596372 0.639456 0.625850 0.678005 0.666667 0.696145 0.687075 0.698413 0.696145 0.702948 0.743764 0.696145 0.757370 0.689342 0.775510 0.668934 0.775510 0.646259 0.770975 0.634921 0.755102 0.619048 0.741497 0.596372 0.723356 0.578231 0.714286 0.573696 0.707483 0.573696 0.684807 0.562358 0.662132 0.562358 0.639456 0.571429 0.614512 0.589569
0 0.421769 0.605442 0.408163 0.605442 0.385488 0.623583 0.367347 0.623583 0.353741 0.637188 0.335601 0.643991 0.326531 0.643991 0.310658 0.630385 0.283447 0.632653 0.265306 0.643991 0.249433 0.646259 0.222222 0.675737 0.219955 0.687075 0.210884 0.698413 0.208617 0.712018 0.201814 0.721088 0.201814 0.736961 0.195011 0.750567 0.195011 0.775510 0.206349 0.798186 0.213152 0.802721 0.229025 0.802721 0.247166 0.793651 0.272109 0.791383 0.315193 0.766440 0.333333 0.746032 0.337868 0.732426 0.356009 0.714286 0.356009 0.657596 0.396825 0.621315
0 0.492063 0.133787 0.476190 0.133787 0.458050 0.142857 0.435374 0.174603 0.428571 0.188209 0.426304 0.258503 0.421769 0.272109 0.428571 0.319728 0.424036 0.324263 0.426304 0.333333 0.467120 0.369615 0.471655 0.380952 0.471655 0.405896 0.476190 0.414966 0.473923 0.464853 0.478458 0.467120 0.478458 0.487528 0.492063 0.478458 0.487528 0.462585 0.492063 0.426304 0.489796 0.392290 0.494331 0.378685 0.512472 0.353741 0.526077 0.349206 0.539683 0.335601 0.541950 0.310658 0.557823 0.278912 0.557823 0.253968 0.553288 0.242630 0.553288 0.215420 0.548753 0.197279 0.526077 0.158730 0.503401 0.138322
0 0.528345 0.648526 0.564626 0.709751 0.564626 0.723356 0.548753 0.748299 0.548753 0.768707 0.553288 0.775510 0.553288 0.789116 0.562358 0.811791 0.575964 0.834467 0.628118 0.886621 0.659864 0.907029 0.680272 0.913832 0.709751 0.913832 0.730159 0.909297 0.736961 0.902494 0.743764 0.886621 0.741497 0.825397 0.723356 0.789116 0.721088 0.777778 0.709751 0.759637 0.682540 0.736961 0.675737 0.721088 0.666667 0.712018 0.639456 0.700680 0.623583 0.700680 0.591837 0.691610 0.580499 0.684807 0.560091 0.664399 0.555556 0.655329
0 0.113379 0.365079 0.108844 0.374150 0.111111 0.426304 0.126984 0.444444 0.160998 0.462585 0.179138 0.478458 0.197279 0.487528 0.215420 0.489796 0.235828 0.503401 0.287982 0.505669 0.301587 0.496599 0.319728 0.494331 0.369615 0.510204 0.394558 0.521542 0.405896 0.530612 0.428571 0.528345 0.424036 0.528345 0.387755 0.503401 0.342404 0.478458 0.326531 0.458050 0.326531 0.437642 0.321995 0.428571 0.292517 0.396825 0.283447 0.392290 0.265306 0.374150 0.215420 0.353741 0.201814 0.344671 0.154195 0.333333 0.136054 0.337868
0 0.798186 0.367347 0.784580 0.356009 0.739229 0.356009 0.689342 0.383220 0.678005 0.385488 0.650794 0.408163 0.614512 0.426304 0.591837 0.455782 0.582766 0.478458 0.569161 0.492063 0.562358 0.492063 0.544218 0.505669 0.530612 0.532880 0.551020 0.526077 0.585034 0.505669 0.605442 0.505669 0.630385 0.514739 0.666667 0.514739 0.727891 0.485261 0.780045 0.442177 0.804989 0.390023 0.804989 0.380952
0 0.453515 0.605442 0.433107 0.637188 0.424036 0.646259 0.399093 0.659864 0.385488 0.673469 0.367347 0.698413 0.365079 0.709751 0.358277 0.718821 0.358277 0.725624 0.346939 0.748299 0.342404 0.777778 0.337868 0.784580 0.342404 0.807256 0.340136 0.823129 0.344671 0.839002 0.358277 0.850340 0.383220 0.848073 0.408163 0.832200 0.424036 0.816327 0.453515 0.766440 0.455782 0.741497 0.469388 0.702948 0.469388 0.680272 0.455782 0.657596 0.458050 0.634921 0.467120 0.616780
0 0.512472 0.553288 0.501134 0.569161 0.501134 0.594104 0.496599 0.598639 0.496599 0.609977 0.512472 0.628118 0.512472 0.632653 0.526077 0.643991 0.523810 0.646259 0.555556 0.653061 0.591837 0.639456 0.594104 0.623583 0.589569 0.616780 0.589569 0.600907 0.596372 0.587302 0.575964 0.569161 0.566893 0.566893 0.555556 0.557823 0.541950 0.557823 0.523810 0.551020
0 0.505669 0.473923 0.512472 0.473923 0.530612 0.492063 0.535147 0.507937 0.539683 0.507937 0.560091 0.492063 0.544218 0.471655 0.526077 0.469388
0 0.403628 0.349206 0.401361 0.353741 0.385488 0.360544 0.371882 0.374150 0.365079 0.390023 0.362812 0.419501 0.369615 0.439909 0.378685 0.453515 0.383220 0.471655 0.410431 0.498866 0.428571 0.510204 0.439909 0.512472 0.451247 0.526077 0.464853 0.521542 0.476190 0.489796 0.471655 0.478458 0.471655 0.451247 0.467120 0.444444 0.467120 0.428571 0.455782 0.410431 0.453515 0.387755 0.439909 0.371882 0.433107 0.356009
0 0.439909 0.532880 0.403628 0.532880 0.378685 0.548753 0.371882 0.564626 0.376417 0.585034 0.383220 0.591837 0.399093 0.596372 0.408163 0.603175 0.442177 0.600907 0.448980 0.596372 0.448980 0.582766 0.455782 0.569161 0.455782 0.560091 0.439909 0.548753
0 0.498866 0.476190 0.476190 0.492063 0.471655 0.512472 0.464853 0.523810 0.478458 0.523810 0.507937 0.546485 0.507937 0.555556 0.521542 0.548753 0.535147 0.514739 0.528345 0.492063 0.512472 0.476190
0 0.458050 0.569161 0.451247 0.582766 0.453515 0.603175 0.469388 0.616780 0.482993 0.614512 0.487528 0.603175 0.494331 0.600907 0.498866 0.594104 0.498866 0.575964 0.485261 0.582766 0.473923 0.582766
0 0.442177 0.548753 0.455782 0.557823 0.455782 0.551020 0.464853 0.539683 0.494331 0.537415 0.478458 0.526077 0.458050 0.526077 0.442177 0.535147
0 0.464853 0.541950 0.458050 0.551020 0.458050 0.566893 0.473923 0.580499 0.496599 0.575964 0.505669 0.562358 0.505669 0.546485 0.496599 0.539683