0 0.532880 0.179138 0.530612 0.188209 0.526077 0.190476 0.523810 0.199546 0.505669 0.226757 0.505669 0.258503 0.517007 0.272109 0.514739 0.281179 0.521542 0.274376 0.539683 0.272109 0.541950 0.267574 0.548753 0.267574 0.553288 0.263039 0.551020 0.253968 0.548753 0.260771 0.541950 0.256236 0.546485 0.247166 0.544218 0.215420 0.532880 0.188209
0 0.605442 0.768707 0.632653 0.825397 0.641723 0.829932 0.671202 0.859410 0.687075 0.879819 0.709751 0.922902 0.721088 0.934240 0.739229 0.970522 0.743764 0.995465 0.768707 0.997732 0.766440 0.988662 0.770975 0.975057 0.725624 0.895692 0.718821 0.888889 0.693878 0.836735 0.691610 0.811791 0.687075 0.800454 0.691610 0.798186 0.659864 0.798186
0 0.106576 0.120181 0.090703 0.138322 0.083900 0.151927 0.083900 0.172336 0.092971 0.181406 0.092971 0.192744 0.124717 0.226757 0.124717 0.238095 0.129252 0.247166 0.183673 0.292517 0.188209 0.308390 0.208617 0.328798 0.242630 0.335601 0.260771 0.353741 0.274376 0.356009 0.272109 0.346939 0.260771 0.337868 0.242630 0.306122 0.226757 0.292517 0.213152 0.267574 0.197279 0.258503 0.185941 0.240363 0.172336 0.185941 0.167800 0.181406 0.167800 0.165533 0.172336 0.151927 0.156463 0.117914 0.142857 0.104308 0.138322 0.104308
0 0.290249 0.730159 0.244898 0.761905 0.172336 0.773243 0.170068 0.777778 0.149660 0.780045 0.147392 0.784580 0.131519 0.786848 0.120181 0.793651 0.079365 0.793651 0.065760 0.782313 0.061224 0.773243 0.054422 0.770975 0.047619 0.795918 0.036281 0.811791 0.036281 0.820862 0.031746 0.825397 0.034014 0.827664 0.015873 0.841270 0.009070 0.852608 0.000000 0.859410 0.000000 0.997732 0.136054 0.997732 0.172336 0.963719 0.199546 0.927438 0.231293 0.913832 0.247166 0.884354 0.251701 0.868481 0.265306 0.854875 0.272109 0.852608 0.287982 0.825397 0.285714 0.743764
0 0.229025 0.000000 0.210884 0.022676 0.208617 0.036281 0.190476 0.058957 0.192744 0.081633 0.229025 0.122449 0.306122 0.160998 0.324263 0.190476 0.331066 0.192744 0.349206 0.215420 0.396825 0.253968 0.396825 0.274376 0.401361 0.281179 0.410431 0.283447 0.412698 0.287982 0.414966 0.283447 0.424036 0.285714 0.437642 0.312925 0.437642 0.321995 0.444444 0.326531 0.444444 0.331066 0.453515 0.335601 0.471655 0.335601 0.471655 0.328798 0.480726 0.319728 0.480726 0.315193 0.492063 0.310658 0.494331 0.306122 0.505669 0.303855 0.521542 0.281179 0.512472 0.281179 0.514739 0.272109 0.503401 0.258503 0.503401 0.226757 0.532880 0.176871 0.532880 0.160998 0.519274 0.129252 0.519274 0.120181 0.505669 0.108844 0.478458 0.072562 0.485261 0.063492 0.494331 0.061224 0.496599 0.036281 0.487528 0.027211 0.482993 0.015873 0.467120 0.000000
0 0.716553 0.693878 0.727891 0.721088 0.723356 0.757370 0.730159 0.755102 0.739229 0.764172 0.739229 0.780045 0.746032 0.793651 0.743764 0.834467 0.732426 0.866213 0.732426 0.875283 0.741497 0.893424 0.759637 0.907029 0.759637 0.929705 0.768707 0.945578 0.784580 0.954649 0.802721 0.972789 0.802721 0.979592 0.814059 0.979592 0.829932 0.997732 0.997732 0.997732 0.997732 0.945578 0.984127 0.934240 0.956916 0.920635 0.952381 0.913832 0.902494 0.888889 0.893424 0.877551 0.891156 0.866213 0.877551 0.859410 0.859410 0.843537 0.852608 0.829932 0.852608 0.820862 0.820862 0.814059 0.809524 0.807256 0.795918 0.791383 0.768707 0.786848 0.755102 0.780045 0.746032 0.770975 0.746032 0.734694 0.727891 0.709751 0.718821 0.702948
0 0.000000 0.174603 0.000000 0.410431 0.011338 0.419501 0.020408 0.433107 0.079365 0.469388 0.099773 0.471655 0.102041 0.467120 0.174603 0.467120 0.240363 0.480726 0.272109 0.480726 0.283447 0.485261 0.340136 0.489796 0.317460 0.485261 0.310658 0.473923 0.292517 0.458050 0.287982 0.458050 0.283447 0.451247 0.260771 0.448980 0.256236 0.453515 0.244898 0.455782 0.204082 0.455782 0.181406 0.448980 0.163265 0.430839 0.151927 0.428571 0.149660 0.424036 0.129252 0.414966 0.117914 0.403628 0.120181 0.387755 0.126984 0.387755 0.129252 0.383220 0.185941 0.376417 0.190476 0.369615 0.197279 0.369615 0.197279 0.351474 0.185941 0.326531 0.174603 0.315193 0.176871 0.306122 0.172336 0.303855 0.167800 0.308390 0.149660 0.301587 0.138322 0.281179 0.124717 0.267574 0.083900 0.247166 0.045351 0.213152 0.013605 0.197279 0.004535 0.188209
0 0.467120 0.639456 0.460317 0.646259 0.444444 0.648526 0.426304 0.664399 0.419501 0.675737 0.410431 0.678005 0.405896 0.684807 0.394558 0.684807 0.385488 0.691610 0.374150 0.693878 0.385488 0.721088 0.385488 0.732426 0.356009 0.775510 0.335601 0.793651 0.312925 0.807256 0.297052 0.804989 0.290249 0.809524 0.297052 0.804989 0.303855 0.807256 0.294785 0.814059 0.285714 0.836735 0.267574 0.859410 0.269841 0.863946 0.263039 0.879819 0.258503 0.913832 0.238095 0.918367 0.217687 0.936508 0.210884 0.950113 0.160998 0.997732 0.444444 0.997732 0.455782 0.986395 0.458050 0.975057 0.446712 0.954649 0.446712 0.945578 0.458050 0.936508 0.453515 0.897959 0.430839 0.861678 0.430839 0.845805 0.435374 0.836735 0.433107 0.818594 0.412698 0.829932 0.387755 0.834467 0.376417 0.841270 0.344671 0.845805 0.342404 0.834467 0.351474 0.825397 0.358277 0.802721 0.378685 0.777778 0.387755 0.757370 0.414966 0.730159 0.446712 0.714286 0.462585 0.659864 0.462585 0.646259
0 0.120181 0.000000 0.122449 0.022676 0.131519 0.043084 0.131519 0.072562 0.142857 0.095238 0.140590 0.102041 0.158730 0.117914 0.165533 0.129252 0.165533 0.136054 0.170068 0.138322 0.174603 0.156463 0.213152 0.142857 0.256236 0.142857 0.292517 0.165533 0.310658 0.172336 0.308390 0.165533 0.299320 0.158730 0.229025 0.124717 0.190476 0.081633 0.188209 0.058957 0.206349 0.036281 0.208617 0.022676 0.226757 0.000000
0 0.650794 0.546485 0.655329 0.571429 0.691610 0.621315 0.693878 0.637188 0.700680 0.641723 0.707483 0.662132 0.714286 0.671202 0.712018 0.673469 0.716553 0.691610 0.748299 0.734694 0.748299 0.770975 0.768707 0.784580 0.795918 0.789116 0.809524 0.804989 0.820862 0.811791 0.852608 0.818594 0.861678 0.843537 0.893424 0.866213 0.893424 0.873016 0.902494 0.886621 0.952381 0.911565 0.956916 0.918367 0.984127 0.931973 0.997732 0.943311 0.997732 0.641723 0.990930 0.639456 0.981859 0.625850 0.959184 0.609977 0.925170 0.607710 0.909297 0.600907 0.902494 0.594104 0.868481 0.596372 0.861678 0.589569 0.857143 0.594104 0.843537 0.591837 0.818594 0.598639 0.739229 0.598639 0.716553 0.591837 0.691610 0.575964 0.678005 0.573696 0.659864 0.560091
0 0.000000 0.689342 0.015873 0.684807 0.034014 0.684807 0.072562 0.671202 0.077098 0.675737 0.079365 0.671202 0.104308 0.668934 0.106576 0.664399 0.113379 0.664399 0.124717 0.653061 0.151927 0.639456 0.176871 0.614512 0.199546 0.605442 0.210884 0.594104 0.215420 0.594104 0.217687 0.587302 0.235828 0.580499 0.242630 0.571429 0.249433 0.571429 0.265306 0.553288 0.281179 0.548753 0.337868 0.548753 0.399093 0.528345 0.403628 0.523810 0.405896 0.526077 0.417234 0.517007 0.385488 0.512472 0.356009 0.498866 0.349206 0.492063 0.344671 0.496599 0.310658 0.505669 0.265306 0.505669 0.244898 0.496599 0.215420 0.489796 0.204082 0.480726 0.185941 0.480726 0.179138 0.487528 0.172336 0.487528 0.160998 0.480726 0.147392 0.478458 0.126984 0.485261 0.104308 0.471655 0.077098 0.476190 0.068027 0.485261 0.058957 0.485261 0.049887 0.476190 0.036281 0.485261 0.000000 0.494331
0 0.843537 0.074830 0.827664 0.065760 0.814059 0.065760 0.732426 0.106576 0.716553 0.122449 0.700680 0.129252 0.655329 0.179138 0.625850 0.224490 0.616780 0.231293 0.616780 0.240363 0.609977 0.244898 0.616780 0.265306 0.616780 0.337868 0.612245 0.351474 0.612245 0.378685 0.637188 0.360544 0.673469 0.356009 0.687075 0.349206 0.716553 0.349206 0.721088 0.344671 0.732426 0.342404 0.766440 0.308390 0.791383 0.276644 0.814059 0.258503 0.834467 0.233560 0.841270 0.231293 0.857143 0.208617 0.863946 0.172336 0.863946 0.124717 0.854875 0.113379
0 0.120181 0.390023 0.120181 0.403628 0.129252 0.412698 0.149660 0.421769 0.151927 0.426304 0.163265 0.428571 0.181406 0.446712 0.204082 0.453515 0.244898 0.453515 0.256236 0.451247 0.260771 0.446712 0.278912 0.446712 0.260771 0.424036 0.260771 0.401361 0.224490 0.383220 0.215420 0.371882 0.204082 0.374150 0.199546 0.369615 0.190476 0.371882 0.185941 0.378685 0.129252 0.385488 0.126984 0.390023
0 0.510204 0.603175 0.482993 0.630385 0.482993 0.668934 0.476190 0.689342 0.471655 0.732426 0.460317 0.780045 0.467120 0.789116 0.462585 0.827664 0.469388 0.834467 0.469388 0.863946 0.501134 0.929705 0.526077 0.965986 0.523810 0.977324 0.544218 0.997732 0.743764 0.997732 0.736961 0.970522 0.718821 0.934240 0.707483 0.922902 0.684807 0.879819 0.668934 0.859410 0.641723 0.832200 0.630385 0.825397 0.614512 0.795918 0.607710 0.773243 0.600907 0.766440 0.575964 0.757370 0.532880 0.714286 0.521542 0.682540 0.521542 0.673469 0.507937 0.646259
0 0.172336 0.158730 0.170068 0.181406 0.174603 0.185941 0.188209 0.240363 0.199546 0.258503 0.215420 0.267574 0.229025 0.292517 0.244898 0.306122 0.263039 0.337868 0.274376 0.346939 0.276644 0.356009 0.315193 0.378685 0.317460 0.385488 0.362812 0.392290 0.390023 0.392290 0.405896 0.401361 0.419501 0.414966 0.424036 0.426304 0.428571 0.424036 0.433107 0.369615 0.428571 0.376417 0.424036 0.371882 0.421769 0.356009 0.417234 0.349206 0.412698 0.290249 0.410431 0.285714 0.401361 0.283447 0.394558 0.274376 0.394558 0.253968 0.349206 0.217687 0.340136 0.204082 0.324263 0.192744 0.310658 0.174603 0.292517 0.167800 0.263039 0.147392 0.213152 0.145125
0 0.403628 0.526077 0.394558 0.530612 0.387755 0.539683 0.360544 0.551020 0.281179 0.551020 0.265306 0.555556 0.249433 0.573696 0.242630 0.573696 0.235828 0.582766 0.217687 0.589569 0.217687 0.594104 0.199546 0.607710 0.176871 0.616780 0.151927 0.641723 0.124717 0.655329 0.113379 0.666667 0.106576 0.666667 0.104308 0.671202 0.079365 0.673469 0.070295 0.684807 0.070295 0.693878 0.079365 0.702948 0.079365 0.707483 0.063492 0.725624 0.058957 0.739229 0.056689 0.768707 0.079365 0.791383 0.120181 0.791383 0.131519 0.784580 0.147392 0.782313 0.149660 0.777778 0.170068 0.775510 0.172336 0.770975 0.238095 0.761905 0.267574 0.746032 0.285714 0.732426 0.340136 0.678005 0.356009 0.668934 0.356009 0.646259 0.367347 0.600907 0.376417 0.589569 0.376417 0.580499 0.383220 0.575964 0.385488 0.562358 0.390023 0.560091 0.399093 0.530612
0 0.997732 0.000000 0.897959 0.000000 0.875283 0.034014 0.868481 0.054422 0.850340 0.074830 0.843537 0.072562 0.841270 0.036281 0.843537 0.072562 0.857143 0.113379 0.866213 0.124717 0.866213 0.172336 0.859410 0.208617 0.843537 0.231293 0.834467 0.235828 0.818594 0.256236 0.793651 0.276644 0.768707 0.308390 0.732426 0.344671 0.721088 0.346939 0.716553 0.351474 0.687075 0.351474 0.673469 0.358277 0.655329 0.360544 0.648526 0.367347 0.632653 0.374150 0.607710 0.396825 0.603175 0.392290 0.596372 0.394558 0.598639 0.412698 0.634921 0.417234 0.639456 0.412698 0.643991 0.417234 0.641723 0.419501 0.646259 0.419501 0.650794 0.410431 0.664399 0.405896 0.666667 0.401361 0.673469 0.401361 0.675737 0.396825 0.689342 0.394558 0.700680 0.387755 0.709751 0.387755 0.734694 0.376417 0.736961 0.371882 0.757370 0.369615 0.759637 0.365079 0.843537 0.362812 0.848073 0.367347 0.850340 0.362812 0.866213 0.365079 0.904762 0.360544 0.925170 0.351474 0.943311 0.335601 0.956916 0.276644 0.972789 0.244898 0.972789 0.213152 0.993197 0.172336 0.997732 0.151927
0 0.435374 0.371882 0.433107 0.414966 0.428571 0.426304 0.433107 0.460317 0.430839 0.473923 0.451247 0.469388 0.473923 0.444444 0.478458 0.444444 0.485261 0.453515 0.496599 0.455782 0.510204 0.435374 0.521542 0.430839 0.501134 0.401361 0.478458 0.394558 0.467120 0.383220 0.446712 0.371882
0 0.358277 0.671202 0.351474 0.671202 0.292517 0.727891 0.292517 0.736961 0.287982 0.743764 0.287982 0.820862 0.287982 0.809524 0.292517 0.804989 0.312925 0.804989 0.321995 0.786848 0.335601 0.777778 0.342404 0.755102 0.353741 0.741497 0.356009 0.723356 0.365079 0.702948 0.365079 0.678005
0 0.528345 0.471655 0.523810 0.503401 0.510204 0.510204 0.517007 0.528345 0.541950 0.544218 0.578231 0.541950 0.585034 0.535147 0.589569 0.521542 0.578231 0.510204 0.578231 0.496599 0.569161 0.476190 0.562358 0.476190 0.557823 0.471655
0 0.587302 0.503401 0.587302 0.517007 0.591837 0.517007 0.596372 0.523810 0.616780 0.526077 0.634921 0.539683 0.648526 0.546485 0.650794 0.544218 0.655329 0.553288 0.678005 0.571429 0.691610 0.573696 0.716553 0.589569 0.739229 0.596372 0.818594 0.596372 0.843537 0.589569 0.857143 0.591837 0.868481 0.580499 0.888889 0.580499 0.897959 0.575964 0.922902 0.553288 0.934240 0.532880 0.931973 0.510204 0.920635 0.489796 0.911565 0.480726 0.897959 0.473923 0.882086 0.455782 0.843537 0.444444 0.823129 0.448980 0.773243 0.439909 0.734694 0.437642 0.662132 0.439909 0.659864 0.444444 0.643991 0.448980 0.637188 0.471655 0.625850 0.485261 0.605442 0.498866
0 0.482993 0.628118 0.471655 0.634921 0.464853 0.646259 0.464853 0.659864 0.448980 0.714286 0.442177 0.721088 0.414966 0.732426 0.390023 0.757370 0.380952 0.777778 0.360544 0.802721 0.358277 0.816327 0.344671 0.834467 0.344671 0.843537 0.376417 0.839002 0.387755 0.832200 0.412698 0.827664 0.435374 0.816327 0.460317 0.773243 0.469388 0.732426 0.469388 0.712018 0.480726 0.668934
0 0.453515 0.469388 0.421769 0.482993 0.410431 0.514739 0.460317 0.519274 0.453515 0.505669
0 0.507937 0.512472 0.510204 0.532880 0.514739 0.532880 0.510204 0.537415 0.510204 0.646259 0.523810 0.673469 0.523810 0.682540 0.539683 0.721088 0.548753 0.730159 0.553288 0.730159 0.575964 0.755102 0.607710 0.766440 0.619048 0.775510 0.630385 0.777778 0.659864 0.795918 0.689342 0.795918 0.702948 0.789116 0.718821 0.766440 0.725624 0.721088 0.714286 0.698413 0.709751 0.673469 0.712018 0.671202 0.705215 0.662132 0.698413 0.641723 0.691610 0.637188 0.689342 0.621315 0.653061 0.571429 0.650794 0.551020 0.616780 0.528345 0.596372 0.526077 0.591837 0.519274 0.587302 0.535147 0.578231 0.544218 0.541950 0.546485 0.523810 0.537415 0.514739 0.528345
0 0.528345 0.435374 0.526077 0.439909 0.519274 0.433107 0.512472 0.435374 0.496599 0.458050 0.489796 0.458050 0.478458 0.446712 0.473923 0.446712 0.453515 0.467120 0.455782 0.505669 0.464853 0.519274 0.469388 0.544218 0.480726 0.555556 0.487528 0.555556 0.496599 0.537415 0.507937 0.532880 0.505669 0.512472 0.521542 0.503401 0.526077 0.467120 0.532880 0.462585 0.535147 0.444444
0 0.607710 0.249433 0.580499 0.249433 0.555556 0.256236 0.555556 0.263039 0.548753 0.269841 0.541950 0.269841 0.532880 0.276644 0.521542 0.276644 0.523810 0.281179 0.517007 0.294785 0.505669 0.306122 0.487528 0.312925 0.478458 0.324263 0.476190 0.337868 0.469388 0.344671 0.467120 0.380952 0.478458 0.392290 0.501134 0.399093 0.519274 0.421769 0.523810 0.437642 0.528345 0.430839 0.535147 0.430839 0.548753 0.417234 0.557823 0.417234 0.566893 0.408163 0.594104 0.408163 0.596372 0.412698 0.594104 0.394558 0.609977 0.380952 0.609977 0.351474 0.614512 0.337868 0.614512 0.265306
0 0.512472 0.532880 0.498866 0.537415 0.492063 0.546485 0.492063 0.553288 0.487528 0.557823 0.480726 0.557823 0.467120 0.544218 0.462585 0.519274 0.414966 0.519274 0.401361 0.530612 0.399093 0.544218 0.392290 0.560091 0.387755 0.562358 0.385488 0.575964 0.378685 0.580499 0.378685 0.589569 0.369615 0.600907 0.358277 0.646259 0.358277 0.668934 0.367347 0.678005 0.367347 0.691610 0.369615 0.687075 0.374150 0.691610 0.385488 0.689342 0.394558 0.682540 0.405896 0.682540 0.410431 0.675737 0.419501 0.673469 0.435374 0.653061 0.444444 0.646259 0.460317 0.643991 0.507937 0.603175 0.507937 0.537415
0 0.632653 0.417234 0.596372 0.414966 0.594104 0.410431 0.566893 0.410431 0.557823 0.419501 0.548753 0.419501 0.535147 0.433107 0.528345 0.433107 0.537415 0.444444 0.535147 0.462585 0.528345 0.469388 0.557823 0.469388 0.562358 0.473923 0.569161 0.473923 0.580499 0.496599 0.580499 0.510204 0.585034 0.512472 0.585034 0.503401 0.589569 0.498866 0.605442 0.496599 0.625850 0.482993 0.634921 0.471655 0.643991 0.439909