0 0.360544 0.526077 0.365079 0.541950 0.387755 0.557823 0.414966 0.555556 0.437642 0.535147 0.442177 0.535147 0.414966 0.530612 0.383220 0.537415
0 0.634921 0.396825 0.630385 0.396825 0.632653 0.430839 0.616780 0.451247 0.621315 0.446712 0.632653 0.451247 0.641723 0.460317 0.639456 0.471655 0.630385 0.478458 0.621315 0.471655 0.609977 0.469388 0.605442 0.464853 0.607710 0.462585 0.582766 0.480726 0.607710 0.476190 0.619048 0.485261 0.630385 0.487528 0.643991 0.473923 0.648526 0.462585 0.646259 0.446712 0.650794 0.439909 0.648526 0.417234 0.632653 0.399093
0 0.514739 0.417234 0.514739 0.448980 0.519274 0.453515 0.532880 0.444444 0.535147 0.430839 0.528345 0.419501
0 0.312925 0.319728 0.310658 0.351474 0.321995 0.380952 0.328798 0.392290 0.353741 0.414966 0.371882 0.424036 0.396825 0.421769 0.408163 0.412698 0.421769 0.412698 0.455782 0.439909 0.471655 0.455782 0.478458 0.469388 0.489796 0.460317 0.471655 0.446712 0.433107 0.399093 0.433107 0.383220 0.424036 0.383220 0.408163 0.367347 0.403628 0.353741 0.385488 0.333333 0.371882 0.303855 0.342404 0.301587 0.324263 0.308390
0 0.521542 0.530612 0.526077 0.560091 0.532880 0.569161 0.541950 0.607710 0.505669 0.682540 0.505669 0.698413 0.514739 0.723356 0.528345 0.741497 0.551020 0.764172 0.566893 0.766440 0.589569 0.757370 0.603175 0.743764 0.614512 0.716553 0.616780 0.673469 0.598639 0.623583 0.585034 0.612245 0.564626 0.609977 0.551020 0.596372 0.539683 0.571429 0.539683 0.555556 0.521542 0.535147
0 0.698413 0.297052 0.650794 0.258503 0.628118 0.256236 0.616780 0.263039 0.603175 0.265306 0.569161 0.308390 0.566893 0.331066 0.580499 0.358277 0.580499 0.378685 0.575964 0.394558 0.566893 0.408163 0.603175 0.390023 0.646259 0.390023 0.664399 0.383220 0.673469 0.374150 0.680272 0.358277 0.693878 0.344671 0.700680 0.328798
0 0.480726 0.521542 0.469388 0.537415 0.448980 0.555556 0.419501 0.573696 0.390023 0.573696 0.378685 0.566893 0.356009 0.566893 0.344671 0.573696 0.317460 0.580499 0.294785 0.603175 0.283447 0.607710 0.265306 0.625850 0.242630 0.666667 0.242630 0.691610 0.249433 0.707483 0.260771 0.718821 0.285714 0.721088 0.292517 0.716553 0.321995 0.714286 0.390023 0.682540 0.417234 0.655329 0.428571 0.648526 0.435374 0.625850 0.435374 0.605442 0.446712 0.580499 0.485261 0.535147 0.487528 0.537415 0.480726 0.528345
0 0.791383 0.560091 0.793651 0.532880 0.786848 0.519274 0.773243 0.503401 0.743764 0.487528 0.709751 0.487528 0.700680 0.482993 0.689342 0.485261 0.680272 0.492063 0.668934 0.487528 0.643991 0.512472 0.632653 0.514739 0.560091 0.503401 0.587302 0.526077 0.589569 0.521542 0.594104 0.526077 0.625850 0.535147 0.646259 0.553288 0.659864 0.578231 0.680272 0.589569 0.698413 0.594104 0.750567 0.589569 0.782313 0.573696
0 0.374150 0.251701 0.365079 0.260771 0.367347 0.292517 0.374150 0.299320 0.374150 0.306122 0.387755 0.333333 0.405896 0.353741 0.410431 0.367347 0.424036 0.380952 0.437642 0.383220 0.437642 0.378685 0.460317 0.378685 0.473923 0.385488 0.480726 0.392290 0.489796 0.412698 0.489796 0.421769 0.496599 0.437642 0.496599 0.453515 0.505669 0.451247 0.514739 0.460317 0.517007 0.455782 0.512472 0.448980 0.512472 0.417234 0.501134 0.405896 0.501134 0.385488 0.507937 0.369615 0.510204 0.333333 0.492063 0.287982 0.464853 0.256236 0.444444 0.247166 0.401361 0.247166
0 0.519274 0.530612 0.512472 0.530612 0.485261 0.546485 0.485261 0.562358 0.469388 0.573696 0.458050 0.587302 0.446712 0.614512 0.444444 0.637188 0.433107 0.662132 0.435374 0.691610 0.448980 0.709751 0.462585 0.716553 0.476190 0.716553 0.489796 0.709751 0.498866 0.698413 0.503401 0.698413 0.503401 0.682540 0.535147 0.619048 0.528345 0.607710 0.532880 0.594104 0.528345 0.578231 0.517007 0.566893 0.514739 0.548753
0 0.333333 0.507937 0.358277 0.526077 0.365079 0.523810 0.383220 0.535147 0.414966 0.528345 0.439909 0.532880 0.460317 0.521542 0.471655 0.503401 0.487528 0.503401 0.494331 0.498866 0.494331 0.494331 0.482993 0.485261 0.471655 0.485261 0.446712 0.464853 0.424036 0.460317 0.405896 0.451247 0.394558 0.460317 0.369615 0.460317 0.351474 0.471655 0.335601 0.487528
0 0.632653 0.394558 0.603175 0.392290 0.589569 0.401361 0.575964 0.403628 0.566893 0.410431 0.564626 0.408163 0.557823 0.421769 0.537415 0.444444 0.530612 0.458050 0.530612 0.480726 0.521542 0.487528 0.532880 0.482993 0.541950 0.487528 0.548753 0.496599 0.553288 0.492063 0.566893 0.492063 0.582766 0.482993 0.580499 0.480726 0.591837 0.469388 0.603175 0.464853 0.612245 0.455782 0.619048 0.442177 0.630385 0.430839 0.628118 0.396825
0 0.521542 0.517007 0.517007 0.528345 0.521542 0.528345 0.541950 0.557823 0.553288 0.564626 0.580499 0.562358 0.596372 0.548753 0.591837 0.530612 0.569161 0.514739 0.557823 0.503401 0.562358 0.501134 0.548753 0.498866 0.537415 0.510204 0.526077 0.512472
0 0.476190 0.469388 0.478458 0.482993 0.487528 0.485261 0.496599 0.494331 0.496599 0.498866 0.514739 0.498866 0.523810 0.489796 0.519274 0.487528 0.523810 0.482993 0.523810 0.473923 0.505669 0.453515 0.489796 0.455782 0.492063 0.460317 0.478458 0.471655
0 0.528345 0.510204 0.512472 0.498866 0.492063 0.501134 0.478458 0.507937 0.478458 0.517007 0.482993 0.521542 0.482993 0.528345 0.492063 0.537415 0.496599 0.537415 0.514739 0.528345 0.519274 0.517007
0 0.532880 0.485261 0.526077 0.487528 0.517007 0.498866 0.530612 0.510204 0.546485 0.498866 0.546485 0.494331