0 0.353741 0.480726 0.340136 0.494331 0.333333 0.517007 0.344671 0.535147 0.365079 0.544218 0.390023 0.544218 0.405896 0.537415 0.410431 0.532880 0.417234 0.507937 0.421769 0.503401 0.428571 0.503401 0.417234 0.498866 0.405896 0.482993 0.394558 0.476190 0.371882 0.473923 0.367347 0.478458
0 0.537415 0.496599 0.589569 0.496599 0.598639 0.503401 0.600907 0.514739 0.614512 0.530612 0.637188 0.532880 0.664399 0.526077 0.675737 0.514739 0.682540 0.494331 0.630385 0.489796 0.621315 0.485261 0.605442 0.467120 0.600907 0.467120 0.598639 0.476190 0.585034 0.487528 0.548753 0.487528 0.544218 0.494331
0 0.501134 0.530612 0.485261 0.539683 0.476190 0.539683 0.478458 0.564626 0.469388 0.594104 0.460317 0.603175 0.435374 0.612245 0.419501 0.628118 0.414966 0.639456 0.412698 0.662132 0.414966 0.680272 0.421769 0.691610 0.421769 0.718821 0.430839 0.734694 0.442177 0.743764 0.455782 0.748299 0.487528 0.736961 0.512472 0.714286 0.519274 0.700680 0.521542 0.675737 0.528345 0.659864 0.528345 0.648526 0.521542 0.628118 0.512472 0.619048 0.501134 0.614512 0.489796 0.603175 0.485261 0.591837 0.489796 0.546485
0 0.514739 0.294785 0.496599 0.301587 0.487528 0.317460 0.480726 0.321995 0.489796 0.321995 0.503401 0.328798 0.526077 0.353741 0.523810 0.371882 0.514739 0.380952 0.514739 0.387755 0.523810 0.399093 0.523810 0.408163 0.532880 0.399093 0.551020 0.394558 0.569161 0.378685 0.575964 0.342404 0.564626 0.321995 0.553288 0.310658 0.523810 0.294785
0 0.331066 0.319728 0.319728 0.342404 0.319728 0.367347 0.340136 0.408163 0.351474 0.417234 0.396825 0.419501 0.410431 0.424036 0.442177 0.446712 0.453515 0.458050 0.451247 0.462585 0.473923 0.469388 0.469388 0.460317 0.451247 0.444444 0.424036 0.410431 0.424036 0.360544 0.419501 0.349206 0.405896 0.337868 0.351474 0.317460
0 0.512472 0.537415 0.501134 0.532880 0.494331 0.539683 0.492063 0.555556 0.496599 0.551020 0.503401 0.551020
0 0.775510 0.403628 0.768707 0.392290 0.743764 0.374150 0.693878 0.369615 0.668934 0.376417 0.659864 0.383220 0.643991 0.385488 0.612245 0.408163 0.603175 0.430839 0.585034 0.448980 0.557823 0.462585 0.548753 0.482993 0.551020 0.478458 0.573696 0.471655 0.578231 0.467120 0.598639 0.462585 0.605442 0.464853 0.621315 0.482993 0.630385 0.487528 0.684807 0.492063 0.732426 0.467120 0.766440 0.433107
0 0.462585 0.512472 0.448980 0.512472 0.439909 0.523810 0.428571 0.530612 0.410431 0.535147 0.390023 0.546485 0.365079 0.546485 0.344671 0.537415 0.344671 0.544218 0.299320 0.587302 0.299320 0.596372 0.285714 0.616780 0.283447 0.643991 0.287982 0.655329 0.308390 0.666667 0.328798 0.666667 0.349206 0.657596 0.365079 0.655329 0.396825 0.634921 0.405896 0.621315 0.417234 0.612245 0.428571 0.582766 0.428571 0.553288 0.453515 0.528345 0.460317 0.528345
0 0.507937 0.510204 0.526077 0.528345 0.526077 0.537415 0.519274 0.546485 0.519274 0.562358 0.530612 0.594104 0.544218 0.609977 0.578231 0.634921 0.605442 0.641723 0.641723 0.632653 0.648526 0.598639 0.634921 0.573696 0.630385 0.557823 0.616780 0.544218 0.609977 0.541950 0.589569 0.521542 0.575964 0.521542 0.553288 0.514739 0.535147 0.519274 0.521542 0.510204 0.521542 0.505669
0 0.455782 0.324263 0.444444 0.335601 0.433107 0.358277 0.430839 0.387755 0.435374 0.396825 0.444444 0.403628 0.451247 0.424036 0.464853 0.439909 0.478458 0.448980 0.485261 0.471655 0.498866 0.462585 0.494331 0.458050 0.494331 0.448980 0.517007 0.435374 0.521542 0.399093 0.512472 0.387755 0.512472 0.380952 0.521542 0.371882 0.523810 0.353741 0.496599 0.326531 0.478458 0.321995
0 0.412698 0.482993 0.412698 0.492063 0.442177 0.512472 0.473923 0.510204 0.494331 0.501134 0.485261 0.473923 0.469388 0.471655 0.448980 0.462585 0.433107 0.464853
0 0.503401 0.505669 0.492063 0.503401 0.473923 0.512472 0.464853 0.512472 0.460317 0.537415 0.469388 0.541950 0.498866 0.530612 0.505669 0.517007
0 0.544218 0.448980 0.523810 0.446712 0.501134 0.453515 0.501134 0.462585 0.487528 0.471655 0.498866 0.503401 0.510204 0.507937 0.546485 0.489796 0.546485 0.478458 0.553288 0.469388 0.553288 0.462585