0 0.399093 0.478458 0.394558 0.478458 0.394558 0.482993 0.378685 0.480726 0.362812 0.485261 0.337868 0.503401 0.331066 0.519274 0.331066 0.528345 0.335601 0.541950 0.346939 0.555556 0.356009 0.553288 0.358277 0.557823 0.396825 0.557823 0.410431 0.544218 0.414966 0.501134 0.401361 0.489796
0 0.551020 0.492063 0.551020 0.496599 0.553288 0.492063 0.587302 0.494331 0.598639 0.503401 0.605442 0.519274 0.623583 0.530612 0.648526 0.528345 0.664399 0.521542 0.682540 0.498866 0.655329 0.489796 0.623583 0.467120 0.609977 0.467120 0.607710 0.471655 0.596372 0.473923 0.591837 0.480726 0.569161 0.489796 0.560091 0.489796 0.557823 0.485261
0 0.489796 0.557823 0.469388 0.560091 0.473923 0.564626 0.476190 0.575964 0.464853 0.605442 0.421769 0.630385 0.412698 0.650794 0.414966 0.687075 0.421769 0.700680 0.421769 0.721088 0.426304 0.736961 0.433107 0.746032 0.451247 0.752834 0.471655 0.752834 0.492063 0.741497 0.512472 0.721088 0.523810 0.696145 0.521542 0.680272 0.528345 0.668934 0.526077 0.646259 0.519274 0.634921 0.489796 0.609977 0.482993 0.596372 0.482993 0.573696
0 0.535147 0.301587 0.535147 0.319728 0.530612 0.324263 0.526077 0.346939 0.514739 0.358277 0.519274 0.408163 0.512472 0.414966 0.512472 0.430839 0.505669 0.446712 0.510204 0.446712 0.519274 0.435374 0.528345 0.408163 0.535147 0.401361 0.555556 0.394558 0.571429 0.378685 0.575964 0.367347 0.575964 0.340136 0.571429 0.328798 0.551020 0.308390
0 0.317460 0.319728 0.310658 0.337868 0.310658 0.362812 0.324263 0.396825 0.335601 0.408163 0.358277 0.417234 0.399093 0.417234 0.433107 0.437642 0.446712 0.451247 0.446712 0.455782 0.453515 0.455782 0.469388 0.469388 0.478458 0.469388 0.460317 0.455782 0.430839 0.421769 0.419501 0.399093 0.417234 0.356009 0.401361 0.335601 0.374150 0.321995 0.358277 0.321995 0.342404 0.308390 0.331066 0.308390
0 0.505669 0.535147 0.505669 0.541950 0.498866 0.551020 0.487528 0.557823 0.494331 0.557823 0.507937 0.548753
0 0.798186 0.410431 0.793651 0.399093 0.780045 0.387755 0.743764 0.376417 0.712018 0.376417 0.691610 0.383220 0.680272 0.383220 0.637188 0.403628 0.621315 0.428571 0.594104 0.453515 0.580499 0.460317 0.571429 0.455782 0.564626 0.476190 0.555556 0.482993 0.587302 0.473923 0.591837 0.469388 0.600907 0.471655 0.609977 0.464853 0.623583 0.464853 0.664399 0.492063 0.678005 0.496599 0.702948 0.494331 0.757370 0.471655 0.789116 0.437642 0.798186 0.421769
0 0.451247 0.519274 0.439909 0.519274 0.396825 0.560091 0.358277 0.560091 0.356009 0.555556 0.349206 0.555556 0.342404 0.564626 0.326531 0.569161 0.272109 0.632653 0.272109 0.646259 0.260771 0.668934 0.260771 0.684807 0.265306 0.693878 0.281179 0.705215 0.299320 0.705215 0.351474 0.682540 0.376417 0.662132 0.410431 0.616780 0.410431 0.575964 0.414966 0.566893 0.435374 0.546485 0.446712 0.546485
0 0.510204 0.517007 0.523810 0.532880 0.537415 0.541950 0.541950 0.551020 0.539683 0.591837 0.560091 0.623583 0.598639 0.657596 0.639456 0.673469 0.662132 0.671202 0.678005 0.662132 0.684807 0.646259 0.684807 0.637188 0.675737 0.609977 0.662132 0.587302 0.634921 0.560091 0.591837 0.535147 0.551020 0.532880 0.523810 0.514739 0.519274 0.507937
0 0.496599 0.272109 0.482993 0.272109 0.464853 0.278912 0.458050 0.285714 0.446712 0.312925 0.451247 0.326531 0.448980 0.362812 0.455782 0.412698 0.469388 0.439909 0.482993 0.458050 0.482993 0.464853 0.496599 0.462585 0.494331 0.446712 0.503401 0.439909 0.498866 0.421769 0.517007 0.408163 0.512472 0.358277 0.523810 0.346939 0.526077 0.331066 0.532880 0.319728 0.532880 0.299320 0.507937 0.276644
0 0.401361 0.476190 0.403628 0.489796 0.417234 0.501134 0.417234 0.507937 0.428571 0.517007 0.453515 0.519274 0.464853 0.510204 0.485261 0.503401 0.485261 0.496599 0.478458 0.496599 0.469388 0.489796 0.469388 0.480726 0.476190 0.471655 0.469388 0.471655 0.453515 0.458050 0.417234 0.460317
0 0.496599 0.501134 0.487528 0.501134 0.478458 0.510204 0.464853 0.512472 0.453515 0.521542 0.448980 0.548753 0.455782 0.555556 0.485261 0.557823 0.487528 0.553288 0.496599 0.551020 0.505669 0.532880 0.505669 0.510204
0 0.562358 0.442177 0.548753 0.437642 0.526077 0.439909 0.521542 0.435374 0.510204 0.448980 0.505669 0.448980 0.498866 0.462585 0.492063 0.464853 0.503401 0.476190 0.507937 0.489796 0.505669 0.492063 0.512472 0.492063 0.519274 0.498866 0.519274 0.505669 0.546485 0.496599 0.555556 0.485261 0.553288 0.482993 0.562358 0.476190 0.569161 0.455782
0 0.485261 0.464853 0.471655 0.480726 0.471655 0.489796 0.485261 0.494331 0.487528 0.498866 0.494331 0.498866 0.498866 0.492063 0.505669 0.489796 0.503401 0.480726 0.494331 0.467120
0 0.503401 0.492063 0.496599 0.498866 0.507937 0.510204 0.507937 0.519274 0.517007 0.507937 0.517007 0.498866