0 0.455782 0.555556 0.462585 0.589569 0.439909 0.605442 0.435374 0.619048 0.428571 0.625850 0.453515 0.657596 0.462585 0.662132 0.482993 0.662132 0.501134 0.641723 0.503401 0.621315 0.494331 0.605442 0.480726 0.600907 0.473923 0.594104 0.464853 0.571429 0.467120 0.562358
0 0.433107 0.378685 0.424036 0.383220 0.430839 0.392290 0.433107 0.403628 0.444444 0.414966 0.458050 0.417234 0.451247 0.421769 0.455782 0.430839 0.453515 0.467120 0.467120 0.458050 0.460317 0.453515 0.462585 0.433107 0.471655 0.424036 0.489796 0.417234 0.494331 0.408163 0.489796 0.396825 0.476190 0.383220 0.455782 0.378685
0 0.544218 0.421769 0.535147 0.430839 0.530612 0.462585 0.546485 0.462585 0.566893 0.473923 0.587302 0.501134 0.596372 0.478458 0.582766 0.451247 0.571429 0.437642 0.553288 0.424036
0 0.258503 0.528345 0.274376 0.551020 0.306122 0.562358 0.324263 0.562358 0.331066 0.557823 0.351474 0.555556 0.367347 0.526077 0.376417 0.517007 0.394558 0.517007 0.410431 0.510204 0.401361 0.503401 0.396825 0.503401 0.394558 0.507937 0.371882 0.505669 0.344671 0.473923 0.306122 0.471655 0.283447 0.480726 0.263039 0.501134 0.258503 0.510204
0 0.485261 0.521542 0.482993 0.537415 0.489796 0.539683 0.528345 0.580499 0.523810 0.619048 0.528345 0.630385 0.566893 0.666667 0.603175 0.680272 0.614512 0.678005 0.634921 0.659864 0.634921 0.625850 0.607710 0.582766 0.591837 0.566893 0.528345 0.562358 0.498866 0.541950 0.485261 0.526077
0 0.342404 0.301587 0.331066 0.315193 0.331066 0.358277 0.349206 0.408163 0.371882 0.433107 0.380952 0.437642 0.399093 0.437642 0.410431 0.442177 0.426304 0.460317 0.446712 0.471655 0.424036 0.428571 0.430839 0.399093 0.426304 0.387755 0.412698 0.374150 0.412698 0.362812 0.401361 0.328798 0.385488 0.312925 0.358277 0.301587
0 0.435374 0.526077 0.421769 0.546485 0.387755 0.553288 0.346939 0.598639 0.337868 0.625850 0.337868 0.655329 0.351474 0.671202 0.369615 0.671202 0.405896 0.648526 0.433107 0.619048 0.444444 0.589569 0.444444 0.571429 0.435374 0.560091 0.435374 0.548753 0.442177 0.539683
0 0.469388 0.503401 0.469388 0.507937 0.482993 0.523810 0.485261 0.519274 0.498866 0.530612 0.521542 0.539683 0.551020 0.539683 0.578231 0.526077 0.587302 0.517007 0.585034 0.501134 0.566893 0.476190 0.546485 0.464853 0.528345 0.462585 0.519274 0.469388 0.503401 0.471655 0.487528 0.485261 0.485261 0.482993 0.485261 0.489796
0 0.396825 0.455782 0.390023 0.462585 0.390023 0.480726 0.399093 0.501134 0.414966 0.512472 0.437642 0.514739 0.437642 0.501134 0.444444 0.498866 0.442177 0.489796 0.448980 0.473923 0.417234 0.455782
0 0.453515 0.505669 0.446712 0.517007 0.437642 0.519274 0.437642 0.530612 0.444444 0.544218 0.467120 0.560091 0.480726 0.541950 0.482993 0.526077 0.467120 0.505669
0 0.469388 0.462585 0.458050 0.464853 0.446712 0.480726 0.444444 0.489796 0.448980 0.498866 0.458050 0.505669 0.467120 0.503401 0.482993 0.489796 0.478458 0.471655
0 0.446712 0.494331 0.446712 0.498866 0.439909 0.501134 0.437642 0.517007 0.446712 0.514739 0.451247 0.507937