0 0.229025 0.435374 0.222222 0.448980 0.219955 0.464853 0.229025 0.476190 0.256236 0.496599 0.281179 0.505669 0.312925 0.505669 0.333333 0.498866 0.333333 0.494331 0.303855 0.482993 0.274376 0.464853 0.256236 0.426304 0.256236 0.414966
0 0.755102 0.249433 0.746032 0.240363 0.734694 0.240363 0.716553 0.258503 0.691610 0.263039 0.678005 0.274376 0.657596 0.278912 0.650794 0.287982 0.637188 0.290249 0.634921 0.294785 0.598639 0.294785 0.596372 0.337868 0.591837 0.346939 0.614512 0.360544 0.614512 0.376417 0.630385 0.378685 0.637188 0.360544 0.666667 0.328798 0.698413 0.285714 0.727891 0.272109 0.746032 0.253968
0 0.494331 0.614512 0.480726 0.621315 0.471655 0.630385 0.471655 0.634921 0.446712 0.657596 0.430839 0.682540 0.426304 0.716553 0.444444 0.770975 0.462585 0.798186 0.480726 0.804989 0.512472 0.800454 0.521542 0.795918 0.537415 0.775510 0.546485 0.773243 0.539683 0.757370 0.539683 0.746032 0.551020 0.723356 0.551020 0.696145 0.537415 0.673469 0.526077 0.634921 0.507937 0.628118
0 0.238095 0.081633 0.226757 0.097506 0.219955 0.115646 0.219955 0.133787 0.224490 0.142857 0.219955 0.167800 0.231293 0.190476 0.231293 0.201814 0.267574 0.229025 0.328798 0.297052 0.353741 0.301587 0.369615 0.312925 0.385488 0.333333 0.403628 0.367347 0.417234 0.356009 0.410431 0.353741 0.401361 0.335601 0.399093 0.319728 0.385488 0.299320 0.392290 0.217687 0.385488 0.197279 0.385488 0.156463 0.371882 0.131519 0.344671 0.104308 0.337868 0.092971 0.328798 0.092971 0.285714 0.077098
0 0.913832 0.489796 0.907029 0.464853 0.891156 0.437642 0.868481 0.421769 0.839002 0.412698 0.825397 0.412698 0.802721 0.403628 0.768707 0.405896 0.755102 0.412698 0.709751 0.419501 0.682540 0.439909 0.673469 0.451247 0.650794 0.462585 0.573696 0.467120 0.569161 0.464853 0.566893 0.476190 0.562358 0.480726 0.580499 0.480726 0.598639 0.487528 0.619048 0.485261 0.650794 0.496599 0.673469 0.512472 0.691610 0.541950 0.707483 0.555556 0.784580 0.578231 0.845805 0.569161 0.870748 0.560091 0.893424 0.546485 0.909297 0.526077
0 0.827664 0.097506 0.818594 0.088435 0.793651 0.081633 0.786848 0.074830 0.777778 0.077098 0.766440 0.070295 0.732426 0.068027 0.716553 0.070295 0.707483 0.065760 0.691610 0.068027 0.684807 0.063492 0.664399 0.068027 0.637188 0.068027 0.609977 0.086168 0.594104 0.102041 0.589569 0.115646 0.562358 0.138322 0.557823 0.154195 0.541950 0.183673 0.539683 0.208617 0.541950 0.231293 0.530612 0.265306 0.523810 0.276644 0.523810 0.283447 0.510204 0.299320 0.496599 0.337868 0.482993 0.353741 0.482993 0.362812 0.471655 0.374150 0.478458 0.387755 0.478458 0.396825 0.478458 0.387755 0.487528 0.378685 0.494331 0.378685 0.494331 0.374150 0.503401 0.365079 0.507937 0.365079 0.510204 0.360544 0.501134 0.358277 0.514739 0.344671 0.514739 0.337868 0.544218 0.301587 0.562358 0.287982 0.580499 0.283447 0.587302 0.287982 0.596372 0.287982 0.605442 0.294785 0.634921 0.292517 0.637188 0.287982 0.650794 0.285714 0.657596 0.276644 0.678005 0.272109 0.691610 0.260771 0.716553 0.256236 0.725624 0.244898 0.739229 0.238095 0.768707 0.210884 0.800454 0.192744 0.809524 0.183673 0.834467 0.136054 0.834467 0.111111
0 0.410431 0.503401 0.399093 0.494331 0.390023 0.503401 0.376417 0.507937 0.378685 0.517007 0.374150 0.526077 0.351474 0.551020 0.310658 0.571429 0.290249 0.571429 0.265306 0.553288 0.208617 0.557823 0.172336 0.575964 0.151927 0.594104 0.142857 0.594104 0.126984 0.603175 0.090703 0.641723 0.088435 0.653061 0.070295 0.680272 0.070295 0.700680 0.065760 0.714286 0.070295 0.732426 0.077098 0.743764 0.106576 0.773243 0.147392 0.775510 0.167800 0.770975 0.151927 0.748299 0.151927 0.716553 0.158730 0.705215 0.217687 0.653061 0.249433 0.630385 0.263039 0.623583 0.274376 0.623583 0.301587 0.596372 0.326531 0.594104 0.340136 0.580499 0.353741 0.578231 0.353741 0.573696 0.392290 0.537415 0.412698 0.512472
0 0.521542 0.578231 0.519274 0.587302 0.512472 0.594104 0.517007 0.598639 0.521542 0.614512 0.528345 0.621315 0.528345 0.637188 0.532880 0.643991 0.535147 0.662132 0.553288 0.696145 0.553288 0.723356 0.541950 0.746032 0.541950 0.757370 0.548753 0.770975 0.546485 0.780045 0.557823 0.825397 0.569161 0.834467 0.596372 0.891156 0.609977 0.904762 0.628118 0.916100 0.632653 0.927438 0.650794 0.947846 0.668934 0.959184 0.684807 0.963719 0.707483 0.979592 0.732426 0.977324 0.743764 0.972789 0.768707 0.941043 0.770975 0.900227 0.766440 0.848073 0.736961 0.775510 0.725624 0.757370 0.673469 0.705215 0.664399 0.702948 0.659864 0.696145 0.646259 0.696145 0.605442 0.682540 0.580499 0.668934 0.557823 0.643991 0.553288 0.625850
0 0.095238 0.183673 0.079365 0.208617 0.068027 0.233560 0.063492 0.299320 0.070295 0.315193 0.086168 0.328798 0.106576 0.337868 0.122449 0.353741 0.133787 0.356009 0.154195 0.367347 0.172336 0.367347 0.188209 0.383220 0.204082 0.387755 0.226757 0.385488 0.233560 0.392290 0.249433 0.396825 0.267574 0.396825 0.272109 0.392290 0.292517 0.392290 0.301587 0.387755 0.367347 0.387755 0.342404 0.362812 0.331066 0.328798 0.326531 0.294785 0.267574 0.231293 0.242630 0.215420 0.233560 0.204082 0.201814 0.185941 0.190476 0.185941 0.156463 0.165533 0.117914 0.167800
0 0.895692 0.249433 0.879819 0.235828 0.854875 0.226757 0.804989 0.226757 0.768707 0.240363 0.746032 0.256236 0.727891 0.274376 0.698413 0.287982 0.668934 0.328798 0.639456 0.360544 0.628118 0.387755 0.609977 0.396825 0.607710 0.405896 0.587302 0.426304 0.571429 0.435374 0.578231 0.430839 0.625850 0.421769 0.648526 0.412698 0.671202 0.414966 0.682540 0.421769 0.700680 0.421769 0.700680 0.426304 0.709751 0.417234 0.761905 0.408163 0.814059 0.380952 0.836735 0.362812 0.848073 0.358277 0.886621 0.324263 0.888889 0.312925 0.893424 0.308390 0.900227 0.274376 0.900227 0.258503
0 0.421769 0.523810 0.414966 0.539683 0.380952 0.585034 0.371882 0.580499 0.360544 0.582766 0.356009 0.578231 0.340136 0.582766 0.326531 0.596372 0.301587 0.598639 0.274376 0.625850 0.263039 0.625850 0.249433 0.632653 0.172336 0.693878 0.154195 0.716553 0.154195 0.748299 0.163265 0.764172 0.170068 0.770975 0.188209 0.775510 0.213152 0.775510 0.247166 0.766440 0.337868 0.707483 0.380952 0.673469 0.408163 0.641723 0.414966 0.625850 0.412698 0.609977 0.419501 0.587302 0.417234 0.548753 0.421769 0.541950
0 0.435374 0.081633 0.414966 0.090703 0.399093 0.111111 0.392290 0.145125 0.387755 0.151927 0.387755 0.197279 0.394558 0.217687 0.392290 0.272109 0.403628 0.285714 0.399093 0.299320 0.424036 0.328798 0.428571 0.346939 0.433107 0.351474 0.442177 0.351474 0.469388 0.371882 0.467120 0.367347 0.476190 0.358277 0.480726 0.358277 0.480726 0.353741 0.494331 0.337868 0.496599 0.326531 0.507937 0.306122 0.505669 0.278912 0.507937 0.251701 0.512472 0.242630 0.512472 0.179138 0.510204 0.163265 0.503401 0.156463 0.501134 0.140590 0.480726 0.108844 0.478458 0.099773 0.458050 0.081633
0 0.498866 0.498866 0.514739 0.519274 0.523810 0.541950 0.521542 0.575964 0.526077 0.578231 0.530612 0.591837 0.555556 0.625850 0.560091 0.643991 0.589569 0.673469 0.646259 0.693878 0.666667 0.693878 0.680272 0.668934 0.680272 0.641723 0.659864 0.589569 0.632653 0.553288 0.591837 0.510204 0.580499 0.510204 0.566893 0.498866 0.553288 0.494331 0.528345 0.503401 0.512472 0.503401
0 0.260771 0.408163 0.258503 0.426304 0.276644 0.464853 0.285714 0.471655 0.328798 0.489796 0.335601 0.496599 0.360544 0.494331 0.374150 0.507937 0.401361 0.492063 0.401361 0.476190 0.412698 0.460317 0.417234 0.446712 0.410431 0.437642 0.405896 0.414966 0.387755 0.408163 0.371882 0.390023 0.301587 0.390023 0.292517 0.394558 0.272109 0.394558 0.269841 0.401361
0 0.539683 0.342404 0.514739 0.356009 0.510204 0.365079 0.496599 0.374150 0.494331 0.380952 0.487528 0.380952 0.480726 0.387755 0.478458 0.399093 0.482993 0.401361 0.478458 0.403628 0.489796 0.405896 0.501134 0.414966 0.505669 0.433107 0.521542 0.430839 0.528345 0.426304 0.544218 0.426304 0.555556 0.439909 0.562358 0.439909 0.587302 0.424036 0.605442 0.405896 0.614512 0.385488 0.612245 0.360544 0.575964 0.342404
0 0.480726 0.494331 0.460317 0.494331 0.448980 0.510204 0.439909 0.514739 0.424036 0.514739 0.424036 0.541950 0.419501 0.548753 0.421769 0.587302 0.433107 0.603175 0.437642 0.616780 0.444444 0.623583 0.467120 0.630385 0.505669 0.605442 0.507937 0.596372 0.517007 0.587302 0.521542 0.564626 0.521542 0.541950 0.512472 0.519274 0.496599 0.498866
0 0.430839 0.351474 0.412698 0.360544 0.399093 0.376417 0.399093 0.399093 0.410431 0.419501 0.410431 0.430839 0.419501 0.446712 0.419501 0.453515 0.439909 0.444444 0.446712 0.437642 0.455782 0.437642 0.458050 0.410431 0.467120 0.403628 0.480726 0.401361 0.476190 0.399093 0.476190 0.387755 0.469388 0.374150 0.442177 0.353741
0 0.569161 0.453515 0.544218 0.428571 0.528345 0.428571 0.521542 0.433107 0.501134 0.435374 0.485261 0.464853 0.482993 0.492063 0.512472 0.501134 0.544218 0.496599 0.560091 0.485261 0.569161 0.462585
0 0.417234 0.453515 0.403628 0.476190 0.403628 0.494331 0.414966 0.510204 0.439909 0.512472 0.455782 0.501134 0.458050 0.489796 0.437642 0.485261 0.433107 0.480726 0.428571 0.460317
0 0.458050 0.414966 0.460317 0.428571 0.478458 0.424036 0.487528 0.428571 0.492063 0.437642 0.503401 0.433107 0.498866 0.414966 0.489796 0.408163 0.467120 0.405896
0 0.424036 0.453515 0.430839 0.460317 0.437642 0.482993 0.455782 0.485261 0.460317 0.492063 0.487528 0.494331 0.480726 0.492063 0.480726 0.473923 0.498866 0.437642 0.492063 0.439909 0.487528 0.430839 0.471655 0.426304 0.460317 0.430839 0.455782 0.439909 0.446712 0.439909 0.439909 0.446712