0 0.482993 0.458050 0.496599 0.462585 0.501134 0.458050 0.507937 0.458050 0.514739 0.464853 0.514739 0.471655 0.507937 0.478458 0.507937 0.496599 0.523810 0.507937 0.530612 0.494331 0.528345 0.480726 0.535147 0.467120 0.519274 0.464853 0.510204 0.453515 0.492063 0.453515
0 0.421769 0.378685 0.435374 0.380952 0.448980 0.390023 0.448980 0.380952 0.439909 0.376417
0 0.503401 0.342404 0.464853 0.340136 0.446712 0.360544 0.458050 0.387755 0.473923 0.405896 0.473923 0.414966 0.455782 0.442177 0.464853 0.444444 0.464853 0.437642 0.478458 0.417234 0.489796 0.405896 0.503401 0.408163 0.505669 0.394558 0.523810 0.380952 0.519274 0.376417 0.517007 0.356009
0 0.292517 0.448980 0.294785 0.469388 0.310658 0.482993 0.333333 0.489796 0.380952 0.487528 0.396825 0.476190 0.392290 0.467120 0.399093 0.460317 0.410431 0.458050 0.417234 0.462585 0.426304 0.460317 0.437642 0.469388 0.437642 0.464853 0.428571 0.455782 0.399093 0.444444 0.383220 0.424036 0.371882 0.417234 0.356009 0.414966 0.326531 0.424036
0 0.433107 0.467120 0.419501 0.464853 0.414966 0.473923 0.399093 0.476190 0.380952 0.489796 0.383220 0.501134 0.392290 0.514739 0.408163 0.517007 0.414966 0.512472 0.414966 0.496599 0.410431 0.485261
0 0.562358 0.369615 0.535147 0.367347 0.526077 0.380952 0.505669 0.399093 0.505669 0.408163 0.501134 0.414966 0.503401 0.435374 0.478458 0.451247 0.469388 0.448980 0.469388 0.458050 0.485261 0.455782 0.492063 0.451247 0.496599 0.453515 0.501134 0.446712 0.512472 0.446712 0.512472 0.453515 0.519274 0.462585 0.535147 0.464853 0.562358 0.451247 0.575964 0.437642 0.571429 0.401361 0.560091 0.380952
0 0.451247 0.482993 0.437642 0.492063 0.433107 0.510204 0.426304 0.517007 0.405896 0.523810 0.392290 0.541950 0.385488 0.562358 0.385488 0.585034 0.390023 0.596372 0.401361 0.603175 0.433107 0.598639 0.444444 0.591837 0.455782 0.578231 0.458050 0.544218 0.462585 0.541950 0.462585 0.537415 0.444444 0.521542 0.444444 0.498866
0 0.421769 0.380952 0.412698 0.387755 0.401361 0.387755 0.396825 0.392290 0.394558 0.419501 0.405896 0.439909 0.419501 0.451247 0.428571 0.453515 0.433107 0.460317 0.437642 0.455782 0.430839 0.453515 0.433107 0.448980 0.442177 0.453515 0.448980 0.448980 0.446712 0.444444 0.458050 0.430839 0.460317 0.417234 0.458050 0.401361 0.451247 0.392290 0.435374 0.383220
0 0.455782 0.471655 0.455782 0.485261 0.482993 0.505669 0.487528 0.501134 0.507937 0.498866 0.505669 0.467120 0.473923 0.458050
0 0.467120 0.446712 0.455782 0.444444 0.435374 0.460317 0.439909 0.469388 0.453515 0.473923 0.467120 0.458050
0 0.453515 0.476190 0.446712 0.476190 0.435374 0.469388 0.428571 0.471655 0.421769 0.480726 0.428571 0.492063 0.435374 0.492063 0.453515 0.480726