0 0.256236 0.448980 0.256236 0.453515 0.249433 0.460317 0.249433 0.478458 0.253968 0.487528 0.265306 0.496599 0.269841 0.505669 0.290249 0.514739 0.292517 0.512472 0.301587 0.517007 0.342404 0.517007 0.365079 0.494331 0.365079 0.485261 0.342404 0.462585 0.342404 0.455782 0.337868 0.453515 0.337868 0.435374 0.349206 0.424036 0.337868 0.417234 0.301587 0.417234
0 0.755102 0.244898 0.736961 0.229025 0.718821 0.229025 0.707483 0.233560 0.698413 0.231293 0.693878 0.240363 0.684807 0.247166 0.684807 0.251701 0.675737 0.258503 0.671202 0.269841 0.639456 0.290249 0.632653 0.299320 0.623583 0.303855 0.598639 0.303855 0.598639 0.342404 0.594104 0.353741 0.566893 0.380952 0.546485 0.392290 0.548753 0.396825 0.557823 0.399093 0.594104 0.378685 0.612245 0.378685 0.625850 0.365079 0.632653 0.349206 0.650794 0.337868 0.655329 0.324263 0.666667 0.315193 0.680272 0.310658 0.707483 0.310658 0.730159 0.292517 0.739229 0.292517 0.741497 0.287982 0.757370 0.287982 0.759637 0.283447 0.764172 0.283447 0.759637 0.281179 0.761905 0.260771
0 0.464853 0.551020 0.467120 0.578231 0.471655 0.585034 0.473923 0.628118 0.460317 0.643991 0.442177 0.657596 0.426304 0.682540 0.424036 0.707483 0.428571 0.716553 0.428571 0.732426 0.433107 0.739229 0.437642 0.764172 0.451247 0.786848 0.471655 0.800454 0.496599 0.800454 0.512472 0.793651 0.530612 0.777778 0.555556 0.734694 0.557823 0.675737 0.548753 0.650794 0.535147 0.637188 0.510204 0.628118 0.501134 0.619048 0.492063 0.600907 0.485261 0.571429 0.478458 0.560091 0.478458 0.553288 0.482993 0.551020
0 0.240363 0.097506 0.229025 0.108844 0.219955 0.126984 0.217687 0.147392 0.222222 0.195011 0.229025 0.206349 0.229025 0.217687 0.235828 0.238095 0.249433 0.247166 0.249433 0.256236 0.258503 0.260771 0.263039 0.274376 0.269841 0.281179 0.287982 0.285714 0.299320 0.292517 0.308390 0.303855 0.331066 0.306122 0.360544 0.315193 0.403628 0.365079 0.417234 0.394558 0.430839 0.412698 0.430839 0.405896 0.437642 0.396825 0.433107 0.399093 0.428571 0.387755 0.421769 0.383220 0.383220 0.308390 0.383220 0.285714 0.401361 0.253968 0.396825 0.206349 0.390023 0.197279 0.383220 0.170068 0.365079 0.145125 0.356009 0.138322 0.346939 0.122449 0.331066 0.111111 0.319728 0.108844 0.310658 0.099773 0.301587 0.099773 0.278912 0.088435 0.253968 0.090703
0 0.916100 0.505669 0.913832 0.473923 0.907029 0.458050 0.891156 0.439909 0.861678 0.424036 0.825397 0.419501 0.804989 0.412698 0.757370 0.419501 0.736961 0.417234 0.723356 0.426304 0.709751 0.428571 0.702948 0.439909 0.691610 0.444444 0.682540 0.455782 0.671202 0.460317 0.662132 0.469388 0.575964 0.471655 0.551020 0.469388 0.539683 0.464853 0.541950 0.469388 0.575964 0.482993 0.589569 0.498866 0.587302 0.489796 0.591837 0.485261 0.607710 0.492063 0.619048 0.489796 0.628118 0.494331 0.648526 0.496599 0.671202 0.507937 0.682540 0.519274 0.693878 0.539683 0.709751 0.553288 0.736961 0.562358 0.750567 0.562358 0.764172 0.569161 0.804989 0.571429 0.811791 0.566893 0.861678 0.557823 0.891156 0.544218 0.907029 0.526077
0 0.743764 0.077098 0.734694 0.077098 0.725624 0.070295 0.709751 0.068027 0.619048 0.068027 0.605442 0.072562 0.560091 0.111111 0.557823 0.124717 0.546485 0.138322 0.544218 0.156463 0.523810 0.176871 0.523810 0.235828 0.546485 0.272109 0.541950 0.283447 0.539683 0.317460 0.526077 0.340136 0.526077 0.346939 0.526077 0.342404 0.535147 0.337868 0.562358 0.308390 0.585034 0.294785 0.596372 0.294785 0.598639 0.299320 0.594104 0.301587 0.623583 0.301587 0.632653 0.297052 0.639456 0.287982 0.668934 0.269841 0.673469 0.258503 0.696145 0.233560 0.698413 0.222222 0.712018 0.217687 0.723356 0.206349 0.732426 0.188209 0.752834 0.165533 0.759637 0.147392 0.761905 0.106576 0.755102 0.088435
0 0.426304 0.503401 0.419501 0.503401 0.410431 0.510204 0.380952 0.507937 0.383220 0.510204 0.349206 0.539683 0.337868 0.539683 0.319728 0.553288 0.294785 0.553288 0.267574 0.544218 0.260771 0.548753 0.219955 0.551020 0.197279 0.562358 0.197279 0.566893 0.185941 0.578231 0.165533 0.582766 0.140590 0.598639 0.074830 0.664399 0.077098 0.666667 0.070295 0.682540 0.070295 0.702948 0.074830 0.705215 0.077098 0.716553 0.102041 0.741497 0.115646 0.748299 0.158730 0.748299 0.240363 0.716553 0.276644 0.691610 0.283447 0.691610 0.272109 0.668934 0.274376 0.639456 0.301587 0.609977 0.310658 0.605442 0.346939 0.541950 0.371882 0.519274 0.392290 0.517007 0.417234 0.521542 0.417234 0.514739
0 0.532880 0.594104 0.553288 0.619048 0.573696 0.657596 0.569161 0.700680 0.580499 0.718821 0.582766 0.736961 0.607710 0.761905 0.609977 0.768707 0.639456 0.802721 0.668934 0.816327 0.693878 0.839002 0.707483 0.845805 0.721088 0.841270 0.736961 0.845805 0.759637 0.843537 0.773243 0.839002 0.786848 0.825397 0.786848 0.804989 0.791383 0.798186 0.791383 0.786848 0.782313 0.750567 0.777778 0.743764 0.777778 0.734694 0.761905 0.712018 0.759637 0.702948 0.734694 0.675737 0.727891 0.662132 0.707483 0.653061 0.689342 0.634921 0.657596 0.630385 0.643991 0.621315 0.625850 0.625850 0.603175 0.625850 0.580499 0.607710 0.585034 0.603175 0.546485 0.600907
0 0.086168 0.242630 0.079365 0.260771 0.079365 0.281179 0.086168 0.299320 0.102041 0.324263 0.104308 0.335601 0.126984 0.358277 0.147392 0.369615 0.160998 0.387755 0.170068 0.387755 0.195011 0.401361 0.201814 0.401361 0.226757 0.419501 0.256236 0.417234 0.269841 0.426304 0.283447 0.428571 0.301587 0.414966 0.335601 0.417234 0.342404 0.412698 0.358277 0.414966 0.358277 0.419501 0.371882 0.419501 0.385488 0.410431 0.387755 0.405896 0.385488 0.408163 0.351474 0.380952 0.335601 0.335601 0.308390 0.312925 0.303855 0.299320 0.287982 0.287982 0.269841 0.283447 0.260771 0.274376 0.256236 0.260771 0.253968 0.263039 0.238095 0.247166 0.213152 0.244898 0.183673 0.224490 0.160998 0.219955 0.131519 0.219955 0.111111 0.224490 0.097506 0.231293
0 0.816327 0.301587 0.791383 0.285714 0.768707 0.283447 0.759637 0.285714 0.757370 0.290249 0.741497 0.290249 0.739229 0.294785 0.730159 0.294785 0.707483 0.312925 0.680272 0.312925 0.666667 0.317460 0.657596 0.324263 0.653061 0.337868 0.634921 0.349206 0.628118 0.365079 0.612245 0.380952 0.603175 0.380952 0.598639 0.387755 0.591837 0.390023 0.591837 0.408163 0.571429 0.421769 0.564626 0.419501 0.560091 0.433107 0.546485 0.442177 0.546485 0.446712 0.573696 0.444444 0.587302 0.437642 0.600907 0.437642 0.616780 0.444444 0.664399 0.442177 0.702948 0.428571 0.705215 0.430839 0.707483 0.426304 0.723356 0.424036 0.741497 0.414966 0.789116 0.383220 0.807256 0.362812 0.818594 0.340136 0.820862 0.326531
0 0.428571 0.505669 0.428571 0.510204 0.417234 0.523810 0.380952 0.519274 0.371882 0.521542 0.349206 0.541950 0.312925 0.605442 0.306122 0.612245 0.301587 0.612245 0.276644 0.639456 0.274376 0.668934 0.281179 0.678005 0.285714 0.693878 0.297052 0.705215 0.331066 0.707483 0.344671 0.700680 0.392290 0.655329 0.394558 0.648526 0.412698 0.630385 0.419501 0.614512 0.437642 0.594104 0.444444 0.575964 0.451247 0.569161 0.448980 0.553288 0.455782 0.546485 0.455782 0.541950 0.433107 0.519274
0 0.498866 0.224490 0.480726 0.224490 0.467120 0.231293 0.462585 0.238095 0.442177 0.251701 0.428571 0.269841 0.428571 0.294785 0.424036 0.317460 0.424036 0.353741 0.428571 0.358277 0.428571 0.365079 0.424036 0.369615 0.424036 0.376417 0.446712 0.396825 0.455782 0.396825 0.473923 0.408163 0.480726 0.408163 0.503401 0.390023 0.510204 0.371882 0.523810 0.356009 0.523810 0.340136 0.539683 0.308390 0.539683 0.290249 0.532880 0.281179 0.532880 0.265306 0.510204 0.231293
0 0.494331 0.458050 0.501134 0.473923 0.498866 0.482993 0.503401 0.489796 0.503401 0.521542 0.485261 0.551020 0.496599 0.557823 0.505669 0.571429 0.537415 0.596372 0.573696 0.598639 0.587302 0.603175 0.607710 0.587302 0.612245 0.575964 0.612245 0.546485 0.607710 0.539683 0.607710 0.526077 0.600907 0.514739 0.600907 0.505669 0.596372 0.501134 0.589569 0.501134 0.569161 0.480726 0.551020 0.476190 0.539683 0.467120 0.498866 0.462585
0 0.342404 0.430839 0.340136 0.453515 0.344671 0.455782 0.344671 0.462585 0.367347 0.485261 0.367347 0.494331 0.371882 0.494331 0.383220 0.505669 0.410431 0.507937 0.419501 0.501134 0.428571 0.501134 0.430839 0.505669 0.435374 0.492063 0.437642 0.451247 0.428571 0.437642 0.426304 0.421769 0.405896 0.410431 0.387755 0.408163 0.371882 0.421769 0.358277 0.421769 0.351474 0.428571
0 0.566893 0.401361 0.553288 0.401361 0.546485 0.394558 0.501134 0.394558 0.482993 0.405896 0.482993 0.421769 0.492063 0.458050 0.494331 0.455782 0.498866 0.460317 0.526077 0.462585 0.535147 0.451247 0.544218 0.446712 0.546485 0.439909 0.557823 0.433107 0.562358 0.424036 0.560091 0.414966 0.569161 0.410431
0 0.437642 0.482993 0.435374 0.501134 0.430839 0.507937 0.435374 0.519274 0.458050 0.541950 0.462585 0.551020 0.482993 0.548753 0.501134 0.521542 0.501134 0.489796 0.492063 0.496599 0.458050 0.494331
0 0.480726 0.410431 0.473923 0.410431 0.442177 0.394558 0.433107 0.405896 0.428571 0.424036 0.430839 0.437642 0.437642 0.444444 0.464853 0.424036 0.482993 0.424036
0 0.439909 0.442177 0.437642 0.480726 0.458050 0.492063 0.492063 0.494331 0.498866 0.489796 0.498866 0.473923 0.487528 0.453515 0.482993 0.426304 0.464853 0.426304