0 0.462585 0.587302 0.460317 0.603175 0.435374 0.639456 0.426304 0.662132 0.439909 0.666667 0.467120 0.666667 0.480726 0.653061 0.476190 0.632653 0.476190 0.607710 0.473923 0.603175 0.469388 0.603175
0 0.698413 0.378685 0.664399 0.362812 0.630385 0.362812 0.591837 0.385488 0.585034 0.399093 0.585034 0.417234 0.580499 0.419501 0.596372 0.419501 0.598639 0.414966 0.607710 0.414966 0.625850 0.401361 0.632653 0.401361 0.641723 0.394558 0.657596 0.390023 0.700680 0.390023
0 0.399093 0.503401 0.392290 0.505669 0.385488 0.498866 0.371882 0.498866 0.321995 0.528345 0.278912 0.526077 0.263039 0.519274 0.240363 0.517007 0.224490 0.505669 0.217687 0.505669 0.224490 0.519274 0.235828 0.530612 0.274376 0.555556 0.324263 0.557823 0.335601 0.548753 0.351474 0.521542 0.360544 0.512472 0.383220 0.510204 0.392290 0.517007
0 0.489796 0.575964 0.494331 0.585034 0.505669 0.594104 0.519274 0.621315 0.551020 0.653061 0.551020 0.678005 0.569161 0.705215 0.578231 0.741497 0.619048 0.775510 0.662132 0.786848 0.691610 0.784580 0.705215 0.775510 0.714286 0.757370 0.714286 0.734694 0.702948 0.716553 0.698413 0.700680 0.653061 0.650794 0.630385 0.646259 0.603175 0.634921 0.596372 0.634921 0.578231 0.646259 0.566893 0.646259 0.557823 0.641723 0.521542 0.607710 0.510204 0.589569 0.510204 0.580499 0.498866 0.580499
0 0.324263 0.181406 0.310658 0.195011 0.308390 0.219955 0.303855 0.229025 0.306122 0.251701 0.319728 0.292517 0.362812 0.335601 0.383220 0.346939 0.399093 0.362812 0.417234 0.396825 0.412698 0.401361 0.417234 0.401361 0.428571 0.383220 0.428571 0.374150 0.426304 0.376417 0.421769 0.371882 0.417234 0.344671 0.419501 0.324263 0.430839 0.306122 0.430839 0.287982 0.424036 0.278912 0.417234 0.258503 0.408163 0.249433 0.387755 0.204082 0.353741 0.179138 0.342404 0.183673
0 0.394558 0.555556 0.380952 0.569161 0.374150 0.569161 0.356009 0.578231 0.337868 0.596372 0.319728 0.605442 0.283447 0.607710 0.256236 0.603175 0.238095 0.619048 0.219955 0.625850 0.197279 0.648526 0.192744 0.659864 0.179138 0.675737 0.158730 0.723356 0.158730 0.775510 0.170068 0.791383 0.190476 0.798186 0.213152 0.795918 0.276644 0.764172 0.312925 0.734694 0.340136 0.691610 0.340136 0.625850 0.344671 0.616780 0.360544 0.605442 0.369615 0.578231
0 0.850340 0.471655 0.841270 0.444444 0.825397 0.428571 0.784580 0.419501 0.743764 0.417234 0.739229 0.419501 0.734694 0.451247 0.716553 0.471655 0.662132 0.498866 0.625850 0.510204 0.614512 0.510204 0.607710 0.514739 0.607710 0.519274 0.650794 0.519274 0.659864 0.523810 0.682540 0.546485 0.696145 0.553288 0.712018 0.553288 0.725624 0.548753 0.748299 0.551020 0.775510 0.544218 0.784580 0.537415 0.798186 0.535147 0.814059 0.526077 0.845805 0.489796
0 0.560091 0.104308 0.530612 0.104308 0.519274 0.113379 0.492063 0.163265 0.485261 0.183673 0.485261 0.197279 0.480726 0.204082 0.471655 0.272109 0.471655 0.301587 0.476190 0.312925 0.498866 0.337868 0.501134 0.351474 0.494331 0.358277 0.492063 0.356009 0.505669 0.380952 0.507937 0.410431 0.530612 0.362812 0.544218 0.349206 0.566893 0.337868 0.580499 0.312925 0.598639 0.249433 0.596372 0.163265 0.580499 0.122449
0 0.464853 0.553288 0.462585 0.555556 0.471655 0.569161 0.482993 0.653061 0.462585 0.680272 0.460317 0.702948 0.455782 0.709751 0.458050 0.730159 0.462585 0.739229 0.462585 0.761905 0.471655 0.791383 0.482993 0.814059 0.485261 0.827664 0.494331 0.845805 0.505669 0.857143 0.514739 0.877551 0.537415 0.893424 0.553288 0.893424 0.571429 0.877551 0.578231 0.861678 0.578231 0.850340 0.587302 0.834467 0.582766 0.766440 0.578231 0.759637 0.578231 0.752834 0.582766 0.748299 0.575964 0.741497 0.569161 0.723356 0.566893 0.705215 0.551020 0.680272 0.546485 0.680272 0.539683 0.668934 0.521542 0.655329 0.507937 0.639456 0.489796 0.598639 0.489796 0.573696 0.482993 0.555556
0 0.142857 0.414966 0.142857 0.428571 0.154195 0.453515 0.185941 0.485261 0.249433 0.517007 0.263039 0.517007 0.290249 0.526077 0.321995 0.526077 0.371882 0.496599 0.385488 0.496599 0.392290 0.503401 0.401361 0.503401 0.408163 0.494331 0.426304 0.482993 0.410431 0.482993 0.405896 0.478458 0.390023 0.476190 0.362812 0.453515 0.351474 0.435374 0.337868 0.421769 0.301587 0.410431 0.278912 0.396825 0.238095 0.392290 0.213152 0.385488 0.190476 0.385488 0.156463 0.399093
0 0.736961 0.419501 0.727891 0.417234 0.698413 0.392290 0.648526 0.394558 0.616780 0.408163 0.607710 0.417234 0.598639 0.417234 0.596372 0.421769 0.580499 0.421769 0.569161 0.430839 0.560091 0.444444 0.553288 0.446712 0.528345 0.471655 0.507937 0.478458 0.514739 0.485261 0.521542 0.503401 0.548753 0.503401 0.557823 0.507937 0.569161 0.521542 0.575964 0.517007 0.598639 0.521542 0.614512 0.507937 0.625850 0.507937 0.662132 0.496599 0.716553 0.469388 0.732426 0.451247
0 0.458050 0.548753 0.446712 0.548753 0.442177 0.555556 0.435374 0.555556 0.412698 0.544218 0.371882 0.578231 0.365079 0.591837 0.365079 0.600907 0.353741 0.616780 0.349206 0.630385 0.346939 0.668934 0.362812 0.684807 0.394558 0.684807 0.424036 0.664399 0.433107 0.639456 0.458050 0.603175 0.458050 0.591837 0.464853 0.578231 0.464853 0.560091 0.460317 0.557823
0 0.473923 0.342404 0.453515 0.346939 0.439909 0.360544 0.428571 0.387755 0.417234 0.403628 0.414966 0.433107 0.433107 0.476190 0.433107 0.482993 0.444444 0.482993 0.455782 0.489796 0.464853 0.487528 0.478458 0.473923 0.496599 0.471655 0.492063 0.469388 0.492063 0.453515 0.507937 0.412698 0.503401 0.401361 0.503401 0.380952 0.494331 0.360544 0.482993 0.346939
0 0.478458 0.541950 0.478458 0.551020 0.485261 0.555556 0.489796 0.571429 0.498866 0.578231 0.544218 0.582766 0.573696 0.571429 0.580499 0.562358 0.580499 0.546485 0.575964 0.535147 0.566893 0.526077 0.569161 0.523810 0.562358 0.514739 0.548753 0.505669 0.517007 0.503401 0.496599 0.526077 0.487528 0.526077
0 0.428571 0.482993 0.399093 0.505669 0.394558 0.519274 0.412698 0.541950 0.428571 0.551020 0.442177 0.553288 0.446712 0.541950 0.433107 0.519274 0.451247 0.501134 0.453515 0.489796
0 0.496599 0.473923 0.478458 0.476190 0.462585 0.489796 0.476190 0.494331 0.480726 0.501134 0.480726 0.517007 0.485261 0.523810 0.496599 0.523810 0.517007 0.501134 0.512472 0.485261
0 0.485261 0.526077 0.471655 0.528345 0.462585 0.541950 0.455782 0.539683 0.448980 0.530612 0.444444 0.530612 0.448980 0.546485 0.458050 0.546485 0.460317 0.553288 0.476190 0.551020 0.476190 0.541950
0 0.455782 0.492063 0.453515 0.501134 0.435374 0.521542 0.442177 0.530612 0.448980 0.528345 0.455782 0.537415 0.462585 0.539683 0.471655 0.526077 0.482993 0.521542 0.478458 0.517007 0.478458 0.501134 0.473923 0.494331