0 0.448980 0.582766 0.455782 0.591837 0.458050 0.632653 0.433107 0.662132 0.433107 0.678005 0.437642 0.687075 0.458050 0.707483 0.469388 0.712018 0.492063 0.712018 0.507937 0.698413 0.519274 0.673469 0.519274 0.662132 0.501134 0.632653 0.476190 0.625850 0.467120 0.616780 0.464853 0.596372 0.460317 0.589569 0.460317 0.585034 0.467120 0.582766
0 0.428571 0.453515 0.428571 0.462585 0.424036 0.467120 0.419501 0.482993 0.437642 0.512472 0.448980 0.510204 0.433107 0.496599 0.433107 0.489796 0.426304 0.478458 0.430839 0.464853
0 0.551020 0.548753 0.544218 0.569161 0.528345 0.594104 0.532880 0.589569 0.539683 0.594104 0.541950 0.609977 0.553288 0.625850 0.562358 0.630385 0.575964 0.630385 0.587302 0.637188 0.607710 0.637188 0.625850 0.628118 0.632653 0.628118 0.641723 0.621315 0.648526 0.609977 0.650794 0.587302 0.632653 0.562358 0.616780 0.551020 0.598639 0.544218 0.566893 0.544218 0.562358 0.548753
0 0.260771 0.510204 0.260771 0.537415 0.285714 0.553288 0.312925 0.553288 0.337868 0.546485 0.358277 0.526077 0.369615 0.530612 0.401361 0.530612 0.412698 0.535147 0.417234 0.541950 0.426304 0.541950 0.426304 0.537415 0.430839 0.535147 0.426304 0.528345 0.424036 0.530612 0.417234 0.526077 0.365079 0.514739 0.356009 0.505669 0.351474 0.489796 0.337868 0.476190 0.321995 0.469388 0.292517 0.471655 0.276644 0.485261
0 0.562358 0.365079 0.541950 0.365079 0.521542 0.374150 0.485261 0.410431 0.478458 0.435374 0.478458 0.448980 0.487528 0.467120 0.487528 0.480726 0.464853 0.514739 0.467120 0.526077 0.503401 0.487528 0.546485 0.485261 0.555556 0.480726 0.582766 0.446712 0.589569 0.403628 0.582766 0.390023
0 0.424036 0.598639 0.405896 0.603175 0.405896 0.607710 0.385488 0.628118 0.367347 0.625850 0.340136 0.659864 0.340136 0.668934 0.333333 0.678005 0.328798 0.700680 0.328798 0.730159 0.335601 0.755102 0.358277 0.773243 0.371882 0.773243 0.380952 0.768707 0.412698 0.736961 0.419501 0.721088 0.419501 0.712018 0.426304 0.700680 0.428571 0.675737 0.426304 0.666667 0.403628 0.634921 0.421769 0.607710
0 0.344671 0.387755 0.335601 0.396825 0.328798 0.417234 0.328798 0.442177 0.342404 0.467120 0.340136 0.476190 0.349206 0.487528 0.356009 0.487528 0.371882 0.498866 0.399093 0.494331 0.424036 0.521542 0.430839 0.521542 0.435374 0.514739 0.424036 0.505669 0.414966 0.489796 0.421769 0.467120 0.426304 0.462585 0.426304 0.437642 0.421769 0.421769 0.401361 0.401361 0.378685 0.387755
0 0.512472 0.507937 0.480726 0.521542 0.469388 0.539683 0.460317 0.544218 0.460317 0.553288 0.467120 0.562358 0.467120 0.571429 0.469388 0.569161 0.482993 0.582766 0.505669 0.594104 0.523810 0.594104 0.539683 0.573696 0.548753 0.548753 0.557823 0.546485 0.560091 0.530612 0.532880 0.510204
0 0.433107 0.541950 0.401361 0.541950 0.385488 0.548753 0.365079 0.580499 0.367347 0.591837 0.385488 0.605442 0.399093 0.605442 0.421769 0.596372 0.426304 0.598639 0.444444 0.578231 0.437642 0.569161 0.442177 0.551020
0 0.455782 0.510204 0.442177 0.512472 0.430839 0.523810 0.426304 0.523810 0.433107 0.532880 0.433107 0.539683 0.444444 0.551020 0.442177 0.553288 0.460317 0.551020 0.458050 0.544218 0.464853 0.539683 0.464853 0.517007
0 0.442177 0.555556 0.442177 0.573696 0.448980 0.580499 0.462585 0.580499 0.467120 0.573696 0.460317 0.555556