0 0.453515 0.603175 0.455782 0.628118 0.437642 0.639456 0.428571 0.650794 0.426304 0.680272 0.448980 0.707483 0.467120 0.716553 0.480726 0.716553 0.487528 0.712018 0.487528 0.684807 0.498866 0.673469 0.498866 0.668934 0.489796 0.662132 0.478458 0.628118 0.469388 0.625850 0.464853 0.619048 0.464853 0.609977
0 0.426304 0.385488 0.408163 0.383220 0.385488 0.394558 0.378685 0.410431 0.378685 0.430839 0.383220 0.433107 0.387755 0.446712 0.392290 0.442177 0.390023 0.439909 0.412698 0.421769 0.442177 0.421769 0.439909 0.399093
0 0.505669 0.553288 0.514739 0.566893 0.514739 0.573696 0.519274 0.573696 0.541950 0.594104 0.548753 0.632653 0.560091 0.646259 0.575964 0.655329 0.632653 0.657596 0.646259 0.648526 0.657596 0.625850 0.657596 0.616780 0.643991 0.585034 0.634921 0.580499 0.623583 0.566893 0.598639 0.557823 0.575964 0.557823 0.569161 0.560091 0.569161 0.566893 0.557823 0.578231 0.548753 0.578231 0.510204 0.560091
0 0.639456 0.260771 0.609977 0.260771 0.594104 0.272109 0.566893 0.283447 0.564626 0.299320 0.555556 0.310658 0.551020 0.324263 0.526077 0.349206 0.514739 0.356009 0.514739 0.360544 0.521542 0.367347 0.521542 0.380952 0.517007 0.385488 0.517007 0.394558 0.523810 0.405896 0.521542 0.435374 0.498866 0.473923 0.469388 0.507937 0.473923 0.507937 0.478458 0.514739 0.501134 0.492063 0.498866 0.489796 0.514739 0.478458 0.517007 0.464853 0.551020 0.437642 0.591837 0.437642 0.609977 0.426304 0.621315 0.424036 0.634921 0.412698 0.643991 0.387755 0.662132 0.362812 0.662132 0.326531 0.668934 0.303855 0.659864 0.292517 0.655329 0.278912
0 0.383220 0.675737 0.349206 0.673469 0.344671 0.680272 0.333333 0.684807 0.299320 0.682540 0.299320 0.693878 0.283447 0.714286 0.276644 0.734694 0.267574 0.743764 0.253968 0.748299 0.244898 0.766440 0.235828 0.775510 0.224490 0.780045 0.224490 0.793651 0.219955 0.800454 0.219955 0.825397 0.224490 0.834467 0.222222 0.845805 0.229025 0.852608 0.233560 0.868481 0.249433 0.893424 0.267574 0.895692 0.285714 0.904762 0.308390 0.902494 0.342404 0.882086 0.392290 0.825397 0.399093 0.764172 0.394558 0.759637 0.390023 0.732426 0.378685 0.712018 0.376417 0.680272
0 0.142857 0.242630 0.133787 0.267574 0.138322 0.278912 0.140590 0.303855 0.151927 0.331066 0.172336 0.360544 0.174603 0.376417 0.192744 0.394558 0.217687 0.403628 0.233560 0.417234 0.274376 0.414966 0.290249 0.408163 0.310658 0.408163 0.371882 0.448980 0.380952 0.467120 0.385488 0.467120 0.392290 0.453515 0.385488 0.446712 0.380952 0.433107 0.378685 0.435374 0.346939 0.396825 0.342404 0.385488 0.344671 0.333333 0.333333 0.301587 0.319728 0.292517 0.319728 0.285714 0.310658 0.267574 0.292517 0.247166 0.272109 0.240363 0.242630 0.222222 0.222222 0.217687 0.208617 0.219955 0.197279 0.215420 0.190476 0.215420 0.172336 0.224490 0.156463 0.247166 0.149660 0.238095
0 0.918367 0.519274 0.913832 0.514739 0.909297 0.492063 0.891156 0.473923 0.857143 0.458050 0.841270 0.453515 0.764172 0.455782 0.734694 0.462585 0.725624 0.469388 0.693878 0.473923 0.678005 0.487528 0.675737 0.510204 0.666667 0.519274 0.650794 0.526077 0.650794 0.537415 0.646259 0.544218 0.596372 0.555556 0.632653 0.560091 0.659864 0.573696 0.673469 0.589569 0.707483 0.607710 0.725624 0.607710 0.732426 0.612245 0.752834 0.607710 0.773243 0.614512 0.807256 0.614512 0.823129 0.605442 0.841270 0.605442 0.863946 0.598639 0.888889 0.580499 0.913832 0.551020
0 0.362812 0.562358 0.360544 0.569161 0.351474 0.575964 0.324263 0.582766 0.281179 0.609977 0.267574 0.614512 0.219955 0.614512 0.204082 0.621315 0.192744 0.621315 0.174603 0.628118 0.151927 0.643991 0.131519 0.650794 0.111111 0.666667 0.074830 0.707483 0.061224 0.736961 0.061224 0.750567 0.056689 0.759637 0.056689 0.802721 0.061224 0.816327 0.068027 0.823129 0.086168 0.829932 0.117914 0.829932 0.140590 0.820862 0.156463 0.820862 0.183673 0.807256 0.210884 0.784580 0.235828 0.773243 0.251701 0.748299 0.267574 0.741497 0.274376 0.734694 0.281179 0.714286 0.297052 0.693878 0.299320 0.650794 0.308390 0.630385 0.321995 0.619048 0.324263 0.603175 0.337868 0.596372 0.356009 0.578231
0 0.548753 0.138322 0.510204 0.140590 0.487528 0.158730 0.469388 0.183673 0.467120 0.195011 0.460317 0.204082 0.460317 0.242630 0.448980 0.258503 0.448980 0.267574 0.439909 0.285714 0.444444 0.294785 0.430839 0.321995 0.430839 0.358277 0.437642 0.371882 0.455782 0.390023 0.453515 0.435374 0.455782 0.444444 0.469388 0.462585 0.469388 0.471655 0.478458 0.444444 0.478458 0.433107 0.482993 0.426304 0.482993 0.414966 0.496599 0.396825 0.507937 0.392290 0.519274 0.380952 0.519274 0.367347 0.512472 0.360544 0.512472 0.356009 0.548753 0.324263 0.553288 0.310658 0.560091 0.303855 0.564626 0.283447 0.569161 0.278912 0.569161 0.260771 0.575964 0.251701 0.575964 0.242630 0.585034 0.224490 0.582766 0.201814 0.578231 0.195011 0.571429 0.163265 0.566893 0.154195
0 0.478458 0.614512 0.482993 0.641723 0.492063 0.662132 0.501134 0.668934 0.501134 0.673469 0.489796 0.684807 0.492063 0.739229 0.501134 0.750567 0.501134 0.764172 0.510204 0.789116 0.530612 0.814059 0.535147 0.825397 0.594104 0.886621 0.632653 0.902494 0.659864 0.902494 0.668934 0.897959 0.684807 0.884354 0.689342 0.875283 0.689342 0.832200 0.682540 0.807256 0.657596 0.768707 0.653061 0.755102 0.609977 0.700680 0.589569 0.689342 0.575964 0.675737 0.564626 0.671202 0.548753 0.671202 0.532880 0.662132 0.517007 0.643991 0.503401 0.614512
0 0.113379 0.469388 0.113379 0.480726 0.122449 0.501134 0.147392 0.523810 0.181406 0.539683 0.195011 0.539683 0.219955 0.551020 0.258503 0.548753 0.281179 0.553288 0.287982 0.548753 0.315193 0.548753 0.321995 0.546485 0.331066 0.535147 0.344671 0.526077 0.371882 0.523810 0.380952 0.532880 0.396825 0.517007 0.410431 0.510204 0.390023 0.510204 0.349206 0.496599 0.340136 0.487528 0.335601 0.471655 0.321995 0.453515 0.315193 0.448980 0.303855 0.448980 0.297052 0.442177 0.247166 0.428571 0.215420 0.428571 0.210884 0.424036 0.188209 0.424036 0.147392 0.433107 0.131519 0.442177 0.117914 0.455782
0 0.430839 0.560091 0.419501 0.564626 0.401361 0.564626 0.380952 0.546485 0.380952 0.551020 0.374150 0.557823 0.365079 0.560091 0.365079 0.566893 0.358277 0.578231 0.337868 0.598639 0.326531 0.603175 0.317460 0.653061 0.337868 0.671202 0.378685 0.671202 0.385488 0.678005 0.396825 0.673469 0.412698 0.655329 0.421769 0.650794 0.426304 0.637188 0.442177 0.616780 0.446712 0.585034 0.428571 0.582766
0 0.478458 0.537415 0.501134 0.546485 0.505669 0.544218 0.514739 0.551020 0.532880 0.553288 0.537415 0.562358 0.544218 0.566893 0.560091 0.566893 0.575964 0.555556 0.594104 0.555556 0.598639 0.551020 0.614512 0.551020 0.628118 0.544218 0.646259 0.541950 0.648526 0.526077 0.673469 0.510204 0.675737 0.489796 0.664399 0.469388 0.650794 0.462585 0.641723 0.462585 0.623583 0.451247 0.564626 0.448980 0.541950 0.467120 0.526077 0.467120 0.517007 0.476190 0.512472 0.487528 0.494331 0.498866 0.492063 0.514739 0.485261 0.514739 0.485261 0.530612
0 0.392290 0.439909 0.394558 0.442177 0.390023 0.448980 0.394558 0.458050 0.383220 0.469388 0.387755 0.487528 0.401361 0.505669 0.426304 0.507937 0.437642 0.514739 0.444444 0.514739 0.451247 0.503401 0.469388 0.505669 0.467120 0.462585 0.453515 0.444444 0.451247 0.433107 0.442177 0.424036 0.412698 0.424036
0 0.462585 0.546485 0.464853 0.566893 0.460317 0.578231 0.448980 0.582766 0.458050 0.605442 0.473923 0.614512 0.510204 0.612245 0.517007 0.598639 0.517007 0.585034 0.512472 0.566893 0.501134 0.548753 0.478458 0.539683 0.473923 0.544218
0 0.380952 0.535147 0.380952 0.541950 0.401361 0.562358 0.419501 0.562358 0.426304 0.557823 0.430839 0.557823 0.433107 0.562358 0.435374 0.548753 0.424036 0.544218 0.419501 0.537415 0.419501 0.526077 0.435374 0.517007 0.426304 0.510204 0.412698 0.510204 0.396825 0.519274
0 0.435374 0.546485 0.437642 0.557823 0.430839 0.564626 0.430839 0.582766 0.446712 0.582766 0.458050 0.578231 0.462585 0.555556 0.460317 0.553288 0.455782 0.560091 0.444444 0.560091 0.439909 0.555556 0.439909 0.548753
0 0.451247 0.505669 0.448980 0.514739 0.464853 0.528345 0.460317 0.546485 0.473923 0.541950 0.482993 0.530612 0.482993 0.517007 0.478458 0.517007 0.473923 0.510204 0.464853 0.505669
0 0.424036 0.523810 0.424036 0.541950 0.433107 0.546485 0.437642 0.544218 0.444444 0.557823 0.455782 0.557823 0.460317 0.551020 0.458050 0.539683 0.462585 0.528345 0.453515 0.523810 0.446712 0.514739