0 0.471655 0.253968 0.469388 0.278912 0.455782 0.308390 0.458050 0.317460 0.462585 0.317460 0.464853 0.306122 0.487528 0.287982 0.498866 0.272109 0.487528 0.263039 0.476190 0.263039
0 0.467120 0.600907 0.467120 0.689342 0.448980 0.755102 0.446712 0.775510 0.471655 0.804989 0.489796 0.811791 0.505669 0.811791 0.541950 0.791383 0.548753 0.777778 0.557823 0.770975 0.562358 0.761905 0.560091 0.723356 0.541950 0.666667 0.519274 0.634921 0.521542 0.632653 0.501134 0.623583 0.473923 0.600907
0 0.233560 0.079365 0.208617 0.099773 0.199546 0.120181 0.208617 0.188209 0.219955 0.210884 0.229025 0.240363 0.242630 0.265306 0.278912 0.294785 0.290249 0.299320 0.333333 0.303855 0.333333 0.294785 0.321995 0.281179 0.310658 0.251701 0.310658 0.210884 0.306122 0.185941 0.324263 0.151927 0.342404 0.138322 0.353741 0.138322 0.344671 0.136054 0.340136 0.108844 0.331066 0.099773 0.315193 0.092971 0.303855 0.092971 0.287982 0.081633
0 0.718821 0.430839 0.743764 0.446712 0.764172 0.471655 0.764172 0.505669 0.750567 0.532880 0.723356 0.557823 0.702948 0.560091 0.709751 0.571429 0.705215 0.575964 0.712018 0.582766 0.764172 0.600907 0.780045 0.619048 0.804989 0.619048 0.820862 0.614512 0.823129 0.619048 0.823129 0.614512 0.829932 0.607710 0.863946 0.603175 0.893424 0.587302 0.895692 0.571429 0.907029 0.553288 0.911565 0.523810 0.895692 0.478458 0.879819 0.458050 0.870748 0.451247 0.866213 0.455782 0.845805 0.455782 0.832200 0.448980 0.791383 0.442177 0.780045 0.435374 0.773243 0.424036 0.748299 0.421769 0.723356 0.433107
0 0.895692 0.126984 0.882086 0.111111 0.848073 0.092971 0.839002 0.092971 0.825397 0.083900 0.802721 0.083900 0.791383 0.077098 0.759637 0.072562 0.750567 0.068027 0.725624 0.070295 0.718821 0.065760 0.664399 0.065760 0.634921 0.081633 0.619048 0.074830 0.573696 0.095238 0.557823 0.115646 0.544218 0.149660 0.548753 0.174603 0.546485 0.195011 0.528345 0.226757 0.503401 0.256236 0.498866 0.269841 0.537415 0.269841 0.537415 0.263039 0.557823 0.249433 0.571429 0.244898 0.587302 0.244898 0.612245 0.260771 0.630385 0.260771 0.662132 0.251701 0.702948 0.231293 0.714286 0.222222 0.734694 0.215420 0.818594 0.199546 0.848073 0.188209 0.893424 0.147392 0.897959 0.138322
0 0.349206 0.580499 0.326531 0.582766 0.321995 0.587302 0.303855 0.591837 0.301587 0.596372 0.278912 0.603175 0.263039 0.600907 0.247166 0.587302 0.235828 0.582766 0.206349 0.587302 0.199546 0.585034 0.158730 0.603175 0.122449 0.630385 0.088435 0.671202 0.081633 0.693878 0.068027 0.716553 0.070295 0.723356 0.065760 0.739229 0.070295 0.748299 0.065760 0.757370 0.063492 0.777778 0.079365 0.789116 0.104308 0.770975 0.111111 0.770975 0.122449 0.759637 0.136054 0.752834 0.142857 0.741497 0.142857 0.734694 0.163265 0.702948 0.190476 0.696145 0.210884 0.678005 0.244898 0.666667 0.283447 0.664399 0.294785 0.657596 0.303855 0.657596 0.303855 0.648526 0.317460 0.630385 0.319728 0.621315
0 0.523810 0.632653 0.521542 0.634921 0.544218 0.666667 0.562358 0.723356 0.564626 0.748299 0.569161 0.752834 0.569161 0.764172 0.555556 0.789116 0.560091 0.809524 0.571429 0.820862 0.573696 0.834467 0.596372 0.873016 0.605442 0.877551 0.619048 0.895692 0.662132 0.938776 0.691610 0.947846 0.705215 0.954649 0.716553 0.965986 0.755102 0.981859 0.773243 0.981859 0.798186 0.988662 0.834467 0.986395 0.852608 0.977324 0.870748 0.952381 0.873016 0.927438 0.866213 0.918367 0.863946 0.897959 0.848073 0.857143 0.841270 0.827664 0.823129 0.804989 0.825397 0.802721 0.820862 0.793651 0.798186 0.768707 0.746032 0.739229 0.730159 0.723356 0.721088 0.721088 0.714286 0.714286 0.678005 0.712018 0.668934 0.705215 0.648526 0.705215 0.639456 0.709751 0.614512 0.709751 0.603175 0.705215 0.591837 0.696145 0.582766 0.680272 0.569161 0.666667 0.555556 0.646259 0.548753 0.628118 0.539683 0.634921
0 0.000000 0.179138 0.000000 0.401361 0.045351 0.405896 0.063492 0.419501 0.083900 0.419501 0.088435 0.414966 0.174603 0.419501 0.188209 0.414966 0.204082 0.414966 0.231293 0.401361 0.263039 0.401361 0.267574 0.405896 0.283447 0.405896 0.306122 0.419501 0.328798 0.421769 0.362812 0.435374 0.376417 0.433107 0.380952 0.437642 0.369615 0.424036 0.362812 0.401361 0.358277 0.408163 0.276644 0.369615 0.244898 0.337868 0.226757 0.292517 0.208617 0.276644 0.190476 0.269841 0.126984 0.229025 0.106576 0.226757 0.102041 0.217687 0.092971 0.210884 0.070295 0.201814 0.054422 0.190476 0.036281 0.188209 0.029478 0.183673 0.018141 0.185941 0.006803 0.179138
0 0.997732 0.222222 0.986395 0.219955 0.961451 0.235828 0.922902 0.238095 0.886621 0.260771 0.873016 0.260771 0.848073 0.276644 0.832200 0.301587 0.825397 0.294785 0.811791 0.292517 0.802721 0.303855 0.802721 0.312925 0.791383 0.335601 0.791383 0.342404 0.748299 0.385488 0.727891 0.396825 0.700680 0.396825 0.668934 0.410431 0.623583 0.410431 0.614512 0.405896 0.600907 0.405896 0.600907 0.410431 0.582766 0.410431 0.573696 0.414966 0.600907 0.414966 0.612245 0.419501 0.619048 0.428571 0.623583 0.428571 0.628118 0.421769 0.673469 0.417234 0.700680 0.410431 0.761905 0.412698 0.768707 0.414966 0.777778 0.430839 0.791383 0.439909 0.832200 0.446712 0.845805 0.453515 0.866213 0.453515 0.875283 0.444444 0.900227 0.444444 0.907029 0.439909 0.931973 0.437642 0.965986 0.426304 0.972789 0.428571 0.981859 0.421769 0.990930 0.421769 0.997732 0.417234
0 0.428571 0.535147 0.401361 0.535147 0.399093 0.546485 0.371882 0.596372 0.351474 0.621315 0.310658 0.657596 0.294785 0.659864 0.283447 0.666667 0.244898 0.668934 0.226757 0.673469 0.204082 0.684807 0.190476 0.698413 0.163265 0.705215 0.158730 0.709751 0.156463 0.721088 0.145125 0.734694 0.145125 0.741497 0.138322 0.752834 0.111111 0.773243 0.104308 0.773243 0.083900 0.786848 0.079365 0.795918 0.038549 0.834467 0.018141 0.866213 0.004535 0.895692 0.004535 0.931973 0.024943 0.961451 0.040816 0.968254 0.068027 0.972789 0.108844 0.963719 0.147392 0.936508 0.167800 0.916100 0.185941 0.911565 0.217687 0.882086 0.240363 0.870748 0.272109 0.848073 0.276644 0.850340 0.281179 0.841270 0.281179 0.818594 0.285714 0.798186 0.301587 0.755102 0.306122 0.750567 0.306122 0.741497 0.312925 0.734694 0.315193 0.723356 0.326531 0.707483 0.340136 0.678005 0.358277 0.662132 0.360544 0.653061 0.376417 0.639456 0.374150 0.616780 0.399093 0.600907 0.405896 0.591837
0 0.312925 0.000000 0.312925 0.018141 0.321995 0.036281 0.321995 0.061224 0.328798 0.079365 0.346939 0.099773 0.346939 0.106576 0.342404 0.106576 0.342404 0.122449 0.346939 0.136054 0.353741 0.136054 0.356009 0.138322 0.351474 0.140590 0.356009 0.140590 0.378685 0.156463 0.385488 0.156463 0.401361 0.170068 0.410431 0.170068 0.444444 0.181406 0.455782 0.195011 0.464853 0.219955 0.464853 0.199546 0.473923 0.181406 0.503401 0.140590 0.503401 0.120181 0.494331 0.111111 0.517007 0.086168 0.521542 0.068027 0.519274 0.052154 0.507937 0.031746 0.514739 0.020408 0.514739 0.000000
0 0.548753 0.523810 0.553288 0.532880 0.553288 0.546485 0.546485 0.553288 0.541950 0.553288 0.555556 0.555556 0.573696 0.569161 0.616780 0.609977 0.648526 0.673469 0.668934 0.680272 0.675737 0.687075 0.673469 0.698413 0.678005 0.705215 0.675737 0.707483 0.668934 0.702948 0.673469 0.707483 0.714286 0.712018 0.721088 0.718821 0.730159 0.721088 0.746032 0.736961 0.798186 0.766440 0.823129 0.793651 0.827664 0.802721 0.825397 0.804989 0.834467 0.800454 0.879819 0.820862 0.938776 0.820862 0.945578 0.816327 0.954649 0.816327 0.968254 0.800454 0.975057 0.780045 0.972789 0.750567 0.959184 0.734694 0.938776 0.700680 0.920635 0.689342 0.882086 0.648526 0.850340 0.634921 0.825397 0.614512 0.823129 0.621315 0.820862 0.616780 0.804989 0.621315 0.780045 0.621315 0.770975 0.614512 0.764172 0.603175 0.712018 0.585034 0.702948 0.575964 0.673469 0.578231 0.664399 0.573696 0.623583 0.569161 0.598639 0.551020 0.598639 0.544218 0.591837 0.548753 0.580499 0.539683 0.585034 0.537415 0.566893 0.535147
0 0.000000 0.553288 0.040816 0.557823 0.054422 0.555556 0.088435 0.562358 0.106576 0.562358 0.138322 0.548753 0.156463 0.548753 0.179138 0.537415 0.192744 0.537415 0.201814 0.528345 0.204082 0.532880 0.215420 0.512472 0.242630 0.487528 0.278912 0.471655 0.287982 0.460317 0.306122 0.451247 0.308390 0.446712 0.324263 0.442177 0.272109 0.439909 0.219955 0.412698 0.174603 0.421769 0.140590 0.421769 0.129252 0.417234 0.088435 0.417234 0.083900 0.421769 0.063492 0.421769 0.045351 0.408163 0.000000 0.403628
0 0.829932 0.229025 0.814059 0.215420 0.770975 0.215420 0.734694 0.233560 0.721088 0.233560 0.687075 0.256236 0.659864 0.258503 0.630385 0.269841 0.619048 0.276644 0.585034 0.324263 0.585034 0.331066 0.571429 0.351474 0.569161 0.346939 0.560091 0.378685 0.546485 0.392290 0.528345 0.394558 0.537415 0.401361 0.548753 0.401361 0.557823 0.408163 0.582766 0.401361 0.596372 0.405896 0.614512 0.403628 0.623583 0.408163 0.668934 0.408163 0.700680 0.394558 0.727891 0.394558 0.748299 0.383220 0.789116 0.342404 0.789116 0.335601 0.800454 0.312925 0.800454 0.303855 0.814059 0.287982 0.814059 0.281179 0.820862 0.269841
0 0.442177 0.539683 0.430839 0.539683 0.433107 0.553288 0.419501 0.578231 0.412698 0.580499 0.403628 0.598639 0.376417 0.616780 0.378685 0.639456 0.362812 0.653061 0.360544 0.662132 0.342404 0.678005 0.328798 0.707483 0.317460 0.723356 0.315193 0.734694 0.308390 0.741497 0.308390 0.750567 0.294785 0.777778 0.283447 0.818594 0.283447 0.841270 0.278912 0.848073 0.278912 0.859410 0.283447 0.866213 0.283447 0.877551 0.292517 0.893424 0.310658 0.907029 0.342404 0.900227 0.383220 0.873016 0.408163 0.843537 0.410431 0.834467 0.430839 0.807256 0.439909 0.780045 0.444444 0.775510 0.446712 0.755102 0.464853 0.689342 0.464853 0.600907 0.469388 0.596372 0.448980 0.573696 0.451247 0.548753 0.442177 0.544218
0 0.342404 0.140590 0.326531 0.151927 0.308390 0.185941 0.312925 0.210884 0.312925 0.251701 0.324263 0.281179 0.335601 0.294785 0.335601 0.308390 0.371882 0.356009 0.408163 0.353741 0.428571 0.358277 0.444444 0.369615 0.444444 0.358277 0.462585 0.340136 0.462585 0.321995 0.453515 0.315193 0.453515 0.308390 0.467120 0.278912 0.467120 0.238095 0.471655 0.233560 0.469388 0.226757 0.462585 0.219955 0.453515 0.195011 0.444444 0.183673 0.410431 0.172336 0.401361 0.172336 0.385488 0.158730 0.365079 0.151927 0.356009 0.142857
0 0.365079 0.360544 0.360544 0.374150 0.360544 0.399093 0.365079 0.401361 0.367347 0.414966 0.378685 0.433107 0.374150 0.435374 0.380952 0.444444 0.390023 0.444444 0.401361 0.453515 0.421769 0.455782 0.437642 0.439909 0.437642 0.403628 0.455782 0.385488 0.428571 0.360544 0.408163 0.356009 0.378685 0.356009
0 0.517007 0.471655 0.517007 0.498866 0.521542 0.501134 0.519274 0.503401 0.530612 0.505669 0.544218 0.519274 0.573696 0.535147 0.589569 0.535147 0.594104 0.544218 0.598639 0.541950 0.605442 0.548753 0.646259 0.555556 0.666667 0.564626 0.689342 0.564626 0.702948 0.557823 0.723356 0.555556 0.748299 0.532880 0.761905 0.505669 0.761905 0.471655 0.743764 0.448980 0.712018 0.428571 0.641723 0.428571 0.632653 0.433107 0.628118 0.442177 0.623583 0.430839 0.619048 0.430839 0.607710 0.419501 0.569161 0.414966 0.566893 0.433107 0.555556 0.446712 0.528345 0.469388
0 0.482993 0.401361 0.485261 0.437642 0.492063 0.448980 0.514739 0.464853 0.514739 0.471655 0.528345 0.467120 0.546485 0.453515 0.564626 0.433107 0.564626 0.419501 0.560091 0.410431 0.548753 0.403628 0.537415 0.403628 0.528345 0.396825 0.505669 0.399093 0.492063 0.405896
0 0.421769 0.458050 0.401361 0.455782 0.390023 0.446712 0.356009 0.439909 0.317460 0.437642 0.326531 0.442177 0.308390 0.448980 0.306122 0.453515 0.287982 0.462585 0.278912 0.473923 0.242630 0.489796 0.217687 0.512472 0.217687 0.517007 0.204082 0.535147 0.206349 0.555556 0.231293 0.580499 0.242630 0.582766 0.263039 0.594104 0.287982 0.594104 0.310658 0.589569 0.326531 0.580499 0.351474 0.580499 0.367347 0.562358 0.383220 0.551020 0.399093 0.530612 0.401361 0.532880 0.408163 0.517007 0.408163 0.505669 0.414966 0.496599 0.414966 0.482993 0.421769 0.473923
0 0.424036 0.467120 0.403628 0.532880 0.428571 0.532880 0.430839 0.537415 0.446712 0.537415 0.458050 0.528345 0.471655 0.496599 0.458050 0.492063 0.444444 0.476190 0.428571 0.473923
0 0.546485 0.269841 0.501134 0.272109 0.498866 0.278912 0.467120 0.306122 0.462585 0.319728 0.464853 0.340136 0.446712 0.358277 0.444444 0.371882 0.453515 0.383220 0.467120 0.387755 0.478458 0.399093 0.492063 0.403628 0.505669 0.396825 0.523810 0.396825 0.528345 0.390023 0.546485 0.390023 0.557823 0.378685 0.569161 0.344671 0.566893 0.340136 0.571429 0.331066 0.573696 0.310658 0.564626 0.285714
0 0.482993 0.403628 0.467120 0.390023 0.455782 0.387755 0.453515 0.392290 0.448980 0.392290 0.439909 0.403628 0.439909 0.433107 0.455782 0.419501 0.482993 0.424036
0 0.476190 0.494331 0.460317 0.528345 0.442177 0.541950 0.446712 0.541950 0.453515 0.548753 0.451247 0.573696 0.471655 0.598639 0.494331 0.616780 0.526077 0.632653 0.539683 0.632653 0.555556 0.614512 0.555556 0.605442 0.560091 0.598639 0.560091 0.571429 0.551020 0.557823 0.539683 0.553288 0.551020 0.546485 0.551020 0.532880 0.546485 0.521542 0.530612 0.507937 0.519274 0.505669 0.519274 0.501134 0.501134 0.494331
0 0.424036 0.455782 0.424036 0.464853 0.428571 0.471655 0.444444 0.473923 0.462585 0.492063 0.501134 0.492063 0.514739 0.496599 0.517007 0.478458 0.512472 0.464853 0.487528 0.446712 0.482993 0.437642 0.482993 0.426304 0.455782 0.421769 0.439909 0.435374 0.437642 0.444444 0.430839 0.446712