0 0.589569 0.546485 0.589569 0.551020 0.594104 0.551020 0.598639 0.560091 0.614512 0.573696 0.634921 0.573696 0.653061 0.566893 0.664399 0.557823 0.666667 0.548753 0.657596 0.535147 0.653061 0.535147 0.634921 0.521542 0.603175 0.519274 0.598639 0.539683
0 0.507937 0.247166 0.498866 0.251701 0.498866 0.256236 0.487528 0.265306 0.480726 0.283447 0.471655 0.294785 0.469388 0.337868 0.476190 0.351474 0.503401 0.371882 0.505669 0.376417 0.498866 0.383220 0.496599 0.392290 0.514739 0.392290 0.519274 0.387755 0.530612 0.387755 0.535147 0.392290 0.521542 0.376417 0.521542 0.371882 0.526077 0.365079 0.546485 0.360544 0.562358 0.349206 0.571429 0.328798 0.569161 0.285714 0.564626 0.274376 0.546485 0.251701 0.537415 0.247166
0 0.458050 0.573696 0.448980 0.585034 0.435374 0.591837 0.417234 0.607710 0.399093 0.646259 0.403628 0.691610 0.410431 0.705215 0.421769 0.716553 0.426304 0.623583 0.428571 0.616780 0.453515 0.591837
0 0.816327 0.412698 0.809524 0.401361 0.809524 0.394558 0.795918 0.383220 0.775510 0.378685 0.746032 0.378685 0.739229 0.383220 0.714286 0.387755 0.684807 0.401361 0.671202 0.419501 0.662132 0.446712 0.653061 0.455782 0.632653 0.467120 0.562358 0.478458 0.580499 0.478458 0.598639 0.487528 0.600907 0.480726 0.668934 0.478458 0.691610 0.487528 0.802721 0.487528 0.800454 0.482993 0.816327 0.462585
0 0.219955 0.346939 0.219955 0.369615 0.231293 0.378685 0.258503 0.390023 0.306122 0.385488 0.308390 0.390023 0.317460 0.392290 0.324263 0.401361 0.346939 0.405896 0.383220 0.405896 0.401361 0.392290 0.414966 0.392290 0.408163 0.371882 0.401361 0.365079 0.401361 0.358277 0.387755 0.344671 0.367347 0.342404 0.351474 0.335601 0.331066 0.337868 0.315193 0.328798 0.276644 0.326531 0.267574 0.331066 0.253968 0.328798 0.238095 0.333333
0 0.548753 0.557823 0.600907 0.619048 0.607710 0.632653 0.603175 0.664399 0.605442 0.696145 0.619048 0.714286 0.621315 0.723356 0.650794 0.755102 0.666667 0.761905 0.682540 0.782313 0.696145 0.782313 0.712018 0.791383 0.723356 0.791383 0.730159 0.795918 0.777778 0.798186 0.791383 0.789116 0.800454 0.768707 0.809524 0.759637 0.809524 0.716553 0.800454 0.700680 0.795918 0.682540 0.750567 0.623583 0.723356 0.607710 0.721088 0.603175 0.691610 0.591837 0.671202 0.591837 0.657596 0.598639 0.628118 0.598639 0.612245 0.594104 0.587302 0.575964 0.580499 0.566893 0.573696 0.564626 0.571429 0.557823
0 0.746032 0.129252 0.736961 0.124717 0.721088 0.124717 0.709751 0.115646 0.687075 0.106576 0.671202 0.113379 0.632653 0.140590 0.619048 0.158730 0.616780 0.167800 0.598639 0.185941 0.591837 0.208617 0.582766 0.224490 0.582766 0.263039 0.594104 0.285714 0.594104 0.308390 0.580499 0.344671 0.557823 0.380952 0.555556 0.390023 0.544218 0.396825 0.555556 0.392290 0.560091 0.385488 0.575964 0.376417 0.587302 0.365079 0.596372 0.346939 0.607710 0.337868 0.646259 0.333333 0.648526 0.328798 0.657596 0.328798 0.687075 0.317460 0.727891 0.272109 0.757370 0.192744 0.752834 0.140590
0 0.285714 0.390023 0.285714 0.401361 0.281179 0.405896 0.276644 0.426304 0.278912 0.478458 0.294785 0.507937 0.333333 0.551020 0.349206 0.560091 0.417234 0.557823 0.437642 0.551020 0.476190 0.528345 0.469388 0.510204 0.455782 0.526077 0.437642 0.537415 0.408163 0.537415 0.414966 0.523810 0.414966 0.507937 0.405896 0.492063 0.387755 0.478458 0.387755 0.435374 0.392290 0.428571 0.396825 0.399093 0.383220 0.408163 0.328798 0.405896 0.306122 0.387755
0 0.605442 0.494331 0.600907 0.519274 0.634921 0.519274 0.650794 0.528345 0.666667 0.541950 0.666667 0.557823 0.668934 0.555556 0.678005 0.569161 0.712018 0.587302 0.759637 0.603175 0.809524 0.605442 0.823129 0.609977 0.877551 0.605442 0.886621 0.596372 0.888889 0.539683 0.866213 0.514739 0.848073 0.505669 0.834467 0.503401 0.825397 0.496599 0.809524 0.494331 0.802721 0.489796 0.689342 0.487528 0.673469 0.496599
0 0.517007 0.528345 0.510204 0.532880 0.494331 0.532880 0.487528 0.539683 0.494331 0.541950 0.460317 0.573696 0.455782 0.591837 0.430839 0.616780 0.428571 0.623583 0.424036 0.723356 0.433107 0.739229 0.448980 0.750567 0.467120 0.750567 0.512472 0.727891 0.526077 0.712018 0.535147 0.678005 0.544218 0.666667 0.544218 0.650794 0.539683 0.641723 0.544218 0.625850 0.539683 0.619048 0.532880 0.580499 0.517007 0.560091
0 0.333333 0.172336 0.321995 0.188209 0.319728 0.231293 0.335601 0.263039 0.342404 0.285714 0.367347 0.312925 0.376417 0.333333 0.374150 0.340136 0.394558 0.346939 0.401361 0.353741 0.405896 0.367347 0.412698 0.360544 0.424036 0.362812 0.433107 0.369615 0.442177 0.369615 0.453515 0.380952 0.460317 0.396825 0.467120 0.401361 0.462585 0.408163 0.469388 0.405896 0.478458 0.414966 0.482993 0.414966 0.485261 0.408163 0.480726 0.403628 0.480726 0.394558 0.464853 0.358277 0.464853 0.294785 0.448980 0.267574 0.446712 0.256236 0.419501 0.222222 0.412698 0.204082 0.383220 0.176871 0.365079 0.167800 0.342404 0.167800
0 0.662132 0.344671 0.650794 0.335601 0.628118 0.335601 0.607710 0.340136 0.598639 0.346939 0.589569 0.365079 0.564626 0.387755 0.551020 0.394558 0.539683 0.410431 0.537415 0.408163 0.544218 0.435374 0.532880 0.448980 0.532880 0.460317 0.548753 0.460317 0.560091 0.467120 0.560091 0.473923 0.587302 0.469388 0.589569 0.464853 0.607710 0.462585 0.623583 0.451247 0.643991 0.430839 0.666667 0.399093 0.666667 0.376417 0.671202 0.365079
0 0.401361 0.394558 0.394558 0.428571 0.390023 0.435374 0.392290 0.473923 0.408163 0.478458 0.419501 0.487528 0.448980 0.501134 0.469388 0.501134 0.471655 0.496599 0.473923 0.501134 0.476190 0.494331 0.487528 0.492063 0.489796 0.487528 0.503401 0.480726 0.503401 0.460317 0.501134 0.462585 0.501134 0.455782 0.487528 0.444444 0.485261 0.417234 0.478458 0.417234 0.469388 0.408163 0.421769 0.392290
0 0.519274 0.498866 0.530612 0.507937 0.530612 0.512472 0.517007 0.526077 0.521542 0.530612 0.521542 0.537415 0.537415 0.551020 0.551020 0.557823 0.585034 0.555556 0.587302 0.546485 0.596372 0.539683 0.600907 0.526077 0.598639 0.514739 0.603175 0.505669 0.603175 0.494331 0.596372 0.487528 0.585034 0.485261 0.580499 0.480726 0.557823 0.478458 0.537415 0.496599
0 0.530612 0.390023 0.519274 0.390023 0.514739 0.394558 0.496599 0.394558 0.485261 0.410431 0.489796 0.444444 0.503401 0.455782 0.501134 0.460317 0.507937 0.448980 0.517007 0.444444 0.532880 0.446712 0.541950 0.435374
0 0.471655 0.498866 0.471655 0.512472 0.476190 0.521542 0.494331 0.530612 0.510204 0.530612 0.528345 0.512472 0.528345 0.507937 0.514739 0.501134 0.505669 0.514739 0.494331 0.514739 0.480726 0.494331 0.473923 0.503401
0 0.557823 0.467120 0.537415 0.460317 0.541950 0.464853 0.541950 0.473923 0.535147 0.482993 0.521542 0.489796 0.519274 0.496599 0.537415 0.494331 0.560091 0.476190
0 0.464853 0.535147 0.476190 0.544218 0.485261 0.544218 0.492063 0.530612 0.480726 0.528345 0.478458 0.523810 0.473923 0.532880
0 0.528345 0.446712 0.517007 0.446712 0.505669 0.453515 0.505669 0.480726 0.487528 0.494331 0.482993 0.494331 0.494331 0.512472 0.505669 0.512472 0.517007 0.498866 0.519274 0.489796 0.535147 0.480726 0.539683 0.473923 0.539683 0.464853 0.530612 0.460317