0 0.369615 0.507937 0.362812 0.521542 0.362812 0.535147 0.374150 0.553288 0.390023 0.546485 0.419501 0.546485 0.426304 0.551020 0.433107 0.535147 0.433107 0.523810 0.439909 0.514739 0.444444 0.514739 0.444444 0.503401 0.430839 0.505669 0.408163 0.489796 0.394558 0.489796
0 0.333333 0.278912 0.315193 0.306122 0.315193 0.333333 0.331066 0.371882 0.358277 0.399093 0.367347 0.403628 0.385488 0.405896 0.392290 0.394558 0.410431 0.390023 0.435374 0.390023 0.433107 0.380952 0.439909 0.376417 0.433107 0.369615 0.430839 0.360544 0.439909 0.353741 0.439909 0.349206 0.426304 0.342404 0.399093 0.319728 0.392290 0.303855 0.387755 0.276644 0.378685 0.278912 0.374150 0.274376 0.356009 0.272109
0 0.600907 0.621315 0.591837 0.623583 0.587302 0.639456 0.564626 0.668934 0.544218 0.671202 0.537415 0.664399 0.523810 0.664399 0.519274 0.675737 0.526077 0.718821 0.541950 0.750567 0.582766 0.782313 0.609977 0.780045 0.628118 0.773243 0.637188 0.761905 0.643991 0.743764 0.643991 0.718821 0.623583 0.682540 0.619048 0.639456
0 0.687075 0.206349 0.668934 0.206349 0.650794 0.197279 0.639456 0.204082 0.614512 0.210884 0.598639 0.226757 0.575964 0.265306 0.571429 0.294785 0.582766 0.310658 0.594104 0.337868 0.589569 0.378685 0.582766 0.392290 0.578231 0.385488 0.578231 0.396825 0.582766 0.399093 0.582766 0.417234 0.587302 0.424036 0.591837 0.405896 0.621315 0.360544 0.630385 0.353741 0.664399 0.351474 0.668934 0.346939 0.668934 0.340136 0.657596 0.333333 0.650794 0.317460 0.648526 0.269841 0.659864 0.256236 0.671202 0.253968 0.680272 0.247166 0.687075 0.231293
0 0.292517 0.641723 0.269841 0.648526 0.217687 0.696145 0.208617 0.716553 0.213152 0.730159 0.213152 0.739229 0.208617 0.746032 0.210884 0.782313 0.222222 0.804989 0.229025 0.811791 0.244898 0.818594 0.283447 0.818594 0.303855 0.807256 0.306122 0.802721 0.315193 0.800454 0.333333 0.784580 0.349206 0.777778 0.356009 0.750567 0.374150 0.739229 0.380952 0.723356 0.367347 0.725624 0.360544 0.732426 0.351474 0.732426 0.346939 0.736961 0.331066 0.736961 0.319728 0.741497 0.312925 0.739229 0.303855 0.727891 0.303855 0.705215 0.292517 0.691610
0 0.607710 0.514739 0.607710 0.551020 0.609977 0.541950 0.619048 0.537415 0.634921 0.544218 0.675737 0.551020 0.702948 0.562358 0.730159 0.585034 0.750567 0.619048 0.759637 0.628118 0.800454 0.648526 0.836735 0.655329 0.843537 0.659864 0.870748 0.659864 0.888889 0.648526 0.891156 0.634921 0.904762 0.621315 0.904762 0.589569 0.897959 0.569161 0.875283 0.544218 0.875283 0.532880 0.870748 0.523810 0.857143 0.512472 0.802721 0.492063 0.793651 0.496599 0.766440 0.492063 0.741497 0.512472 0.718821 0.523810 0.693878 0.526077 0.616780 0.523810
0 0.276644 0.072562 0.269841 0.086168 0.269841 0.095238 0.290249 0.145125 0.290249 0.154195 0.303855 0.181406 0.312925 0.190476 0.319728 0.210884 0.351474 0.242630 0.360544 0.260771 0.383220 0.272109 0.383220 0.224490 0.401361 0.208617 0.410431 0.192744 0.410431 0.185941 0.424036 0.170068 0.442177 0.160998 0.453515 0.160998 0.446712 0.160998 0.437642 0.151927 0.435374 0.142857 0.421769 0.124717 0.378685 0.086168 0.365079 0.079365 0.353741 0.079365 0.335601 0.068027 0.310658 0.065760
0 0.482993 0.578231 0.482993 0.591837 0.451247 0.680272 0.428571 0.705215 0.387755 0.718821 0.380952 0.725624 0.376417 0.739229 0.358277 0.750567 0.353741 0.759637 0.353741 0.775510 0.333333 0.814059 0.333333 0.839002 0.321995 0.863946 0.321995 0.882086 0.312925 0.920635 0.315193 0.943311 0.321995 0.956916 0.342404 0.975057 0.365079 0.975057 0.405896 0.956916 0.453515 0.904762 0.480726 0.863946 0.487528 0.827664 0.498866 0.809524 0.501134 0.759637 0.485261 0.732426 0.480726 0.716553 0.480726 0.675737 0.487528 0.657596 0.489796 0.634921 0.496599 0.625850 0.482993 0.600907
0 0.083900 0.480726 0.097506 0.505669 0.115646 0.519274 0.140590 0.521542 0.201814 0.519274 0.215420 0.523810 0.235828 0.523810 0.256236 0.517007 0.287982 0.517007 0.303855 0.510204 0.346939 0.469388 0.374150 0.467120 0.399093 0.476190 0.387755 0.442177 0.376417 0.442177 0.346939 0.426304 0.292517 0.383220 0.247166 0.367347 0.188209 0.365079 0.179138 0.360544 0.147392 0.374150 0.133787 0.374150 0.111111 0.387755 0.092971 0.410431 0.095238 0.430839 0.086168 0.439909
0 0.770975 0.113379 0.741497 0.115646 0.727891 0.126984 0.696145 0.181406 0.696145 0.199546 0.689342 0.206349 0.689342 0.231293 0.682540 0.247166 0.675737 0.253968 0.659864 0.258503 0.650794 0.269841 0.653061 0.317460 0.659864 0.333333 0.671202 0.340136 0.671202 0.353741 0.680272 0.353741 0.696145 0.346939 0.727891 0.346939 0.736961 0.358277 0.743764 0.337868 0.761905 0.312925 0.768707 0.292517 0.768707 0.281179 0.780045 0.263039 0.780045 0.253968 0.789116 0.229025 0.789116 0.215420 0.800454 0.185941 0.791383 0.140590
0 0.575964 0.564626 0.585034 0.573696 0.582766 0.578231 0.589569 0.580499 0.623583 0.630385 0.625850 0.646259 0.623583 0.648526 0.621315 0.643991 0.625850 0.682540 0.641723 0.707483 0.646259 0.730159 0.650794 0.730159 0.673469 0.764172 0.702948 0.791383 0.743764 0.816327 0.784580 0.818594 0.800454 0.811791 0.804989 0.807256 0.809524 0.782313 0.804989 0.768707 0.807256 0.746032 0.777778 0.687075 0.752834 0.662132 0.748299 0.650794 0.705215 0.614512 0.687075 0.607710 0.659864 0.605442 0.628118 0.587302 0.603175 0.564626 0.600907 0.557823
0 0.442177 0.163265 0.417234 0.179138 0.403628 0.208617 0.385488 0.224490 0.383220 0.267574 0.390023 0.276644 0.394558 0.303855 0.401361 0.319728 0.442177 0.349206 0.442177 0.353741 0.433107 0.360544 0.435374 0.369615 0.442177 0.376417 0.439909 0.378685 0.453515 0.387755 0.473923 0.394558 0.473923 0.401361 0.478458 0.403628 0.494331 0.433107 0.496599 0.426304 0.492063 0.417234 0.492063 0.405896 0.507937 0.385488 0.503401 0.383220 0.507937 0.317460 0.503401 0.310658 0.501134 0.274376 0.489796 0.258503 0.494331 0.247166 0.492063 0.224490 0.485261 0.210884 0.485261 0.199546 0.478458 0.181406 0.460317 0.167800
0 0.469388 0.562358 0.455782 0.562358 0.451247 0.557823 0.448980 0.546485 0.433107 0.553288 0.419501 0.548753 0.390023 0.548753 0.374150 0.557823 0.374150 0.569161 0.337868 0.578231 0.315193 0.598639 0.299320 0.623583 0.292517 0.653061 0.294785 0.691610 0.306122 0.705215 0.306122 0.727891 0.312925 0.736961 0.319728 0.739229 0.331066 0.734694 0.346939 0.734694 0.351474 0.730159 0.360544 0.730159 0.367347 0.723356 0.392290 0.716553 0.390023 0.714286 0.396825 0.709751 0.399093 0.700680 0.410431 0.696145 0.417234 0.682540 0.426304 0.675737 0.430839 0.659864 0.442177 0.650794 0.451247 0.637188 0.448980 0.625850 0.462585 0.614512 0.460317 0.603175 0.469388 0.591837 0.467120 0.578231 0.462585 0.573696 0.464853 0.564626
0 0.727891 0.349206 0.696145 0.349206 0.680272 0.356009 0.666667 0.356009 0.668934 0.358277 0.643991 0.383220 0.637188 0.385488 0.623583 0.405896 0.616780 0.405896 0.607710 0.417234 0.603175 0.417234 0.587302 0.442177 0.571429 0.451247 0.564626 0.460317 0.557823 0.455782 0.569161 0.469388 0.569161 0.482993 0.564626 0.487528 0.575964 0.487528 0.585034 0.492063 0.589569 0.487528 0.616780 0.487528 0.637188 0.492063 0.655329 0.482993 0.666667 0.471655 0.696145 0.458050 0.705215 0.448980 0.705215 0.442177 0.714286 0.428571 0.734694 0.410431 0.739229 0.365079
0 0.392290 0.396825 0.385488 0.408163 0.385488 0.433107 0.401361 0.471655 0.399093 0.480726 0.403628 0.485261 0.410431 0.485261 0.428571 0.498866 0.439909 0.501134 0.455782 0.492063 0.476190 0.485261 0.494331 0.485261 0.501134 0.480726 0.501134 0.473923 0.505669 0.471655 0.501134 0.439909 0.496599 0.433107 0.494331 0.435374 0.487528 0.428571 0.476190 0.403628 0.455782 0.392290 0.442177 0.390023
0 0.519274 0.523810 0.517007 0.544218 0.512472 0.553288 0.501134 0.562358 0.487528 0.560091 0.489796 0.569161 0.485261 0.573696 0.485261 0.600907 0.489796 0.605442 0.494331 0.621315 0.501134 0.628118 0.501134 0.634921 0.521542 0.662132 0.537415 0.662132 0.544218 0.668934 0.560091 0.668934 0.569161 0.662132 0.569161 0.657596 0.587302 0.634921 0.591837 0.621315 0.589569 0.594104 0.582766 0.585034 0.582766 0.573696 0.573696 0.564626 0.560091 0.564626 0.544218 0.548753 0.528345 0.548753 0.519274 0.539683
0 0.562358 0.356009 0.541950 0.351474 0.528345 0.358277 0.510204 0.376417 0.510204 0.385488 0.494331 0.405896 0.494331 0.417234 0.507937 0.458050 0.507937 0.471655 0.503401 0.476190 0.517007 0.471655 0.521542 0.473923 0.532880 0.462585 0.557823 0.460317 0.555556 0.455782 0.585034 0.426304 0.580499 0.417234 0.580499 0.399093 0.575964 0.396825 0.575964 0.380952
0 0.560091 0.487528 0.548753 0.498866 0.548753 0.505669 0.553288 0.510204 0.553288 0.526077 0.541950 0.546485 0.560091 0.562358 0.582766 0.562358 0.600907 0.555556 0.603175 0.557823 0.603175 0.544218 0.607710 0.544218 0.607710 0.519274 0.603175 0.505669 0.589569 0.494331
0 0.498866 0.482993 0.494331 0.487528 0.476190 0.487528 0.455782 0.494331 0.446712 0.503401 0.442177 0.530612 0.455782 0.560091 0.473923 0.557823 0.480726 0.564626 0.485261 0.564626 0.487528 0.557823 0.501134 0.560091 0.510204 0.553288 0.514739 0.544218 0.517007 0.523810 0.492063 0.519274 0.485261 0.501134 0.498866 0.489796
0 0.566893 0.482993 0.566893 0.469388 0.560091 0.460317 0.532880 0.464853 0.521542 0.476190 0.517007 0.473923 0.519274 0.478458 0.539683 0.478458 0.546485 0.498866 0.560091 0.485261
0 0.548753 0.507937 0.541950 0.510204 0.541950 0.526077 0.537415 0.530612 0.530612 0.530612 0.519274 0.521542 0.521542 0.539683 0.528345 0.546485 0.539683 0.546485 0.544218 0.541950 0.551020 0.526077
0 0.505669 0.476190 0.501134 0.489796 0.487528 0.501134 0.492063 0.517007 0.517007 0.521542 0.521542 0.519274 0.530612 0.528345 0.537415 0.528345 0.539683 0.510204 0.546485 0.505669 0.539683 0.480726 0.519274 0.480726 0.517007 0.476190