0 0.446712 0.503401 0.437642 0.496599 0.408163 0.501134 0.392290 0.507937 0.362812 0.510204 0.331066 0.480726 0.301587 0.480726 0.292517 0.476190 0.281179 0.480726 0.265306 0.480726 0.242630 0.492063 0.217687 0.496599 0.179138 0.521542 0.160998 0.539683 0.149660 0.562358 0.149660 0.589569 0.160998 0.607710 0.174603 0.619048 0.188209 0.625850 0.217687 0.630385 0.224490 0.634921 0.242630 0.634921 0.281179 0.623583 0.312925 0.621315 0.326531 0.614512 0.351474 0.585034 0.360544 0.553288 0.378685 0.532880 0.419501 0.514739 0.426304 0.514739
0 0.496599 0.167800 0.462585 0.174603 0.442177 0.195011 0.437642 0.204082 0.437642 0.217687 0.424036 0.242630 0.424036 0.272109 0.433107 0.290249 0.433107 0.310658 0.453515 0.337868 0.476190 0.346939 0.482993 0.353741 0.487528 0.353741 0.532880 0.315193 0.546485 0.312925 0.555556 0.292517 0.551020 0.242630 0.544218 0.210884 0.535147 0.195011 0.519274 0.179138
0 0.852608 0.582766 0.852608 0.560091 0.848073 0.544218 0.832200 0.526077 0.782313 0.494331 0.761905 0.492063 0.723356 0.507937 0.680272 0.510204 0.671202 0.521542 0.662132 0.526077 0.623583 0.526077 0.607710 0.519274 0.616780 0.537415 0.628118 0.535147 0.650794 0.548753 0.657596 0.564626 0.657596 0.573696 0.668934 0.596372 0.682540 0.609977 0.707483 0.619048 0.750567 0.628118 0.791383 0.625850 0.809524 0.621315 0.834467 0.607710
0 0.365079 0.437642 0.365079 0.444444 0.383220 0.469388 0.396825 0.480726 0.412698 0.480726 0.426304 0.476190 0.428571 0.462585 0.442177 0.453515 0.437642 0.439909 0.421769 0.435374 0.399093 0.421769 0.387755 0.421769 0.380952 0.430839
0 0.789116 0.222222 0.755102 0.197279 0.732426 0.197279 0.682540 0.222222 0.668934 0.240363 0.646259 0.258503 0.630385 0.283447 0.628118 0.297052 0.616780 0.315193 0.616780 0.346939 0.628118 0.371882 0.619048 0.378685 0.616780 0.390023 0.575964 0.433107 0.575964 0.437642 0.551020 0.460317 0.546485 0.460317 0.557823 0.460317 0.562358 0.464853 0.569161 0.455782 0.594104 0.439909 0.598639 0.442177 0.598639 0.437642 0.619048 0.419501 0.639456 0.410431 0.648526 0.401361 0.657596 0.396825 0.682540 0.399093 0.725624 0.378685 0.766440 0.337868 0.780045 0.310658 0.791383 0.297052 0.798186 0.278912 0.800454 0.251701 0.795918 0.233560
0 0.539683 0.564626 0.551020 0.594104 0.557823 0.603175 0.557823 0.612245 0.564626 0.623583 0.564626 0.634921 0.569161 0.641723 0.566893 0.678005 0.557823 0.696145 0.564626 0.718821 0.564626 0.736961 0.603175 0.811791 0.641723 0.852608 0.643991 0.859410 0.666667 0.877551 0.696145 0.891156 0.707483 0.888889 0.723356 0.895692 0.746032 0.888889 0.757370 0.870748 0.759637 0.834467 0.755102 0.825397 0.752834 0.795918 0.721088 0.727891 0.698413 0.702948 0.687075 0.680272 0.678005 0.671202 0.646259 0.650794 0.623583 0.653061 0.607710 0.643991 0.589569 0.625850 0.569161 0.587302 0.571429 0.585034 0.555556 0.578231
0 0.174603 0.312925 0.172336 0.335601 0.176871 0.349206 0.217687 0.392290 0.242630 0.403628 0.263039 0.419501 0.297052 0.424036 0.312925 0.433107 0.337868 0.430839 0.346939 0.426304 0.358277 0.430839 0.362812 0.437642 0.380952 0.428571 0.387755 0.419501 0.399093 0.419501 0.421769 0.433107 0.453515 0.442177 0.458050 0.451247 0.462585 0.446712 0.480726 0.446712 0.487528 0.451247 0.448980 0.414966 0.426304 0.403628 0.403628 0.380952 0.399093 0.371882 0.403628 0.344671 0.392290 0.324263 0.380952 0.312925 0.369615 0.310658 0.353741 0.294785 0.328798 0.278912 0.315193 0.278912 0.303855 0.272109 0.253968 0.267574 0.247166 0.272109 0.208617 0.278912 0.195011 0.287982
0 0.498866 0.507937 0.492063 0.514739 0.487528 0.514739 0.489796 0.517007 0.471655 0.537415 0.453515 0.551020 0.417234 0.555556 0.396825 0.575964 0.378685 0.600907 0.374150 0.614512 0.349206 0.650794 0.346939 0.664399 0.333333 0.696145 0.333333 0.721088 0.353741 0.741497 0.376417 0.741497 0.419501 0.721088 0.462585 0.678005 0.464853 0.653061 0.482993 0.619048 0.480726 0.614512 0.485261 0.607710 0.487528 0.575964 0.482993 0.569161 0.482993 0.560091 0.492063 0.539683 0.507937 0.528345
0 0.546485 0.315193 0.532880 0.317460 0.487528 0.356009 0.480726 0.356009 0.473923 0.367347 0.473923 0.408163 0.478458 0.424036 0.487528 0.439909 0.487528 0.448980 0.496599 0.448980 0.503401 0.453515 0.510204 0.471655 0.519274 0.471655 0.521542 0.467120 0.526077 0.467120 0.528345 0.460317 0.544218 0.462585 0.541950 0.458050 0.548753 0.444444 0.562358 0.435374 0.562358 0.428571 0.575964 0.412698 0.580499 0.396825 0.580499 0.380952 0.575964 0.380952 0.575964 0.351474 0.564626 0.331066
0 0.532880 0.498866 0.532880 0.503401 0.539683 0.510204 0.539683 0.517007 0.532880 0.523810 0.521542 0.526077 0.521542 0.535147 0.528345 0.544218 0.528345 0.551020 0.566893 0.582766 0.578231 0.580499 0.598639 0.589569 0.605442 0.587302 0.607710 0.580499 0.621315 0.571429 0.623583 0.562358 0.619048 0.541950 0.612245 0.535147 0.605442 0.519274 0.591837 0.503401 0.573696 0.494331 0.566893 0.494331 0.548753 0.507937
0 0.612245 0.371882 0.598639 0.369615 0.582766 0.380952 0.582766 0.396825 0.575964 0.414966 0.578231 0.430839 0.614512 0.390023 0.616780 0.378685
0 0.430839 0.462585 0.428571 0.480726 0.433107 0.485261 0.433107 0.492063 0.448980 0.503401 0.448980 0.507937 0.464853 0.514739 0.485261 0.514739 0.507937 0.501134 0.507937 0.489796 0.503401 0.482993 0.512472 0.473923 0.507937 0.471655 0.503401 0.455782 0.496599 0.451247 0.448980 0.451247
0 0.521542 0.469388 0.528345 0.473923 0.521542 0.487528 0.521542 0.496599 0.532880 0.496599 0.546485 0.505669 0.564626 0.496599 0.566893 0.471655 0.557823 0.462585 0.528345 0.462585 0.528345 0.467120
0 0.530612 0.501134 0.521542 0.498866 0.519274 0.505669 0.505669 0.503401 0.501134 0.507937 0.510204 0.528345 0.519274 0.528345 0.521542 0.523810 0.528345 0.523810 0.537415 0.517007 0.537415 0.510204
0 0.523810 0.471655 0.514739 0.473923 0.505669 0.482993 0.510204 0.489796 0.510204 0.503401 0.519274 0.503401 0.519274 0.487528 0.526077 0.478458