0 0.360544 0.421769 0.358277 0.446712 0.378685 0.471655 0.392290 0.478458 0.405896 0.478458 0.428571 0.467120 0.448980 0.489796 0.446712 0.494331 0.464853 0.492063 0.448980 0.478458 0.442177 0.467120 0.421769 0.467120 0.412698 0.453515 0.401361 0.448980 0.394558 0.442177 0.394558 0.435374 0.376417 0.419501 0.371882 0.408163
0 0.541950 0.573696 0.541950 0.582766 0.532880 0.587302 0.541950 0.589569 0.557823 0.605442 0.562358 0.623583 0.585034 0.653061 0.600907 0.653061 0.621315 0.659864 0.630385 0.655329 0.616780 0.650794 0.603175 0.639456 0.589569 0.596372 0.582766 0.600907 0.566893 0.603175 0.541950 0.580499
0 0.512472 0.648526 0.498866 0.646259 0.473923 0.632653 0.451247 0.625850 0.439909 0.637188 0.419501 0.637188 0.412698 0.641723 0.412698 0.646259 0.383220 0.671202 0.383220 0.707483 0.396825 0.739229 0.410431 0.752834 0.421769 0.757370 0.435374 0.755102 0.446712 0.746032 0.455782 0.743764 0.471655 0.725624 0.503401 0.709751 0.512472 0.700680
0 0.514739 0.303855 0.492063 0.331066 0.478458 0.374150 0.482993 0.394558 0.514739 0.419501 0.510204 0.480726 0.505669 0.482993 0.517007 0.482993 0.523810 0.478458 0.523810 0.473923 0.517007 0.469388 0.521542 0.458050 0.523810 0.435374 0.539683 0.419501 0.537415 0.414966 0.548753 0.401361 0.548753 0.383220 0.541950 0.369615 0.526077 0.360544 0.526077 0.344671 0.519274 0.337868
0 0.770975 0.487528 0.748299 0.437642 0.714286 0.403628 0.696145 0.399093 0.684807 0.408163 0.664399 0.410431 0.648526 0.421769 0.634921 0.448980 0.634921 0.471655 0.630385 0.480726 0.619048 0.492063 0.605442 0.494331 0.585034 0.521542 0.589569 0.514739 0.646259 0.510204 0.693878 0.537415 0.718821 0.537415 0.759637 0.517007 0.768707 0.501134
0 0.151927 0.501134 0.154195 0.514739 0.165533 0.530612 0.210884 0.553288 0.233560 0.557823 0.258503 0.557823 0.269841 0.564626 0.283447 0.564626 0.328798 0.548753 0.346939 0.521542 0.360544 0.510204 0.383220 0.510204 0.399093 0.514739 0.401361 0.519274 0.401361 0.514739 0.410431 0.505669 0.401361 0.505669 0.356009 0.485261 0.335601 0.462585 0.308390 0.444444 0.294785 0.444444 0.281179 0.435374 0.213152 0.437642 0.174603 0.455782 0.165533 0.464853
0 0.551020 0.609977 0.551020 0.628118 0.546485 0.639456 0.553288 0.639456 0.553288 0.646259 0.566893 0.666667 0.566893 0.682540 0.557823 0.700680 0.553288 0.727891 0.566893 0.746032 0.566893 0.761905 0.580499 0.791383 0.612245 0.820862 0.637188 0.850340 0.646259 0.850340 0.662132 0.859410 0.678005 0.859410 0.691610 0.866213 0.718821 0.866213 0.736961 0.854875 0.746032 0.825397 0.743764 0.795918 0.739229 0.775510 0.712018 0.723356 0.664399 0.675737 0.639456 0.666667 0.628118 0.666667 0.619048 0.659864 0.585034 0.655329 0.573696 0.643991 0.560091 0.623583 0.557823 0.614512
0 0.598639 0.165533 0.585034 0.165533 0.560091 0.183673 0.544218 0.206349 0.535147 0.226757 0.532880 0.242630 0.517007 0.272109 0.517007 0.317460 0.521542 0.337868 0.528345 0.344671 0.528345 0.360544 0.541950 0.367347 0.551020 0.383220 0.551020 0.401361 0.539683 0.414966 0.544218 0.430839 0.537415 0.437642 0.535147 0.451247 0.523810 0.471655 0.526077 0.473923 0.553288 0.460317 0.551020 0.451247 0.564626 0.426304 0.580499 0.414966 0.591837 0.399093 0.603175 0.396825 0.614512 0.385488 0.623583 0.362812 0.625850 0.340136 0.634921 0.326531 0.639456 0.308390 0.641723 0.267574 0.637188 0.247166 0.637188 0.217687 0.630385 0.204082 0.630385 0.195011 0.616780 0.183673 0.607710 0.170068
0 0.462585 0.560091 0.433107 0.560091 0.435374 0.562358 0.424036 0.573696 0.380952 0.596372 0.344671 0.596372 0.260771 0.634921 0.224490 0.664399 0.199546 0.691610 0.185941 0.716553 0.185941 0.739229 0.208617 0.759637 0.274376 0.759637 0.292517 0.755102 0.303855 0.746032 0.310658 0.746032 0.324263 0.736961 0.335601 0.734694 0.349206 0.725624 0.367347 0.705215 0.378685 0.698413 0.383220 0.700680 0.380952 0.671202 0.385488 0.664399 0.396825 0.659864 0.401361 0.650794 0.410431 0.646259 0.403628 0.621315 0.439909 0.585034 0.446712 0.589569 0.446712 0.582766
0 0.551020 0.557823 0.551020 0.566893 0.557823 0.564626 0.589569 0.587302 0.603175 0.634921 0.616780 0.648526 0.637188 0.648526 0.657596 0.664399 0.668934 0.668934 0.682540 0.668934 0.709751 0.680272 0.743764 0.680272 0.773243 0.675737 0.791383 0.657596 0.793651 0.639456 0.784580 0.628118 0.782313 0.616780 0.750567 0.587302 0.739229 0.585034 0.689342 0.560091 0.673469 0.566893 0.641723 0.553288 0.619048 0.551020 0.603175 0.562358 0.566893 0.557823 0.555556 0.548753
0 0.367347 0.283447 0.351474 0.294785 0.344671 0.310658 0.346939 0.356009 0.369615 0.396825 0.374150 0.412698 0.396825 0.435374 0.396825 0.442177 0.412698 0.451247 0.421769 0.464853 0.448980 0.464853 0.464853 0.478458 0.467120 0.492063 0.478458 0.489796 0.482993 0.478458 0.473923 0.451247 0.480726 0.444444 0.485261 0.430839 0.480726 0.424036 0.478458 0.401361 0.455782 0.351474 0.439909 0.333333 0.433107 0.319728 0.408163 0.294785 0.383220 0.283447
0 0.464853 0.560091 0.444444 0.594104 0.451247 0.623583 0.473923 0.630385 0.498866 0.643991 0.507937 0.643991 0.514739 0.648526 0.514739 0.653061 0.521542 0.655329 0.541950 0.646259 0.546485 0.641723 0.544218 0.634921 0.548753 0.628118 0.551020 0.607710 0.535147 0.594104 0.537415 0.591837 0.507937 0.591837 0.496599 0.578231 0.492063 0.564626 0.480726 0.560091
0 0.569161 0.462585 0.548753 0.462585 0.517007 0.485261 0.505669 0.485261 0.505669 0.478458 0.501134 0.487528 0.501134 0.517007 0.510204 0.528345 0.521542 0.532880 0.523810 0.537415 0.535147 0.537415 0.551020 0.546485 0.575964 0.532880 0.594104 0.503401 0.587302 0.498866 0.589569 0.478458
0 0.473923 0.494331 0.444444 0.496599 0.412698 0.505669 0.403628 0.514739 0.405896 0.532880 0.430839 0.557823 0.476190 0.557823 0.478458 0.553288 0.480726 0.555556 0.478458 0.551020 0.476190 0.555556 0.469388 0.551020 0.469388 0.537415 0.473923 0.530612 0.482993 0.526077 0.485261 0.514739 0.473923 0.503401
0 0.553288 0.548753 0.535147 0.539683 0.528345 0.539683 0.528345 0.555556 0.517007 0.564626 0.496599 0.564626 0.498866 0.578231 0.507937 0.589569 0.535147 0.589569 0.530612 0.587302 0.539683 0.582766 0.539683 0.573696 0.548753 0.566893
0 0.492063 0.471655 0.485261 0.473923 0.485261 0.482993 0.476190 0.492063 0.476190 0.503401 0.487528 0.514739 0.485261 0.526077 0.480726 0.528345 0.503401 0.521542 0.498866 0.517007 0.501134 0.480726
0 0.473923 0.532880 0.471655 0.551020 0.482993 0.560091 0.494331 0.564626 0.517007 0.562358 0.526077 0.555556 0.526077 0.539683 0.503401 0.523810