0 0.451247 0.505669 0.426304 0.498866 0.424036 0.501134 0.408163 0.489796 0.392290 0.489796 0.369615 0.507937 0.365079 0.519274 0.365079 0.535147 0.374150 0.548753 0.408163 0.548753 0.414966 0.544218 0.421769 0.530612 0.430839 0.528345 0.444444 0.514739 0.444444 0.505669
0 0.333333 0.276644 0.317460 0.301587 0.317460 0.331066 0.324263 0.358277 0.337868 0.380952 0.367347 0.403628 0.405896 0.403628 0.419501 0.399093 0.442177 0.417234 0.439909 0.419501 0.467120 0.421769 0.453515 0.414966 0.437642 0.396825 0.437642 0.376417 0.426304 0.369615 0.417234 0.358277 0.417234 0.344671 0.410431 0.333333 0.401361 0.290249 0.394558 0.292517 0.374150 0.269841 0.351474 0.269841
0 0.569161 0.607710 0.562358 0.614512 0.560091 0.623583 0.551020 0.632653 0.544218 0.632653 0.521542 0.655329 0.517007 0.668934 0.519274 0.712018 0.535147 0.748299 0.566893 0.780045 0.585034 0.789116 0.594104 0.789116 0.616780 0.777778 0.630385 0.764172 0.641723 0.736961 0.641723 0.723356 0.625850 0.691610 0.619048 0.687075 0.612245 0.673469 0.612245 0.634921 0.607710 0.623583 0.575964 0.619048 0.569161 0.614512
0 0.659864 0.197279 0.659864 0.201814 0.653061 0.208617 0.634921 0.204082 0.614512 0.210884 0.587302 0.233560 0.564626 0.274376 0.564626 0.299320 0.582766 0.335601 0.582766 0.367347 0.571429 0.401361 0.582766 0.426304 0.580499 0.417234 0.596372 0.390023 0.605442 0.365079 0.616780 0.353741 0.643991 0.344671 0.643991 0.340136 0.637188 0.333333 0.639456 0.290249 0.648526 0.265306 0.659864 0.251701
0 0.344671 0.609977 0.337868 0.616780 0.326531 0.616780 0.315193 0.623583 0.303855 0.623583 0.276644 0.634921 0.258503 0.655329 0.240363 0.664399 0.217687 0.696145 0.217687 0.714286 0.222222 0.727891 0.215420 0.739229 0.215420 0.748299 0.222222 0.755102 0.224490 0.780045 0.235828 0.795918 0.249433 0.802721 0.272109 0.804989 0.301587 0.800454 0.353741 0.766440 0.374150 0.743764 0.378685 0.746032 0.380952 0.732426 0.412698 0.702948 0.417234 0.691610 0.401361 0.700680 0.376417 0.700680 0.369615 0.696145 0.367347 0.684807 0.356009 0.666667 0.353741 0.632653
0 0.587302 0.514739 0.587302 0.532880 0.591837 0.530612 0.603175 0.537415 0.623583 0.539683 0.643991 0.548753 0.659864 0.548753 0.707483 0.571429 0.730159 0.594104 0.748299 0.625850 0.759637 0.628118 0.791383 0.646259 0.807256 0.646259 0.825397 0.653061 0.861678 0.653061 0.886621 0.641723 0.902494 0.623583 0.907029 0.605442 0.907029 0.578231 0.900227 0.557823 0.888889 0.546485 0.875283 0.523810 0.861678 0.512472 0.852608 0.512472 0.839002 0.503401 0.816327 0.501134 0.807256 0.496599 0.784580 0.496599 0.773243 0.501134 0.755102 0.496599 0.734694 0.512472 0.705215 0.528345 0.612245 0.523810 0.591837 0.519274
0 0.310658 0.065760 0.294785 0.083900 0.294785 0.102041 0.299320 0.108844 0.303855 0.131519 0.303855 0.149660 0.335601 0.213152 0.378685 0.267574 0.376417 0.272109 0.394558 0.290249 0.408163 0.285714 0.433107 0.258503 0.435374 0.244898 0.446712 0.222222 0.464853 0.219955 0.485261 0.226757 0.478458 0.219955 0.467120 0.185941 0.439909 0.133787 0.399093 0.088435 0.360544 0.070295 0.353741 0.063492 0.321995 0.068027
0 0.496599 0.573696 0.489796 0.573696 0.489796 0.614512 0.485261 0.619048 0.473923 0.659864 0.467120 0.671202 0.453515 0.684807 0.426304 0.691610 0.380952 0.736961 0.380952 0.746032 0.383220 0.743764 0.385488 0.748299 0.367347 0.770975 0.362812 0.798186 0.344671 0.825397 0.331066 0.866213 0.328798 0.913832 0.346939 0.929705 0.383220 0.927438 0.419501 0.907029 0.453515 0.870748 0.485261 0.823129 0.485261 0.814059 0.510204 0.766440 0.512472 0.727891 0.505669 0.716553 0.501134 0.698413 0.501134 0.657596 0.507937 0.616780 0.512472 0.609977 0.501134 0.596372
0 0.079365 0.458050 0.083900 0.467120 0.086168 0.494331 0.099773 0.512472 0.140590 0.526077 0.195011 0.528345 0.224490 0.535147 0.242630 0.535147 0.256236 0.530612 0.290249 0.530612 0.326531 0.510204 0.342404 0.489796 0.358277 0.485261 0.360544 0.480726 0.394558 0.480726 0.414966 0.487528 0.405896 0.464853 0.405896 0.455782 0.403628 0.460317 0.380952 0.455782 0.335601 0.430839 0.290249 0.394558 0.260771 0.392290 0.251701 0.387755 0.231293 0.392290 0.224490 0.387755 0.188209 0.385488 0.170068 0.392290 0.131519 0.396825 0.104308 0.417234 0.097506 0.428571 0.097506 0.435374 0.086168 0.444444
0 0.702948 0.133787 0.696145 0.136054 0.678005 0.156463 0.678005 0.165533 0.662132 0.192744 0.662132 0.251701 0.648526 0.269841 0.641723 0.290249 0.639456 0.333333 0.646259 0.340136 0.643991 0.346939 0.655329 0.358277 0.650794 0.376417 0.657596 0.376417 0.659864 0.371882 0.680272 0.374150 0.684807 0.380952 0.689342 0.374150 0.709751 0.369615 0.716553 0.356009 0.716553 0.346939 0.730159 0.324263 0.727891 0.301587 0.741497 0.260771 0.739229 0.226757 0.748299 0.210884 0.739229 0.172336 0.732426 0.158730 0.718821 0.142857
0 0.562358 0.544218 0.573696 0.560091 0.575964 0.571429 0.585034 0.571429 0.585034 0.575964 0.598639 0.589569 0.612245 0.614512 0.612245 0.621315 0.607710 0.621315 0.614512 0.634921 0.614512 0.673469 0.621315 0.687075 0.628118 0.691610 0.639456 0.718821 0.648526 0.723356 0.657596 0.736961 0.698413 0.773243 0.739229 0.786848 0.755102 0.784580 0.766440 0.791383 0.782313 0.757370 0.780045 0.714286 0.761905 0.678005 0.746032 0.657596 0.727891 0.641723 0.725624 0.632653 0.682540 0.596372 0.668934 0.591837 0.643991 0.591837 0.628118 0.585034 0.582766 0.548753 0.580499 0.539683 0.573696 0.544218
0 0.451247 0.222222 0.446712 0.224490 0.437642 0.244898 0.435374 0.258503 0.403628 0.290249 0.403628 0.297052 0.410431 0.312925 0.412698 0.333333 0.419501 0.344671 0.419501 0.358277 0.426304 0.367347 0.453515 0.385488 0.446712 0.392290 0.451247 0.405896 0.464853 0.417234 0.480726 0.421769 0.485261 0.433107 0.496599 0.439909 0.505669 0.424036 0.521542 0.410431 0.521542 0.405896 0.517007 0.408163 0.510204 0.401361 0.519274 0.371882 0.521542 0.344671 0.510204 0.312925 0.507937 0.253968 0.503401 0.244898 0.485261 0.229025 0.464853 0.222222
0 0.485261 0.544218 0.471655 0.541950 0.462585 0.530612 0.455782 0.535147 0.448980 0.530612 0.433107 0.528345 0.421769 0.532880 0.412698 0.548753 0.374150 0.551020 0.371882 0.557823 0.362812 0.564626 0.344671 0.607710 0.356009 0.632653 0.358277 0.666667 0.369615 0.684807 0.371882 0.696145 0.401361 0.698413 0.417234 0.689342 0.451247 0.650794 0.482993 0.591837 0.482993 0.578231 0.492063 0.571429
0 0.682540 0.378685 0.673469 0.374150 0.659864 0.374150 0.657596 0.378685 0.648526 0.376417 0.630385 0.392290 0.614512 0.396825 0.600907 0.412698 0.591837 0.430839 0.582766 0.430839 0.573696 0.464853 0.557823 0.480726 0.553288 0.480726 0.551020 0.487528 0.566893 0.487528 0.585034 0.501134 0.594104 0.503401 0.619048 0.501134 0.630385 0.492063 0.648526 0.487528 0.682540 0.448980 0.691610 0.430839 0.693878 0.401361
0 0.408163 0.435374 0.408163 0.464853 0.417234 0.487528 0.428571 0.498866 0.448980 0.501134 0.453515 0.505669 0.451247 0.510204 0.446712 0.505669 0.448980 0.510204 0.462585 0.507937 0.464853 0.494331 0.471655 0.487528 0.512472 0.485261 0.510204 0.473923 0.498866 0.460317 0.494331 0.439909 0.469388 0.424036 0.430839 0.421769 0.426304 0.426304 0.414966 0.428571
0 0.519274 0.526077 0.512472 0.539683 0.501134 0.546485 0.492063 0.546485 0.492063 0.564626 0.498866 0.573696 0.503401 0.596372 0.514739 0.609977 0.514739 0.614512 0.546485 0.632653 0.557823 0.623583 0.560091 0.614512 0.578231 0.600907 0.575964 0.573696 0.571429 0.560091 0.560091 0.544218 0.546485 0.544218
0 0.555556 0.392290 0.546485 0.392290 0.523810 0.403628 0.523810 0.410431 0.507937 0.424036 0.496599 0.442177 0.501134 0.460317 0.514739 0.478458 0.526077 0.471655 0.539683 0.471655 0.551020 0.480726 0.557823 0.478458 0.575964 0.455782 0.580499 0.426304 0.571429 0.405896 0.564626 0.403628
0 0.548753 0.487528 0.548753 0.494331 0.557823 0.505669 0.553288 0.517007 0.546485 0.521542 0.526077 0.521542 0.523810 0.526077 0.546485 0.541950 0.578231 0.539683 0.585034 0.532880 0.585034 0.503401 0.566893 0.489796
0 0.471655 0.489796 0.467120 0.494331 0.467120 0.505669 0.460317 0.519274 0.467120 0.526077 0.467120 0.535147 0.489796 0.546485 0.512472 0.537415 0.514739 0.519274 0.505669 0.512472 0.489796 0.507937 0.489796 0.498866 0.496599 0.489796
0 0.510204 0.487528 0.514739 0.489796 0.528345 0.480726 0.535147 0.480726 0.539683 0.489796 0.546485 0.492063 0.548753 0.478458 0.539683 0.473923 0.526077 0.473923
0 0.535147 0.482993 0.528345 0.482993 0.514739 0.492063 0.498866 0.489796 0.492063 0.498866 0.492063 0.507937 0.510204 0.512472 0.517007 0.519274 0.517007 0.528345 0.526077 0.519274 0.551020 0.517007 0.555556 0.505669 0.546485 0.494331 0.537415 0.489796