0 0.678005 0.369615 0.659864 0.356009 0.625850 0.353741 0.598639 0.362812 0.571429 0.383220 0.575964 0.378685 0.591837 0.378685 0.598639 0.374150 0.625850 0.374150 0.653061 0.401361 0.657596 0.401361 0.662132 0.385488
0 0.494331 0.575964 0.496599 0.600907 0.498866 0.596372 0.519274 0.623583 0.544218 0.646259 0.551020 0.659864 0.553288 0.682540 0.582766 0.682540 0.614512 0.691610 0.662132 0.725624 0.696145 0.766440 0.705215 0.768707 0.709751 0.764172 0.709751 0.755102 0.716553 0.748299 0.712018 0.725624 0.698413 0.718821 0.678005 0.716553 0.662132 0.693878 0.646259 0.684807 0.641723 0.678005 0.621315 0.671202 0.600907 0.653061 0.553288 0.637188
0 0.281179 0.185941 0.265306 0.204082 0.265306 0.213152 0.263039 0.215420 0.258503 0.210884 0.265306 0.229025 0.308390 0.274376 0.315193 0.292517 0.328798 0.310658 0.333333 0.337868 0.335601 0.335601 0.346939 0.342404 0.374150 0.349206 0.385488 0.358277 0.385488 0.340136 0.376417 0.335601 0.367347 0.324263 0.367347 0.308390 0.358277 0.301587 0.349206 0.276644 0.344671 0.274376 0.344671 0.265306 0.340136 0.260771 0.344671 0.249433 0.335601 0.238095 0.331066 0.195011 0.319728 0.185941 0.301587 0.181406 0.290249 0.181406
0 0.401361 0.551020 0.383220 0.546485 0.387755 0.548753 0.369615 0.566893 0.365079 0.566893 0.328798 0.598639 0.299320 0.619048 0.269841 0.621315 0.256236 0.616780 0.247166 0.619048 0.238095 0.614512 0.224490 0.614512 0.206349 0.623583 0.160998 0.662132 0.129252 0.725624 0.131519 0.743764 0.126984 0.750567 0.126984 0.770975 0.131519 0.784580 0.131519 0.814059 0.142857 0.827664 0.158730 0.832200 0.163265 0.841270 0.165533 0.780045 0.181406 0.748299 0.192744 0.739229 0.192744 0.734694 0.206349 0.721088 0.219955 0.714286 0.219955 0.709751 0.233560 0.698413 0.240363 0.680272 0.256236 0.655329 0.265306 0.648526 0.267574 0.639456 0.281179 0.628118 0.297052 0.623583 0.335601 0.623583 0.331066 0.616780 0.358277 0.596372
0 0.553288 0.510204 0.557823 0.510204 0.569161 0.526077 0.571429 0.519274 0.582766 0.514739 0.655329 0.517007 0.684807 0.532880 0.705215 0.555556 0.725624 0.564626 0.734694 0.564626 0.743764 0.557823 0.791383 0.539683 0.820862 0.510204 0.823129 0.501134 0.834467 0.489796 0.820862 0.494331 0.814059 0.501134 0.795918 0.503401 0.782313 0.512472 0.761905 0.519274 0.736961 0.517007 0.725624 0.507937 0.705215 0.507937 0.700680 0.503401 0.687075 0.503401 0.657596 0.489796 0.632653 0.496599 0.614512 0.496599 0.607710 0.501134 0.575964 0.503401 0.564626 0.510204
0 0.571429 0.065760 0.557823 0.070295 0.551020 0.077098 0.539683 0.072562 0.532880 0.074830 0.532880 0.086168 0.526077 0.104308 0.523810 0.151927 0.514739 0.167800 0.514739 0.206349 0.521542 0.213152 0.521542 0.226757 0.517007 0.233560 0.517007 0.258503 0.523810 0.276644 0.560091 0.317460 0.560091 0.324263 0.537415 0.367347 0.514739 0.399093 0.510204 0.414966 0.501134 0.419501 0.494331 0.430839 0.485261 0.437642 0.501134 0.437642 0.514739 0.424036 0.519274 0.424036 0.523810 0.414966 0.530612 0.414966 0.530612 0.405896 0.546485 0.387755 0.555556 0.383220 0.557823 0.376417 0.585034 0.344671 0.641723 0.299320 0.653061 0.269841 0.662132 0.258503 0.659864 0.229025 0.664399 0.188209 0.655329 0.138322 0.619048 0.086168 0.598639 0.074830 0.578231 0.072562
0 0.494331 0.634921 0.478458 0.655329 0.498866 0.698413 0.498866 0.712018 0.492063 0.732426 0.494331 0.777778 0.501134 0.786848 0.514739 0.823129 0.535147 0.843537 0.541950 0.859410 0.585034 0.900227 0.639456 0.934240 0.659864 0.934240 0.666667 0.938776 0.682540 0.941043 0.725624 0.934240 0.743764 0.902494 0.743764 0.861678 0.734694 0.823129 0.705215 0.773243 0.696145 0.768707 0.678005 0.750567 0.673469 0.739229 0.662132 0.727891 0.614512 0.693878 0.582766 0.684807 0.544218 0.687075 0.521542 0.673469 0.498866 0.650794
0 0.102041 0.163265 0.088435 0.188209 0.088435 0.199546 0.095238 0.210884 0.095238 0.217687 0.083900 0.229025 0.083900 0.267574 0.092971 0.287982 0.120181 0.324263 0.129252 0.346939 0.195011 0.408163 0.244898 0.428571 0.265306 0.426304 0.274376 0.419501 0.294785 0.419501 0.333333 0.442177 0.356009 0.464853 0.351474 0.469388 0.360544 0.476190 0.394558 0.487528 0.396825 0.480726 0.392290 0.473923 0.385488 0.471655 0.374150 0.453515 0.371882 0.430839 0.369615 0.439909 0.362812 0.428571 0.340136 0.408163 0.328798 0.390023 0.333333 0.340136 0.326531 0.310658 0.312925 0.292517 0.306122 0.274376 0.263039 0.229025 0.258503 0.217687 0.233560 0.195011 0.179138 0.163265 0.149660 0.156463 0.122449 0.156463
0 0.929705 0.371882 0.918367 0.349206 0.900227 0.326531 0.852608 0.310658 0.823129 0.310658 0.759637 0.324263 0.732426 0.342404 0.716553 0.344671 0.698413 0.362812 0.689342 0.365079 0.664399 0.385488 0.653061 0.414966 0.650794 0.444444 0.646259 0.446712 0.637188 0.467120 0.609977 0.485261 0.598639 0.487528 0.657596 0.485261 0.659864 0.489796 0.673469 0.496599 0.700680 0.501134 0.705215 0.505669 0.725624 0.505669 0.727891 0.510204 0.748299 0.517007 0.761905 0.517007 0.782313 0.510204 0.795918 0.501134 0.814059 0.498866 0.820862 0.492063 0.841270 0.487528 0.845805 0.480726 0.868481 0.469388 0.902494 0.444444 0.920635 0.424036 0.920635 0.414966 0.931973 0.390023
0 0.412698 0.553288 0.380952 0.598639 0.360544 0.612245 0.353741 0.621315 0.335601 0.625850 0.297052 0.625850 0.281179 0.630385 0.272109 0.637188 0.267574 0.648526 0.258503 0.655329 0.242630 0.680272 0.235828 0.698413 0.222222 0.709751 0.219955 0.716553 0.206349 0.723356 0.195011 0.734694 0.195011 0.739229 0.183673 0.748299 0.167800 0.780045 0.165533 0.845805 0.179138 0.866213 0.195011 0.873016 0.219955 0.873016 0.265306 0.861678 0.274376 0.857143 0.299320 0.832200 0.321995 0.818594 0.337868 0.802721 0.340136 0.793651 0.374150 0.752834 0.376417 0.727891 0.387755 0.718821 0.394558 0.700680 0.399093 0.662132 0.390023 0.650794 0.392290 0.630385 0.396825 0.628118 0.396825 0.603175 0.410431 0.571429 0.419501 0.562358
0 0.360544 0.086168 0.349206 0.095238 0.342404 0.106576 0.340136 0.126984 0.333333 0.142857 0.333333 0.176871 0.337868 0.190476 0.333333 0.192744 0.333333 0.213152 0.337868 0.217687 0.337868 0.238095 0.346939 0.249433 0.342404 0.260771 0.346939 0.265306 0.346939 0.274376 0.351474 0.276644 0.356009 0.294785 0.369615 0.308390 0.369615 0.324263 0.376417 0.333333 0.387755 0.340136 0.387755 0.360544 0.401361 0.374150 0.405896 0.387755 0.426304 0.385488 0.439909 0.401361 0.444444 0.401361 0.455782 0.412698 0.460317 0.424036 0.460317 0.356009 0.464853 0.351474 0.464853 0.344671 0.473923 0.335601 0.473923 0.324263 0.480726 0.312925 0.480726 0.265306 0.471655 0.249433 0.471655 0.226757 0.467120 0.217687 0.464853 0.195011 0.458050 0.183673 0.455782 0.160998 0.448980 0.154195 0.439909 0.126984 0.410431 0.092971 0.385488 0.083900
0 0.553288 0.578231 0.551020 0.585034 0.562358 0.605442 0.564626 0.619048 0.569161 0.623583 0.575964 0.621315 0.580499 0.625850 0.578231 0.641723 0.582766 0.646259 0.600907 0.650794 0.621315 0.668934 0.641723 0.675737 0.673469 0.702948 0.678005 0.714286 0.698413 0.716553 0.712018 0.723356 0.714286 0.727891 0.716553 0.725624 0.732426 0.734694 0.770975 0.736961 0.791383 0.721088 0.795918 0.705215 0.789116 0.691610 0.786848 0.673469 0.755102 0.637188 0.750567 0.637188 0.705215 0.600907 0.689342 0.598639 0.675737 0.585034 0.653061 0.582766 0.646259 0.575964 0.585034 0.569161 0.580499 0.564626 0.580499 0.555556 0.578231 0.564626 0.569161 0.573696
0 0.179138 0.494331 0.183673 0.519274 0.206349 0.544218 0.235828 0.564626 0.278912 0.571429 0.324263 0.566893 0.346939 0.553288 0.351474 0.557823 0.358277 0.557823 0.376417 0.537415 0.383220 0.537415 0.380952 0.512472 0.392290 0.501134 0.394558 0.489796 0.374150 0.485261 0.333333 0.460317 0.303855 0.453515 0.297052 0.448980 0.263039 0.444444 0.235828 0.448980 0.210884 0.458050 0.183673 0.480726
0 0.655329 0.403628 0.625850 0.376417 0.598639 0.376417 0.591837 0.380952 0.575964 0.380952 0.537415 0.412698 0.523810 0.417234 0.521542 0.424036 0.514739 0.426304 0.505669 0.437642 0.489796 0.439909 0.505669 0.464853 0.505669 0.478458 0.501134 0.492063 0.496599 0.494331 0.496599 0.501134 0.498866 0.503401 0.512472 0.496599 0.535147 0.496599 0.551020 0.501134 0.562358 0.494331 0.600907 0.489796 0.596372 0.487528 0.598639 0.482993 0.609977 0.482993 0.634921 0.467120 0.637188 0.458050 0.648526 0.444444 0.648526 0.426304
0 0.487528 0.566893 0.473923 0.564626 0.451247 0.548753 0.439909 0.557823 0.419501 0.560091 0.421769 0.562358 0.412698 0.571429 0.399093 0.603175 0.396825 0.634921 0.401361 0.646259 0.394558 0.653061 0.401361 0.662132 0.401361 0.673469 0.408163 0.666667 0.424036 0.673469 0.446712 0.673469 0.467120 0.666667 0.487528 0.643991 0.498866 0.623583 0.498866 0.605442 0.494331 0.600907 0.492063 0.580499 0.482993 0.573696 0.487528 0.571429
0 0.426304 0.387755 0.385488 0.392290 0.374150 0.417234 0.376417 0.453515 0.387755 0.471655 0.392290 0.471655 0.399093 0.480726 0.396825 0.487528 0.405896 0.478458 0.444444 0.473923 0.444444 0.464853 0.451247 0.453515 0.469388 0.439909 0.455782 0.424036 0.453515 0.412698 0.444444 0.403628 0.439909 0.403628
0 0.473923 0.351474 0.467120 0.351474 0.462585 0.356009 0.462585 0.421769 0.487528 0.396825 0.485261 0.362812
0 0.494331 0.505669 0.494331 0.512472 0.501134 0.521542 0.501134 0.535147 0.487528 0.557823 0.487528 0.575964 0.494331 0.578231 0.492063 0.575964 0.496599 0.571429 0.507937 0.582766 0.535147 0.585034 0.548753 0.582766 0.553288 0.575964 0.560091 0.575964 0.575964 0.564626 0.575964 0.537415 0.562358 0.517007 0.551020 0.510204 0.548753 0.503401 0.535147 0.498866 0.512472 0.498866
0 0.442177 0.476190 0.414966 0.478458 0.399093 0.485261 0.394558 0.501134 0.383220 0.512472 0.383220 0.539683 0.390023 0.546485 0.401361 0.548753 0.403628 0.553288 0.412698 0.551020 0.419501 0.557823 0.439909 0.555556 0.446712 0.548753 0.444444 0.526077 0.424036 0.526077 0.417234 0.519274 0.419501 0.507937 0.428571 0.501134 0.433107 0.487528
0 0.473923 0.437642 0.453515 0.453515 0.444444 0.476190 0.471655 0.476190 0.476190 0.482993 0.496599 0.496599 0.494331 0.494331 0.498866 0.492063 0.503401 0.478458 0.503401 0.464853 0.487528 0.439909
0 0.494331 0.510204 0.471655 0.528345 0.446712 0.526077 0.448980 0.546485 0.464853 0.557823 0.485261 0.564626 0.485261 0.557823 0.498866 0.535147 0.498866 0.521542 0.492063 0.512472
0 0.419501 0.519274 0.424036 0.523810 0.471655 0.526077 0.487528 0.514739 0.494331 0.498866 0.471655 0.478458 0.442177 0.478458 0.430839 0.501134 0.421769 0.507937