0 0.405896 0.337868 0.390023 0.360544 0.387755 0.376417 0.394558 0.392290 0.405896 0.405896 0.428571 0.405896 0.410431 0.369615 0.412698 0.346939
0 0.453515 0.555556 0.437642 0.557823 0.433107 0.564626 0.417234 0.573696 0.408163 0.591837 0.408163 0.603175 0.419501 0.621315 0.435374 0.630385 0.467120 0.628118 0.480726 0.612245 0.471655 0.600907 0.469388 0.569161 0.460317 0.557823
0 0.492063 0.505669 0.498866 0.519274 0.505669 0.523810 0.498866 0.526077 0.532880 0.537415 0.535147 0.541950 0.546485 0.546485 0.557823 0.560091 0.569161 0.585034 0.578231 0.596372 0.585034 0.619048 0.585034 0.639456 0.589569 0.628118 0.630385 0.621315 0.641723 0.609977 0.646259 0.600907 0.646259 0.585034 0.630385 0.553288 0.616780 0.541950 0.594104 0.537415 0.587302 0.526077 0.573696 0.526077 0.551020 0.544218 0.544218 0.544218 0.526077 0.535147 0.505669 0.512472 0.496599 0.507937 0.498866 0.505669
0 0.231293 0.453515 0.224490 0.467120 0.229025 0.494331 0.233560 0.503401 0.260771 0.526077 0.281179 0.535147 0.331066 0.537415 0.344671 0.523810 0.356009 0.496599 0.349206 0.494331 0.337868 0.478458 0.331066 0.437642 0.324263 0.428571 0.294785 0.428571 0.287982 0.424036 0.276644 0.424036 0.242630 0.442177
0 0.600907 0.247166 0.573696 0.249433 0.557823 0.265306 0.544218 0.272109 0.528345 0.290249 0.523810 0.308390 0.512472 0.321995 0.512472 0.328798 0.505669 0.340136 0.505669 0.358277 0.514739 0.376417 0.532880 0.399093 0.526077 0.426304 0.514739 0.437642 0.510204 0.437642 0.517007 0.442177 0.528345 0.442177 0.544218 0.424036 0.553288 0.419501 0.571429 0.419501 0.594104 0.410431 0.607710 0.394558 0.628118 0.351474 0.632653 0.335601 0.632653 0.283447 0.621315 0.263039
0 0.176871 0.292517 0.176871 0.321995 0.190476 0.356009 0.201814 0.369615 0.222222 0.378685 0.242630 0.396825 0.258503 0.403628 0.278912 0.403628 0.308390 0.410431 0.331066 0.396825 0.351474 0.394558 0.378685 0.408163 0.390023 0.421769 0.385488 0.424036 0.399093 0.437642 0.414966 0.437642 0.428571 0.446712 0.439909 0.448980 0.380952 0.383220 0.371882 0.362812 0.378685 0.349206 0.378685 0.328798 0.349206 0.303855 0.337868 0.301587 0.285714 0.276644 0.226757 0.269841 0.204082 0.272109
0 0.521542 0.501134 0.521542 0.505669 0.526077 0.503401 0.537415 0.507937 0.580499 0.510204 0.591837 0.521542 0.589569 0.526077 0.594104 0.535147 0.616780 0.539683 0.623583 0.546485 0.639456 0.546485 0.662132 0.557823 0.673469 0.553288 0.691610 0.553288 0.707483 0.557823 0.732426 0.551020 0.761905 0.551020 0.795918 0.532880 0.809524 0.530612 0.818594 0.519274 0.818594 0.496599 0.807256 0.478458 0.782313 0.460317 0.770975 0.460317 0.752834 0.446712 0.727891 0.446712 0.718821 0.442177 0.673469 0.439909 0.659864 0.444444 0.637188 0.442177 0.623583 0.448980 0.596372 0.476190 0.578231 0.485261 0.541950 0.485261
0 0.408163 0.523810 0.399093 0.535147 0.346939 0.566893 0.324263 0.569161 0.312925 0.560091 0.294785 0.569161 0.278912 0.585034 0.260771 0.585034 0.206349 0.653061 0.199546 0.666667 0.197279 0.687075 0.185941 0.718821 0.188209 0.727891 0.199546 0.739229 0.231293 0.741497 0.249433 0.730159 0.260771 0.727891 0.299320 0.698413 0.315193 0.691610 0.353741 0.646259 0.362812 0.621315 0.362812 0.609977 0.356009 0.598639 0.360544 0.585034 0.401361 0.548753 0.410431 0.548753
0 0.464853 0.195011 0.451247 0.199546 0.433107 0.217687 0.428571 0.226757 0.421769 0.256236 0.417234 0.263039 0.419501 0.297052 0.405896 0.335601 0.414966 0.346939 0.412698 0.369615 0.417234 0.374150 0.419501 0.385488 0.430839 0.408163 0.451247 0.428571 0.455782 0.439909 0.453515 0.453515 0.469388 0.455782 0.469388 0.412698 0.473923 0.403628 0.494331 0.387755 0.505669 0.362812 0.503401 0.340136 0.514739 0.317460 0.514739 0.272109 0.494331 0.213152 0.482993 0.201814
0 0.346939 0.424036 0.333333 0.437642 0.333333 0.451247 0.340136 0.478458 0.349206 0.492063 0.376417 0.507937 0.412698 0.510204 0.428571 0.496599 0.428571 0.487528 0.421769 0.478458 0.419501 0.464853 0.428571 0.451247 0.437642 0.451247 0.435374 0.448980 0.428571 0.448980 0.414966 0.439909 0.399093 0.439909 0.383220 0.424036 0.385488 0.421769
0 0.492063 0.439909 0.469388 0.458050 0.467120 0.455782 0.473923 0.473923 0.473923 0.485261 0.489796 0.501134 0.489796 0.505669 0.498866 0.503401 0.514739 0.510204 0.519274 0.507937 0.519274 0.501134 0.546485 0.480726 0.548753 0.464853 0.532880 0.444444
0 0.430839 0.498866 0.410431 0.521542 0.412698 0.548753 0.433107 0.560091 0.437642 0.555556 0.448980 0.553288 0.469388 0.557823 0.464853 0.539683 0.471655 0.528345 0.467120 0.528345 0.453515 0.514739 0.439909 0.514739
0 0.464853 0.458050 0.442177 0.448980 0.437642 0.453515 0.426304 0.455782 0.421769 0.471655 0.433107 0.498866 0.448980 0.478458 0.458050 0.478458 0.473923 0.487528
0 0.478458 0.492063 0.480726 0.505669 0.473923 0.514739 0.455782 0.512472 0.467120 0.526077 0.485261 0.523810 0.487528 0.501134
0 0.433107 0.501134 0.439909 0.512472 0.473923 0.512472 0.478458 0.505669 0.476190 0.489796 0.458050 0.480726 0.448980 0.480726