0 0.562358 0.260771 0.555556 0.260771 0.544218 0.297052 0.544218 0.312925 0.519274 0.346939 0.519274 0.356009 0.514739 0.358277 0.544218 0.360544 0.546485 0.369615 0.546485 0.365079 0.562358 0.349206 0.580499 0.276644 0.580499 0.267574
0 0.501134 0.587302 0.503401 0.619048 0.512472 0.637188 0.526077 0.646259 0.526077 0.632653 0.514739 0.609977 0.514739 0.603175
0 0.827664 0.417234 0.818594 0.396825 0.793651 0.376417 0.766440 0.369615 0.716553 0.376417 0.705215 0.383220 0.702948 0.380952 0.696145 0.401361 0.664399 0.437642 0.646259 0.451247 0.623583 0.460317 0.621315 0.464853 0.596372 0.473923 0.678005 0.469388 0.712018 0.489796 0.748299 0.496599 0.798186 0.473923 0.820862 0.455782 0.825397 0.446712 0.818594 0.439909 0.827664 0.428571
0 0.238095 0.315193 0.253968 0.324263 0.267574 0.326531 0.285714 0.337868 0.319728 0.349206 0.358277 0.385488 0.367347 0.342404 0.356009 0.324263 0.278912 0.312925
0 0.537415 0.557823 0.551020 0.585034 0.566893 0.600907 0.573696 0.621315 0.594104 0.657596 0.594104 0.675737 0.578231 0.705215 0.578231 0.736961 0.582766 0.748299 0.580499 0.750567 0.591837 0.770975 0.596372 0.793651 0.607710 0.809524 0.657596 0.857143 0.693878 0.875283 0.707483 0.875283 0.727891 0.884354 0.752834 0.886621 0.780045 0.873016 0.791383 0.848073 0.793651 0.816327 0.791383 0.786848 0.784580 0.764172 0.775510 0.748299 0.777778 0.739229 0.770975 0.732426 0.741497 0.734694 0.723356 0.730159 0.687075 0.712018 0.680272 0.702948 0.653061 0.684807 0.623583 0.648526 0.607710 0.637188 0.589569 0.609977 0.589569 0.596372 0.587302 0.598639 0.580499 0.594104 0.580499 0.589569 0.585034 0.587302 0.557823 0.566893 0.560091 0.560091
0 0.718821 0.034014 0.702948 0.031746 0.696145 0.036281 0.682540 0.031746 0.664399 0.040816 0.653061 0.040816 0.605442 0.086168 0.596372 0.111111 0.585034 0.126984 0.566893 0.183673 0.566893 0.215420 0.573696 0.229025 0.575964 0.247166 0.585034 0.265306 0.564626 0.349206 0.551020 0.365079 0.551020 0.371882 0.560091 0.383220 0.560091 0.392290 0.598639 0.337868 0.600907 0.321995 0.639456 0.281179 0.646259 0.278912 0.687075 0.244898 0.705215 0.224490 0.705215 0.217687 0.727891 0.181406 0.732426 0.156463 0.748299 0.120181 0.750567 0.102041 0.743764 0.083900 0.743764 0.063492 0.734694 0.045351
0 0.358277 0.548753 0.328798 0.569161 0.321995 0.566893 0.303855 0.578231 0.283447 0.582766 0.260771 0.598639 0.238095 0.605442 0.222222 0.616780 0.210884 0.630385 0.185941 0.643991 0.160998 0.666667 0.136054 0.707483 0.131519 0.721088 0.120181 0.734694 0.120181 0.743764 0.111111 0.764172 0.111111 0.770975 0.124717 0.791383 0.140590 0.795918 0.188209 0.786848 0.210884 0.777778 0.258503 0.750567 0.272109 0.748299 0.290249 0.739229 0.315193 0.712018 0.333333 0.702948 0.342404 0.693878 0.360544 0.666667 0.360544 0.653061 0.349206 0.653061 0.344671 0.646259 0.344671 0.580499 0.356009 0.562358
0 0.705215 0.553288 0.709751 0.553288 0.723356 0.566893 0.739229 0.573696 0.782313 0.603175 0.804989 0.625850 0.814059 0.641723 0.809524 0.680272 0.798186 0.700680 0.795918 0.712018 0.775510 0.734694 0.784580 0.743764 0.811791 0.757370 0.839002 0.780045 0.863946 0.793651 0.879819 0.798186 0.902494 0.814059 0.911565 0.814059 0.929705 0.789116 0.929705 0.759637 0.934240 0.755102 0.934240 0.748299 0.927438 0.739229 0.927438 0.725624 0.918367 0.705215 0.907029 0.693878 0.904762 0.678005 0.893424 0.659864 0.877551 0.648526 0.861678 0.628118 0.836735 0.609977 0.820862 0.603175 0.804989 0.585034 0.768707 0.569161 0.716553 0.560091 0.712018 0.553288
0 0.492063 0.541950 0.489796 0.555556 0.482993 0.562358 0.473923 0.587302 0.462585 0.598639 0.462585 0.614512 0.446712 0.637188 0.428571 0.650794 0.419501 0.666667 0.417234 0.689342 0.401361 0.721088 0.401361 0.757370 0.394558 0.802721 0.403628 0.868481 0.410431 0.891156 0.419501 0.900227 0.453515 0.916100 0.514739 0.922902 0.523810 0.918367 0.557823 0.916100 0.573696 0.902494 0.582766 0.886621 0.587302 0.866213 0.587302 0.843537 0.582766 0.827664 0.582766 0.818594 0.587302 0.811791 0.587302 0.784580 0.575964 0.757370 0.580499 0.748299 0.575964 0.730159 0.571429 0.727891 0.571429 0.718821 0.562358 0.700680 0.551020 0.693878 0.551020 0.684807 0.539683 0.662132 0.530612 0.657596 0.526077 0.648526 0.510204 0.637188 0.501134 0.619048 0.501134 0.580499
0 0.183673 0.079365 0.183673 0.088435 0.208617 0.138322 0.224490 0.154195 0.229025 0.170068 0.242630 0.188209 0.269841 0.213152 0.278912 0.238095 0.294785 0.253968 0.306122 0.258503 0.324263 0.281179 0.353741 0.287982 0.367347 0.294785 0.390023 0.297052 0.414966 0.333333 0.414966 0.342404 0.426304 0.342404 0.446712 0.358277 0.428571 0.324263 0.424036 0.301587 0.414966 0.292517 0.405896 0.272109 0.403628 0.247166 0.410431 0.235828 0.408163 0.190476 0.401361 0.181406 0.396825 0.158730 0.383220 0.138322 0.380952 0.124717 0.365079 0.104308 0.337868 0.081633 0.319728 0.074830 0.290249 0.074830 0.274376 0.068027 0.249433 0.070295 0.229025 0.065760 0.199546 0.068027
0 0.886621 0.145125 0.863946 0.138322 0.816327 0.140590 0.773243 0.160998 0.725624 0.206349 0.718821 0.219955 0.675737 0.260771 0.666667 0.274376 0.668934 0.285714 0.666667 0.294785 0.657596 0.306122 0.657596 0.319728 0.653061 0.331066 0.616780 0.369615 0.609977 0.371882 0.643991 0.362812 0.684807 0.365079 0.696145 0.358277 0.732426 0.360544 0.743764 0.349206 0.757370 0.344671 0.780045 0.326531 0.807256 0.312925 0.836735 0.290249 0.845805 0.287982 0.863946 0.263039 0.884354 0.242630 0.904762 0.204082 0.897959 0.181406 0.904762 0.165533
0 0.056689 0.356009 0.058957 0.376417 0.079365 0.399093 0.102041 0.417234 0.115646 0.424036 0.133787 0.426304 0.195011 0.446712 0.269841 0.458050 0.294785 0.458050 0.310658 0.451247 0.331066 0.453515 0.344671 0.446712 0.376417 0.446712 0.405896 0.451247 0.412698 0.458050 0.421769 0.444444 0.419501 0.437642 0.403628 0.433107 0.390023 0.417234 0.387755 0.419501 0.362812 0.399093 0.362812 0.392290 0.356009 0.383220 0.346939 0.378685 0.326531 0.356009 0.292517 0.340136 0.285714 0.340136 0.267574 0.328798 0.253968 0.326531 0.235828 0.315193 0.215420 0.317460 0.185941 0.312925 0.106576 0.312925 0.074830 0.326531 0.065760 0.335601
0 0.587302 0.498866 0.596372 0.510204 0.596372 0.535147 0.589569 0.553288 0.578231 0.562358 0.575964 0.575964 0.591837 0.587302 0.591837 0.609977 0.609977 0.637188 0.625850 0.648526 0.653061 0.682540 0.680272 0.700680 0.696145 0.716553 0.741497 0.732426 0.777778 0.732426 0.793651 0.712018 0.809524 0.671202 0.811791 0.641723 0.802721 0.625850 0.782313 0.605442 0.739229 0.575964 0.723356 0.569161 0.709751 0.555556 0.659864 0.530612 0.650794 0.521542 0.614512 0.512472 0.598639 0.503401 0.594104 0.505669
0 0.510204 0.113379 0.498866 0.113379 0.476190 0.124717 0.455782 0.160998 0.444444 0.190476 0.439909 0.224490 0.442177 0.247166 0.437642 0.253968 0.437642 0.263039 0.448980 0.285714 0.448980 0.297052 0.460317 0.312925 0.464853 0.335601 0.469388 0.342404 0.469388 0.358277 0.482993 0.378685 0.478458 0.401361 0.487528 0.378685 0.496599 0.369615 0.503401 0.369615 0.517007 0.360544 0.512472 0.358277 0.517007 0.356009 0.517007 0.346939 0.541950 0.312925 0.541950 0.297052 0.553288 0.263039 0.551020 0.256236 0.560091 0.213152 0.557823 0.181406 0.539683 0.151927 0.539683 0.140590 0.528345 0.122449
0 0.485261 0.492063 0.478458 0.494331 0.473923 0.501134 0.451247 0.501134 0.435374 0.492063 0.433107 0.496599 0.401361 0.510204 0.365079 0.541950 0.358277 0.551020 0.358277 0.562358 0.346939 0.580499 0.349206 0.650794 0.360544 0.650794 0.367347 0.657596 0.394558 0.657596 0.408163 0.653061 0.451247 0.625850 0.460317 0.614512 0.460317 0.598639 0.471655 0.587302 0.492063 0.539683 0.494331 0.546485 0.496599 0.528345 0.487528 0.521542
0 0.700680 0.383220 0.689342 0.374150 0.687075 0.367347 0.643991 0.365079 0.628118 0.367347 0.625850 0.371882 0.614512 0.371882 0.600907 0.383220 0.594104 0.383220 0.573696 0.394558 0.551020 0.412698 0.551020 0.444444 0.564626 0.458050 0.564626 0.462585 0.555556 0.469388 0.551020 0.480726 0.569161 0.485261 0.594104 0.476190 0.603175 0.476190 0.594104 0.473923 0.646259 0.448980 0.664399 0.435374 0.693878 0.401361
0 0.367347 0.344671 0.367347 0.371882 0.374150 0.383220 0.374150 0.392290 0.403628 0.430839 0.419501 0.435374 0.424036 0.442177 0.435374 0.433107 0.471655 0.435374 0.471655 0.426304 0.480726 0.414966 0.480726 0.399093 0.476190 0.403628 0.469388 0.396825 0.444444 0.358277 0.426304 0.344671 0.383220 0.337868
0 0.487528 0.494331 0.489796 0.521542 0.530612 0.551020 0.535147 0.557823 0.546485 0.555556 0.571429 0.562358 0.587302 0.553288 0.594104 0.535147 0.594104 0.510204 0.566893 0.485261 0.564626 0.487528 0.551020 0.482993 0.548753 0.487528 0.528345 0.487528 0.517007 0.482993 0.512472 0.489796 0.503401 0.494331
0 0.496599 0.371882 0.485261 0.385488 0.482993 0.414966 0.476190 0.421769 0.485261 0.414966 0.498866 0.414966 0.514739 0.435374 0.519274 0.435374 0.519274 0.428571 0.530612 0.421769 0.539683 0.424036 0.548753 0.433107 0.548753 0.412698 0.560091 0.403628 0.557823 0.383220 0.548753 0.371882 0.548753 0.365079 0.546485 0.371882 0.544218 0.362812 0.517007 0.362812 0.503401 0.371882
0 0.426304 0.439909 0.414966 0.460317 0.435374 0.489796 0.451247 0.498866 0.473923 0.498866 0.478458 0.492063 0.485261 0.489796 0.485261 0.482993 0.471655 0.471655 0.471655 0.464853 0.482993 0.458050 0.473923 0.448980 0.471655 0.437642 0.435374 0.435374
0 0.530612 0.424036 0.519274 0.433107 0.530612 0.453515 0.530612 0.467120 0.519274 0.478458 0.519274 0.482993 0.521542 0.480726 0.528345 0.485261 0.548753 0.485261 0.548753 0.476190 0.562358 0.462585 0.562358 0.458050 0.551020 0.448980 0.548753 0.435374 0.539683 0.426304
0 0.485261 0.417234 0.473923 0.426304 0.476190 0.448980 0.485261 0.455782 0.480726 0.462585 0.473923 0.464853 0.473923 0.471655 0.487528 0.482993 0.487528 0.492063 0.503401 0.492063 0.512472 0.487528 0.517007 0.478458 0.526077 0.471655 0.528345 0.453515 0.521542 0.437642 0.514739 0.437642 0.498866 0.417234