0 0.362812 0.426304 0.362812 0.442177 0.367347 0.451247 0.387755 0.473923 0.396825 0.478458 0.412698 0.478458 0.426304 0.469388 0.435374 0.469388 0.453515 0.487528 0.451247 0.489796 0.462585 0.494331 0.464853 0.485261 0.467120 0.494331 0.467120 0.480726 0.460317 0.485261 0.444444 0.462585 0.451247 0.448980 0.451247 0.437642 0.446712 0.428571 0.439909 0.424036 0.412698 0.421769 0.401361 0.412698 0.396825 0.403628 0.374150 0.412698
0 0.566893 0.609977 0.589569 0.637188 0.605442 0.646259 0.630385 0.668934 0.634921 0.648526 0.632653 0.630385 0.609977 0.600907 0.603175 0.596372 0.594104 0.596372
0 0.419501 0.641723 0.399093 0.655329 0.394558 0.664399 0.394558 0.678005 0.385488 0.691610 0.392290 0.725624 0.399093 0.739229 0.410431 0.752834 0.433107 0.757370 0.442177 0.755102 0.433107 0.727891 0.414966 0.705215 0.417234 0.675737 0.430839 0.643991
0 0.535147 0.306122 0.507937 0.335601 0.496599 0.371882 0.498866 0.394558 0.526077 0.417234 0.523810 0.453515 0.517007 0.467120 0.526077 0.476190 0.532880 0.464853 0.528345 0.462585 0.528345 0.458050 0.532880 0.453515 0.535147 0.437642 0.546485 0.421769 0.548753 0.424036 0.548753 0.417234 0.562358 0.390023 0.562358 0.367347 0.555556 0.353741 0.539683 0.337868
0 0.752834 0.401361 0.739229 0.394558 0.730159 0.394558 0.693878 0.403628 0.671202 0.414966 0.657596 0.428571 0.650794 0.451247 0.646259 0.451247 0.643991 0.476190 0.632653 0.503401 0.632653 0.512472 0.637188 0.507937 0.659864 0.510204 0.691610 0.526077 0.705215 0.537415 0.732426 0.537415 0.768707 0.521542 0.777778 0.512472 0.784580 0.496599 0.784580 0.464853 0.780045 0.462585 0.773243 0.437642
0 0.142857 0.519274 0.145125 0.530612 0.154195 0.541950 0.167800 0.551020 0.179138 0.553288 0.190476 0.562358 0.222222 0.571429 0.249433 0.569161 0.265306 0.578231 0.281179 0.578231 0.315193 0.560091 0.321995 0.560091 0.331066 0.551020 0.340136 0.532880 0.369615 0.503401 0.392290 0.487528 0.376417 0.494331 0.362812 0.492063 0.353741 0.487528 0.315193 0.448980 0.278912 0.433107 0.242630 0.433107 0.233560 0.437642 0.210884 0.437642 0.192744 0.448980 0.179138 0.451247 0.160998 0.469388 0.145125 0.505669
0 0.537415 0.605442 0.564626 0.643991 0.585034 0.664399 0.585034 0.700680 0.575964 0.723356 0.575964 0.741497 0.591837 0.764172 0.598639 0.789116 0.609977 0.807256 0.632653 0.823129 0.664399 0.854875 0.691610 0.868481 0.743764 0.882086 0.752834 0.882086 0.770975 0.873016 0.777778 0.866213 0.789116 0.834467 0.789116 0.809524 0.780045 0.775510 0.752834 0.727891 0.725624 0.700680 0.709751 0.693878 0.693878 0.680272 0.659864 0.668934 0.630385 0.671202 0.605442 0.648526 0.589569 0.639456 0.562358 0.607710
0 0.655329 0.129252 0.628118 0.129252 0.609977 0.136054 0.600907 0.149660 0.582766 0.163265 0.544218 0.229025 0.539683 0.267574 0.532880 0.278912 0.532880 0.294785 0.539683 0.310658 0.541950 0.337868 0.557823 0.353741 0.564626 0.367347 0.564626 0.390023 0.551020 0.417234 0.551020 0.426304 0.546485 0.430839 0.539683 0.453515 0.530612 0.460317 0.566893 0.433107 0.578231 0.430839 0.582766 0.414966 0.614512 0.376417 0.623583 0.378685 0.650794 0.365079 0.659864 0.353741 0.668934 0.324263 0.675737 0.315193 0.682540 0.285714 0.693878 0.263039 0.698413 0.235828 0.696145 0.179138 0.680272 0.149660
0 0.460317 0.573696 0.458050 0.575964 0.455782 0.571429 0.453515 0.575964 0.437642 0.575964 0.424036 0.571429 0.424036 0.575964 0.362812 0.609977 0.342404 0.609977 0.331066 0.605442 0.310658 0.605442 0.303855 0.609977 0.285714 0.607710 0.269841 0.619048 0.219955 0.641723 0.190476 0.666667 0.167800 0.675737 0.147392 0.700680 0.133787 0.730159 0.133787 0.743764 0.138322 0.755102 0.149660 0.766440 0.167800 0.773243 0.242630 0.777778 0.251701 0.770975 0.260771 0.770975 0.303855 0.757370 0.337868 0.727891 0.351474 0.721088 0.360544 0.702948 0.392290 0.678005 0.390023 0.637188 0.412698 0.612245 0.430839 0.600907 0.437642 0.591837 0.448980 0.585034 0.455782 0.585034 0.455782 0.578231
0 0.582766 0.553288 0.589569 0.582766 0.621315 0.600907 0.637188 0.625850 0.639456 0.639456 0.666667 0.666667 0.664399 0.668934 0.689342 0.675737 0.709751 0.691610 0.716553 0.693878 0.718821 0.689342 0.734694 0.700680 0.750567 0.700680 0.780045 0.716553 0.852608 0.716553 0.866213 0.709751 0.870748 0.702948 0.873016 0.680272 0.861678 0.655329 0.829932 0.623583 0.820862 0.623583 0.768707 0.594104 0.757370 0.596372 0.718821 0.582766 0.705215 0.571429 0.668934 0.569161 0.650794 0.575964 0.600907 0.571429 0.591837 0.562358 0.587302 0.562358
0 0.344671 0.197279 0.326531 0.210884 0.319728 0.226757 0.321995 0.276644 0.328798 0.297052 0.351474 0.344671 0.365079 0.362812 0.371882 0.383220 0.392290 0.401361 0.396825 0.401361 0.408163 0.417234 0.439909 0.421769 0.446712 0.426304 0.453515 0.437642 0.453515 0.446712 0.458050 0.448980 0.467120 0.467120 0.467120 0.478458 0.482993 0.446712 0.480726 0.448980 0.473923 0.442177 0.471655 0.403628 0.478458 0.392290 0.473923 0.342404 0.462585 0.324263 0.458050 0.303855 0.424036 0.242630 0.392290 0.210884 0.358277 0.197279
0 0.498866 0.582766 0.489796 0.582766 0.480726 0.589569 0.473923 0.589569 0.462585 0.600907 0.462585 0.614512 0.439909 0.630385 0.439909 0.639456 0.435374 0.639456 0.428571 0.650794 0.417234 0.689342 0.417234 0.705215 0.430839 0.718821 0.444444 0.757370 0.467120 0.775510 0.489796 0.775510 0.505669 0.764172 0.517007 0.741497 0.519274 0.718821 0.523810 0.709751 0.521542 0.659864 0.528345 0.646259 0.528345 0.637188 0.519274 0.625850 0.519274 0.600907
0 0.643991 0.446712 0.625850 0.426304 0.605442 0.424036 0.598639 0.428571 0.585034 0.424036 0.578231 0.433107 0.566893 0.435374 0.532880 0.462585 0.535147 0.464853 0.528345 0.476190 0.521542 0.478458 0.519274 0.501134 0.510204 0.514739 0.514739 0.517007 0.521542 0.512472 0.537415 0.512472 0.548753 0.521542 0.555556 0.532880 0.571429 0.539683 0.598639 0.523810 0.612245 0.521542 0.630385 0.510204 0.641723 0.476190
0 0.362812 0.514739 0.362812 0.523810 0.396825 0.562358 0.414966 0.566893 0.419501 0.571429 0.430839 0.569161 0.437642 0.573696 0.453515 0.573696 0.455782 0.569161 0.462585 0.569161 0.471655 0.562358 0.471655 0.557823 0.478458 0.551020 0.478458 0.519274 0.469388 0.507937 0.464853 0.487528 0.462585 0.496599 0.430839 0.482993 0.399093 0.482993 0.369615 0.505669
0 0.551020 0.528345 0.544218 0.551020 0.526077 0.566893 0.507937 0.573696 0.503401 0.582766 0.523810 0.605442 0.544218 0.603175 0.562358 0.605442 0.564626 0.609977 0.585034 0.598639 0.587302 0.578231 0.578231 0.546485 0.555556 0.535147
0 0.494331 0.446712 0.485261 0.446712 0.469388 0.478458 0.471655 0.507937 0.480726 0.519274 0.480726 0.530612 0.489796 0.517007 0.507937 0.517007 0.519274 0.492063 0.519274 0.471655
0 0.537415 0.514739 0.521542 0.514739 0.514739 0.519274 0.510204 0.517007 0.526077 0.544218 0.523810 0.564626 0.532880 0.560091 0.546485 0.541950 0.548753 0.526077
0 0.489796 0.519274 0.480726 0.532880 0.480726 0.551020 0.476190 0.557823 0.480726 0.564626 0.503401 0.575964 0.521542 0.564626 0.523810 0.544218 0.507937 0.519274