0 0.419501 0.324263 0.405896 0.331066 0.392290 0.349206 0.392290 0.362812 0.385488 0.378685 0.401361 0.401361 0.408163 0.405896 0.430839 0.405896 0.437642 0.412698 0.435374 0.421769 0.442177 0.421769 0.453515 0.428571 0.451247 0.414966 0.446712 0.412698 0.451247 0.385488 0.428571 0.349206 0.424036 0.346939
0 0.460317 0.562358 0.444444 0.578231 0.433107 0.573696 0.414966 0.573696 0.417234 0.578231 0.410431 0.582766 0.405896 0.607710 0.410431 0.621315 0.421769 0.632653 0.462585 0.634921 0.471655 0.628118 0.480726 0.612245 0.478458 0.578231
0 0.496599 0.505669 0.498866 0.519274 0.503401 0.519274 0.512472 0.532880 0.541950 0.555556 0.539683 0.560091 0.548753 0.562358 0.571429 0.580499 0.607710 0.628118 0.625850 0.625850 0.648526 0.609977 0.655329 0.594104 0.653061 0.582766 0.616780 0.535147 0.594104 0.521542 0.585034 0.521542 0.562358 0.539683 0.544218 0.541950 0.517007 0.526077 0.503401 0.512472 0.501134 0.503401
0 0.222222 0.444444 0.215420 0.455782 0.215420 0.480726 0.226757 0.503401 0.244898 0.519274 0.269841 0.530612 0.315193 0.535147 0.328798 0.530612 0.344671 0.514739 0.328798 0.498866 0.319728 0.498866 0.294785 0.487528 0.269841 0.464853 0.265306 0.444444 0.276644 0.426304 0.287982 0.417234 0.285714 0.414966 0.272109 0.414966 0.249433 0.428571 0.233560 0.433107
0 0.630385 0.233560 0.621315 0.229025 0.603175 0.229025 0.587302 0.233560 0.553288 0.258503 0.539683 0.274376 0.535147 0.297052 0.521542 0.315193 0.521542 0.351474 0.526077 0.362812 0.541950 0.380952 0.539683 0.399093 0.526077 0.421769 0.551020 0.419501 0.548753 0.414966 0.566893 0.403628 0.585034 0.405896 0.598639 0.401361 0.612245 0.392290 0.623583 0.378685 0.648526 0.324263 0.653061 0.283447 0.648526 0.258503 0.641723 0.244898
0 0.174603 0.208617 0.167800 0.224490 0.174603 0.283447 0.181406 0.301587 0.201814 0.326531 0.215420 0.335601 0.235828 0.358277 0.272109 0.374150 0.299320 0.378685 0.326531 0.371882 0.351474 0.378685 0.414966 0.439909 0.421769 0.430839 0.417234 0.419501 0.390023 0.392290 0.385488 0.380952 0.374150 0.371882 0.374150 0.365079 0.369615 0.362812 0.365079 0.344671 0.365079 0.333333 0.371882 0.319728 0.369615 0.301587 0.340136 0.249433 0.321995 0.231293 0.310658 0.226757 0.297052 0.213152 0.269841 0.197279 0.226757 0.185941 0.204082 0.188209
0 0.868481 0.492063 0.854875 0.469388 0.811791 0.446712 0.766440 0.435374 0.718821 0.433107 0.709751 0.437642 0.680272 0.435374 0.650794 0.451247 0.616780 0.480726 0.585034 0.485261 0.571429 0.482993 0.557823 0.496599 0.521542 0.501134 0.521542 0.505669 0.557823 0.503401 0.607710 0.507937 0.616780 0.512472 0.637188 0.535147 0.646259 0.539683 0.666667 0.541950 0.707483 0.557823 0.732426 0.551020 0.761905 0.553288 0.770975 0.548753 0.802721 0.548753 0.818594 0.541950 0.832200 0.541950 0.845805 0.535147 0.863946 0.519274
0 0.387755 0.535147 0.369615 0.555556 0.351474 0.562358 0.333333 0.575964 0.321995 0.580499 0.297052 0.582766 0.269841 0.578231 0.247166 0.594104 0.219955 0.605442 0.190476 0.634921 0.179138 0.657596 0.163265 0.671202 0.154195 0.687075 0.136054 0.739229 0.138322 0.759637 0.156463 0.768707 0.176871 0.768707 0.192744 0.759637 0.215420 0.752834 0.253968 0.725624 0.283447 0.709751 0.319728 0.673469 0.335601 0.637188 0.328798 0.621315 0.331066 0.605442 0.376417 0.564626 0.392290 0.555556 0.392290 0.544218
0 0.496599 0.133787 0.471655 0.136054 0.448980 0.158730 0.433107 0.204082 0.430839 0.240363 0.417234 0.272109 0.421769 0.306122 0.419501 0.321995 0.424036 0.331066 0.424036 0.342404 0.453515 0.385488 0.458050 0.428571 0.453515 0.433107 0.462585 0.433107 0.476190 0.451247 0.473923 0.414966 0.480726 0.374150 0.487528 0.365079 0.505669 0.356009 0.510204 0.342404 0.517007 0.335601 0.521542 0.335601 0.519274 0.315193 0.528345 0.306122 0.537415 0.281179 0.535147 0.204082 0.526077 0.185941 0.526077 0.172336 0.517007 0.149660
0 0.267574 0.444444 0.269841 0.460317 0.294785 0.485261 0.319728 0.496599 0.328798 0.496599 0.346939 0.512472 0.380952 0.510204 0.408163 0.492063 0.417234 0.494331 0.428571 0.478458 0.428571 0.473923 0.414966 0.462585 0.414966 0.446712 0.410431 0.446712 0.394558 0.430839 0.378685 0.428571 0.367347 0.414966 0.351474 0.410431 0.317460 0.408163 0.306122 0.414966 0.290249 0.417234 0.278912 0.426304
0 0.471655 0.453515 0.476190 0.487528 0.485261 0.489796 0.498866 0.503401 0.501134 0.501134 0.507937 0.505669 0.519274 0.503401 0.521542 0.498866 0.562358 0.492063 0.573696 0.480726 0.582766 0.462585 0.585034 0.444444 0.569161 0.424036 0.526077 0.424036 0.523810 0.419501 0.512472 0.419501 0.494331 0.430839 0.480726 0.448980
0 0.405896 0.514739 0.390023 0.532880 0.390023 0.539683 0.394558 0.544218 0.392290 0.560091 0.410431 0.571429 0.433107 0.571429 0.444444 0.575964 0.458050 0.560091 0.462585 0.562358 0.471655 0.553288 0.467120 0.551020 0.464853 0.535147 0.439909 0.535147 0.430839 0.526077 0.424036 0.507937
0 0.417234 0.437642 0.417234 0.462585 0.430839 0.473923 0.428571 0.482993 0.442177 0.473923 0.471655 0.473923 0.469388 0.453515 0.473923 0.448980 0.462585 0.435374 0.453515 0.435374 0.451247 0.428571 0.433107 0.424036
0 0.492063 0.496599 0.482993 0.492063 0.482993 0.507937 0.473923 0.517007 0.460317 0.521542 0.458050 0.532880 0.469388 0.532880 0.476190 0.537415 0.496599 0.532880 0.498866 0.521542 0.494331 0.510204 0.496599 0.503401
0 0.471655 0.476190 0.435374 0.478458 0.417234 0.496599 0.421769 0.505669 0.428571 0.510204 0.433107 0.526077 0.439909 0.532880 0.455782 0.532880 0.455782 0.523810 0.480726 0.507937 0.480726 0.489796 0.473923 0.487528