0 0.444444 0.333333 0.424036 0.356009 0.417234 0.378685 0.419501 0.390023 0.428571 0.399093 0.433107 0.410431 0.435374 0.403628 0.442177 0.399093 0.442177 0.387755 0.446712 0.378685 0.448980 0.342404
0 0.462585 0.551020 0.446712 0.557823 0.446712 0.562358 0.451247 0.564626 0.448980 0.585034 0.437642 0.596372 0.421769 0.603175 0.412698 0.614512 0.412698 0.625850 0.419501 0.643991 0.433107 0.657596 0.448980 0.662132 0.460317 0.662132 0.469388 0.655329 0.476190 0.655329 0.467120 0.630385 0.464853 0.564626 0.458050 0.564626
0 0.680272 0.385488 0.666667 0.367347 0.646259 0.358277 0.621315 0.362812 0.605442 0.360544 0.591837 0.367347 0.571429 0.385488 0.564626 0.399093 0.566893 0.430839 0.537415 0.462585 0.517007 0.473923 0.512472 0.473923 0.510204 0.469388 0.510204 0.476190 0.528345 0.482993 0.528345 0.476190 0.564626 0.453515 0.582766 0.453515 0.605442 0.471655 0.630385 0.471655 0.646259 0.467120 0.659864 0.458050 0.675737 0.433107 0.684807 0.408163
0 0.256236 0.444444 0.242630 0.458050 0.226757 0.492063 0.229025 0.510204 0.249433 0.530612 0.278912 0.551020 0.306122 0.555556 0.331066 0.551020 0.358277 0.514739 0.351474 0.487528 0.346939 0.485261 0.344671 0.451247 0.340136 0.453515 0.319728 0.442177 0.301587 0.437642 0.272109 0.437642
0 0.564626 0.623583 0.544218 0.666667 0.526077 0.682540 0.535147 0.707483 0.580499 0.755102 0.603175 0.766440 0.621315 0.770975 0.650794 0.770975 0.664399 0.759637 0.668934 0.750567 0.668934 0.725624 0.653061 0.680272 0.612245 0.637188 0.582766 0.623583
0 0.299320 0.253968 0.283447 0.272109 0.285714 0.315193 0.294785 0.335601 0.319728 0.365079 0.331066 0.367347 0.362812 0.385488 0.378685 0.387755 0.392290 0.396825 0.417234 0.426304 0.428571 0.453515 0.437642 0.464853 0.437642 0.478458 0.446712 0.480726 0.451247 0.471655 0.446712 0.469388 0.451247 0.467120 0.451247 0.462585 0.444444 0.458050 0.442177 0.444444 0.424036 0.417234 0.414966 0.392290 0.414966 0.383220 0.408163 0.376417 0.410431 0.328798 0.394558 0.306122 0.380952 0.297052 0.369615 0.272109 0.342404 0.251701 0.308390 0.249433
0 0.428571 0.528345 0.424036 0.528345 0.426304 0.535147 0.410431 0.548753 0.365079 0.578231 0.326531 0.575964 0.310658 0.587302 0.301587 0.589569 0.274376 0.612245 0.247166 0.646259 0.229025 0.702948 0.229025 0.718821 0.238095 0.732426 0.253968 0.739229 0.285714 0.736961 0.335601 0.709751 0.369615 0.680272 0.369615 0.673469 0.385488 0.646259 0.385488 0.596372 0.390023 0.587302 0.428571 0.551020 0.428571 0.532880 0.424036 0.530612
0 0.530612 0.519274 0.530612 0.523810 0.537415 0.519274 0.555556 0.519274 0.575964 0.526077 0.598639 0.560091 0.609977 0.566893 0.623583 0.566893 0.641723 0.575964 0.684807 0.575964 0.700680 0.566893 0.718821 0.566893 0.725624 0.562358 0.730159 0.553288 0.727891 0.526077 0.714286 0.507937 0.687075 0.487528 0.653061 0.476190 0.612245 0.476190 0.573696 0.501134 0.544218 0.501134 0.541950 0.510204
0 0.503401 0.287982 0.478458 0.287982 0.458050 0.308390 0.446712 0.331066 0.451247 0.342404 0.451247 0.358277 0.444444 0.399093 0.435374 0.408163 0.437642 0.421769 0.448980 0.435374 0.460317 0.439909 0.467120 0.448980 0.471655 0.464853 0.467120 0.473923 0.478458 0.478458 0.485261 0.478458 0.489796 0.473923 0.482993 0.473923 0.480726 0.462585 0.492063 0.446712 0.503401 0.442177 0.512472 0.433107 0.528345 0.394558 0.526077 0.333333 0.519274 0.317460 0.519274 0.308390
0 0.478458 0.541950 0.464853 0.551020 0.471655 0.553288 0.467120 0.562358 0.471655 0.639456 0.478458 0.655329 0.485261 0.662132 0.523810 0.684807 0.541950 0.666667 0.562358 0.628118 0.560091 0.600907 0.546485 0.571429 0.526077 0.553288 0.514739 0.546485 0.489796 0.548753
0 0.346939 0.451247 0.349206 0.485261 0.353741 0.487528 0.358277 0.510204 0.365079 0.519274 0.387755 0.523810 0.399093 0.530612 0.421769 0.530612 0.424036 0.526077 0.430839 0.528345 0.426304 0.530612 0.430839 0.530612 0.442177 0.521542 0.439909 0.517007 0.437642 0.521542 0.435374 0.519274 0.435374 0.505669 0.439909 0.503401 0.439909 0.489796 0.444444 0.482993 0.439909 0.482993 0.428571 0.471655 0.421769 0.458050 0.410431 0.453515 0.396825 0.455782 0.378685 0.442177
0 0.501134 0.469388 0.487528 0.478458 0.487528 0.487528 0.476190 0.501134 0.476190 0.510204 0.487528 0.521542 0.487528 0.530612 0.492063 0.528345 0.498866 0.532880 0.512472 0.532880 0.528345 0.523810 0.528345 0.519274 0.539683 0.510204 0.541950 0.498866 0.535147 0.487528 0.521542 0.480726 0.512472 0.480726 0.507937 0.471655
0 0.446712 0.514739 0.442177 0.519274 0.444444 0.521542 0.430839 0.532880 0.430839 0.557823 0.444444 0.562358 0.444444 0.557823 0.453515 0.551020 0.464853 0.548753 0.478458 0.539683 0.480726 0.541950 0.476190 0.537415 0.464853 0.539683
0 0.485261 0.480726 0.460317 0.473923 0.451247 0.476190 0.442177 0.489796 0.442177 0.505669 0.448980 0.517007 0.455782 0.510204 0.471655 0.505669 0.482993 0.492063
0 0.473923 0.505669 0.451247 0.517007 0.464853 0.537415 0.480726 0.537415 0.485261 0.532880 0.485261 0.521542 0.473923 0.510204