0 0.358277 0.383220 0.358277 0.410431 0.369615 0.433107 0.387755 0.444444 0.408163 0.444444 0.412698 0.439909 0.421769 0.439909 0.444444 0.458050 0.448980 0.455782 0.426304 0.426304 0.433107 0.412698 0.433107 0.392290 0.410431 0.369615 0.387755 0.365079 0.374150 0.369615
0 0.532880 0.519274 0.532880 0.523810 0.569161 0.544218 0.571429 0.560091 0.582766 0.562358 0.605442 0.575964 0.621315 0.591837 0.648526 0.560091 0.648526 0.551020 0.639456 0.530612 0.621315 0.514739 0.605442 0.512472 0.594104 0.517007 0.573696 0.532880 0.551020 0.528345 0.544218 0.521542 0.546485 0.517007
0 0.517007 0.319728 0.505669 0.324263 0.480726 0.324263 0.467120 0.331066 0.451247 0.333333 0.442177 0.337868 0.428571 0.356009 0.433107 0.387755 0.448980 0.396825 0.469388 0.399093 0.480726 0.412698 0.485261 0.424036 0.485261 0.439909 0.492063 0.455782 0.496599 0.439909 0.485261 0.405896 0.485261 0.394558 0.501134 0.376417 0.512472 0.369615 0.517007 0.356009
0 0.498866 0.526077 0.489796 0.526077 0.473923 0.564626 0.464853 0.573696 0.448980 0.575964 0.442177 0.571429 0.426304 0.571429 0.405896 0.582766 0.392290 0.598639 0.378685 0.625850 0.376417 0.646259 0.378685 0.668934 0.392290 0.687075 0.405896 0.691610 0.433107 0.689342 0.460317 0.675737 0.480726 0.650794 0.492063 0.630385 0.492063 0.612245 0.476190 0.580499 0.485261 0.564626 0.487528 0.544218
0 0.743764 0.362812 0.721088 0.344671 0.696145 0.344671 0.659864 0.358277 0.625850 0.380952 0.600907 0.405896 0.598639 0.439909 0.591837 0.451247 0.562358 0.471655 0.541950 0.476190 0.537415 0.480726 0.544218 0.480726 0.553288 0.492063 0.553288 0.485261 0.562358 0.476190 0.582766 0.471655 0.609977 0.458050 0.625850 0.458050 0.641723 0.464853 0.666667 0.467120 0.698413 0.451247 0.723356 0.428571 0.741497 0.399093
0 0.231293 0.444444 0.233560 0.464853 0.253968 0.505669 0.263039 0.510204 0.301587 0.512472 0.319728 0.519274 0.340136 0.517007 0.365079 0.507937 0.394558 0.480726 0.444444 0.476190 0.435374 0.469388 0.419501 0.467120 0.408163 0.458050 0.394558 0.453515 0.390023 0.446712 0.380952 0.444444 0.371882 0.435374 0.365079 0.437642 0.340136 0.433107 0.310658 0.424036 0.265306 0.424036 0.240363 0.433107
0 0.507937 0.521542 0.521542 0.535147 0.539683 0.569161 0.530612 0.609977 0.551020 0.657596 0.585034 0.693878 0.621315 0.712018 0.643991 0.709751 0.657596 0.693878 0.655329 0.648526 0.646259 0.628118 0.634921 0.614512 0.630385 0.600907 0.605442 0.578231 0.582766 0.564626 0.571429 0.562358 0.564626 0.555556 0.553288 0.553288 0.528345 0.523810 0.530612 0.519274
0 0.555556 0.306122 0.535147 0.306122 0.517007 0.317460 0.519274 0.356009 0.514739 0.369615 0.494331 0.385488 0.494331 0.399093 0.501134 0.408163 0.498866 0.426304 0.510204 0.437642 0.519274 0.439909 0.519274 0.448980 0.512472 0.460317 0.505669 0.462585 0.510204 0.467120 0.512472 0.480726 0.521542 0.480726 0.519274 0.473923 0.523810 0.471655 0.528345 0.458050 0.553288 0.437642 0.557823 0.426304 0.571429 0.410431 0.578231 0.390023 0.582766 0.349206 0.569161 0.317460
0 0.489796 0.517007 0.485261 0.505669 0.469388 0.496599 0.451247 0.476190 0.442177 0.480726 0.412698 0.482993 0.403628 0.492063 0.392290 0.496599 0.380952 0.512472 0.383220 0.523810 0.399093 0.539683 0.428571 0.548753 0.462585 0.544218 0.487528 0.526077
0 0.444444 0.460317 0.444444 0.467120 0.458050 0.478458 0.464853 0.489796 0.485261 0.503401 0.489796 0.482993 0.510204 0.482993 0.507937 0.467120 0.492063 0.458050 0.487528 0.448980 0.455782 0.446712 0.451247 0.455782
0 0.505669 0.485261 0.510204 0.517007 0.544218 0.517007 0.551020 0.510204 0.551020 0.489796 0.544218 0.482993 0.523810 0.480726 0.512472 0.482993 0.507937 0.487528
0 0.489796 0.485261 0.487528 0.510204 0.492063 0.523810 0.501134 0.523810 0.510204 0.519274 0.503401 0.485261