0 0.439909 0.346939 0.428571 0.349206 0.412698 0.365079 0.410431 0.390023 0.414966 0.401361 0.424036 0.408163 0.424036 0.412698 0.424036 0.408163 0.437642 0.399093 0.437642 0.394558 0.451247 0.378685 0.448980 0.358277
0 0.451247 0.659864 0.444444 0.666667 0.428571 0.668934 0.412698 0.682540 0.408163 0.723356 0.417234 0.736961 0.419501 0.748299 0.419501 0.730159 0.428571 0.721088 0.439909 0.718821 0.451247 0.689342
0 0.736961 0.603175 0.739229 0.623583 0.734694 0.639456 0.721088 0.657596 0.709751 0.664399 0.702948 0.664399 0.702948 0.673469 0.714286 0.682540 0.743764 0.682540 0.752834 0.696145 0.752834 0.702948 0.757370 0.705215 0.777778 0.705215 0.775510 0.700680 0.789116 0.678005 0.784580 0.655329 0.759637 0.621315
0 0.380952 0.646259 0.340136 0.648526 0.340136 0.659864 0.324263 0.668934 0.297052 0.659864 0.276644 0.659864 0.235828 0.680272 0.219955 0.693878 0.192744 0.736961 0.183673 0.777778 0.185941 0.816327 0.197279 0.841270 0.215420 0.857143 0.242630 0.854875 0.267574 0.836735 0.274376 0.841270 0.274376 0.807256 0.297052 0.786848 0.303855 0.786848 0.315193 0.777778 0.333333 0.773243 0.356009 0.750567 0.362812 0.727891 0.369615 0.723356 0.365079 0.718821 0.365079 0.707483 0.356009 0.691610 0.353741 0.675737 0.369615 0.648526
0 0.469388 0.086168 0.455782 0.092971 0.435374 0.113379 0.410431 0.151927 0.401361 0.174603 0.396825 0.213152 0.390023 0.224490 0.392290 0.265306 0.399093 0.276644 0.399093 0.310658 0.417234 0.333333 0.428571 0.337868 0.428571 0.342404 0.439909 0.344671 0.448980 0.353741 0.453515 0.378685 0.469388 0.365079 0.471655 0.358277 0.482993 0.358277 0.485261 0.353741 0.494331 0.362812 0.494331 0.346939 0.480726 0.326531 0.480726 0.199546 0.476190 0.195011 0.476190 0.183673 0.471655 0.176871 0.471655 0.147392 0.467120 0.129252
0 0.600907 0.773243 0.594104 0.789116 0.594104 0.798186 0.603175 0.825397 0.609977 0.834467 0.612245 0.848073 0.664399 0.891156 0.675737 0.897959 0.684807 0.897959 0.671202 0.873016 0.657596 0.873016 0.648526 0.863946 0.628118 0.814059 0.621315 0.807256 0.614512 0.789116 0.605442 0.782313
0 0.065760 0.188209 0.063492 0.256236 0.072562 0.267574 0.077098 0.292517 0.092971 0.317460 0.095238 0.333333 0.104308 0.351474 0.120181 0.369615 0.126984 0.387755 0.151927 0.412698 0.192744 0.439909 0.240363 0.439909 0.274376 0.448980 0.269841 0.437642 0.269841 0.410431 0.283447 0.394558 0.278912 0.380952 0.278912 0.371882 0.287982 0.360544 0.283447 0.333333 0.260771 0.324263 0.251701 0.310658 0.215420 0.310658 0.190476 0.285714 0.172336 0.281179 0.136054 0.244898 0.088435 0.217687
0 0.909297 0.151927 0.891156 0.145125 0.877551 0.131519 0.843537 0.133787 0.834467 0.140590 0.818594 0.142857 0.807256 0.149660 0.789116 0.154195 0.757370 0.190476 0.746032 0.195011 0.727891 0.210884 0.721088 0.226757 0.707483 0.240363 0.698413 0.263039 0.675737 0.278912 0.655329 0.319728 0.650794 0.337868 0.643991 0.349206 0.641723 0.367347 0.646259 0.383220 0.646259 0.401361 0.634921 0.426304 0.603175 0.460317 0.573696 0.482993 0.571429 0.505669 0.557823 0.517007 0.555556 0.523810 0.562358 0.523810 0.575964 0.505669 0.605442 0.492063 0.632653 0.469388 0.675737 0.446712 0.718821 0.439909 0.766440 0.439909 0.809524 0.417234 0.841270 0.390023 0.843537 0.383220 0.857143 0.371882 0.870748 0.351474 0.888889 0.333333 0.922902 0.247166 0.922902 0.195011 0.913832 0.170068 0.913832 0.158730
0 0.451247 0.619048 0.433107 0.619048 0.433107 0.628118 0.424036 0.634921 0.408163 0.662132 0.392290 0.680272 0.385488 0.700680 0.371882 0.723356 0.365079 0.727891 0.360544 0.746032 0.346939 0.764172 0.340136 0.766440 0.333333 0.775510 0.326531 0.775510 0.324263 0.780045 0.315193 0.780045 0.312925 0.784580 0.297052 0.789116 0.276644 0.807256 0.278912 0.848073 0.267574 0.861678 0.251701 0.895692 0.251701 0.904762 0.240363 0.936508 0.238095 0.970522 0.244898 0.977324 0.249433 0.977324 0.276644 0.997732 0.487528 0.997732 0.489796 0.984127 0.482993 0.979592 0.471655 0.956916 0.473923 0.936508 0.478458 0.927438 0.478458 0.911565 0.469388 0.891156 0.460317 0.882086 0.469388 0.873016 0.469388 0.857143 0.442177 0.823129 0.442177 0.800454 0.401361 0.761905 0.394558 0.736961 0.399093 0.698413 0.405896 0.687075 0.410431 0.668934 0.446712 0.619048
0 0.575964 0.643991 0.603175 0.675737 0.603175 0.684807 0.609977 0.689342 0.609977 0.718821 0.605442 0.725624 0.603175 0.768707 0.598639 0.770975 0.616780 0.789116 0.648526 0.852608 0.650794 0.863946 0.657596 0.870748 0.671202 0.870748 0.689342 0.900227 0.700680 0.904762 0.725624 0.925170 0.743764 0.929705 0.780045 0.963719 0.800454 0.977324 0.850340 0.986395 0.870748 0.981859 0.888889 0.972789 0.897959 0.961451 0.911565 0.929705 0.911565 0.875283 0.902494 0.845805 0.891156 0.832200 0.886621 0.814059 0.875283 0.802721 0.861678 0.780045 0.786848 0.714286 0.775510 0.707483 0.752834 0.705215 0.743764 0.684807 0.714286 0.684807 0.700680 0.673469 0.700680 0.668934 0.639456 0.668934 0.637188 0.673469 0.614512 0.673469 0.598639 0.662132 0.594104 0.653061
0 0.024943 0.129252 0.027211 0.140590 0.038549 0.160998 0.049887 0.167800 0.063492 0.181406 0.061224 0.183673 0.070295 0.188209 0.088435 0.215420 0.136054 0.242630 0.172336 0.278912 0.190476 0.283447 0.215420 0.308390 0.251701 0.308390 0.260771 0.321995 0.283447 0.331066 0.321995 0.328798 0.321995 0.333333 0.333333 0.326531 0.351474 0.328798 0.365079 0.342404 0.374150 0.342404 0.362812 0.331066 0.351474 0.310658 0.328798 0.253968 0.328798 0.244898 0.315193 0.219955 0.253968 0.156463 0.231293 0.145125 0.208617 0.124717 0.176871 0.108844 0.167800 0.108844 0.131519 0.095238 0.111111 0.092971 0.056689 0.102041 0.040816 0.111111
0 0.283447 0.541950 0.269841 0.544218 0.238095 0.532880 0.231293 0.535147 0.208617 0.521542 0.185941 0.519274 0.176871 0.512472 0.149660 0.514739 0.133787 0.501134 0.104308 0.496599 0.097506 0.492063 0.088435 0.492063 0.074830 0.503401 0.058957 0.501134 0.047619 0.505669 0.013605 0.505669 0.000000 0.517007 0.000000 0.702948 0.009070 0.707483 0.024943 0.702948 0.058957 0.705215 0.092971 0.693878 0.113379 0.680272 0.131519 0.682540 0.149660 0.673469 0.163265 0.659864 0.185941 0.655329 0.213152 0.630385 0.233560 0.625850 0.256236 0.605442 0.260771 0.587302 0.265306 0.585034 0.265306 0.562358
0 0.519274 0.015873 0.494331 0.040816 0.478458 0.079365 0.473923 0.079365 0.469388 0.088435 0.473923 0.176871 0.478458 0.183673 0.478458 0.195011 0.482993 0.199546 0.482993 0.326531 0.496599 0.346939 0.496599 0.362812 0.494331 0.365079 0.480726 0.353741 0.496599 0.367347 0.505669 0.394558 0.519274 0.412698 0.532880 0.439909 0.532880 0.455782 0.553288 0.394558 0.591837 0.356009 0.591837 0.346939 0.600907 0.333333 0.600907 0.315193 0.609977 0.297052 0.609977 0.281179 0.623583 0.256236 0.630385 0.233560 0.630385 0.213152 0.625850 0.206349 0.625850 0.172336 0.630385 0.156463 0.621315 0.138322 0.621315 0.120181 0.607710 0.088435 0.603175 0.065760 0.591837 0.043084 0.575964 0.027211 0.560091 0.018141
0 0.453515 0.675737 0.453515 0.689342 0.439909 0.721088 0.428571 0.723356 0.421769 0.730159 0.421769 0.752834 0.412698 0.761905 0.410431 0.770975 0.412698 0.768707 0.444444 0.800454 0.444444 0.823129 0.471655 0.857143 0.471655 0.873016 0.462585 0.882086 0.471655 0.891156 0.480726 0.911565 0.480726 0.927438 0.476190 0.936508 0.473923 0.956916 0.485261 0.979592 0.492063 0.981859 0.501134 0.977324 0.523810 0.975057 0.535147 0.968254 0.544218 0.968254 0.562358 0.952381 0.566893 0.938776 0.566893 0.920635 0.571429 0.913832 0.571429 0.897959 0.575964 0.888889 0.575964 0.873016 0.571429 0.863946 0.573696 0.850340 0.564626 0.839002 0.562358 0.816327 0.551020 0.795918 0.551020 0.784580 0.541950 0.773243 0.530612 0.746032 0.519274 0.732426 0.519274 0.723356 0.492063 0.705215 0.480726 0.705215 0.478458 0.700680 0.467120 0.696145 0.453515 0.680272
0 0.333333 0.328798 0.321995 0.337868 0.310658 0.340136 0.299320 0.353741 0.299320 0.358277 0.290249 0.360544 0.281179 0.371882 0.285714 0.394558 0.272109 0.410431 0.272109 0.437642 0.276644 0.451247 0.285714 0.460317 0.326531 0.482993 0.335601 0.492063 0.346939 0.492063 0.358277 0.503401 0.380952 0.487528 0.392290 0.487528 0.408163 0.480726 0.408163 0.471655 0.421769 0.462585 0.417234 0.460317 0.421769 0.455782 0.414966 0.446712 0.414966 0.430839 0.419501 0.421769 0.414966 0.421769 0.414966 0.414966 0.405896 0.399093 0.405896 0.390023 0.390023 0.371882 0.380952 0.349206 0.376417 0.344671 0.365079 0.344671 0.351474 0.331066
0 0.517007 0.569161 0.523810 0.591837 0.535147 0.605442 0.535147 0.614512 0.544218 0.614512 0.573696 0.643991 0.578231 0.641723 0.596372 0.653061 0.598639 0.659864 0.614512 0.671202 0.637188 0.671202 0.639456 0.666667 0.700680 0.666667 0.702948 0.662132 0.709751 0.662132 0.721088 0.655329 0.732426 0.639456 0.736961 0.607710 0.723356 0.585034 0.684807 0.555556 0.657596 0.541950 0.646259 0.541950 0.619048 0.526077 0.607710 0.526077 0.587302 0.517007 0.562358 0.526077 0.553288 0.523810 0.532880 0.560091 0.526077 0.566893
0 0.405896 0.571429 0.392290 0.571429 0.380952 0.566893 0.358277 0.532880 0.351474 0.539683 0.308390 0.537415 0.292517 0.544218 0.283447 0.544218 0.267574 0.562358 0.267574 0.585034 0.263039 0.587302 0.263039 0.596372 0.258503 0.598639 0.256236 0.609977 0.260771 0.614512 0.263039 0.625850 0.276644 0.639456 0.294785 0.648526 0.324263 0.650794 0.351474 0.643991 0.385488 0.643991 0.396825 0.630385 0.410431 0.621315 0.417234 0.625850 0.421769 0.623583 0.408163 0.609977 0.405896 0.603175
0 0.485261 0.360544 0.471655 0.360544 0.471655 0.365079 0.455782 0.380952 0.448980 0.383220 0.439909 0.399093 0.426304 0.408163 0.421769 0.426304 0.417234 0.430839 0.417234 0.446712 0.424036 0.455782 0.419501 0.460317 0.428571 0.460317 0.437642 0.467120 0.444444 0.485261 0.462585 0.487528 0.473923 0.496599 0.505669 0.478458 0.528345 0.478458 0.535147 0.467120 0.528345 0.451247 0.530612 0.439909 0.517007 0.412698 0.507937 0.403628 0.494331 0.367347
0 0.517007 0.573696 0.501134 0.587302 0.482993 0.596372 0.473923 0.596372 0.480726 0.598639 0.482993 0.612245 0.471655 0.625850 0.453515 0.628118 0.455782 0.632653 0.448980 0.637188 0.455782 0.680272 0.467120 0.693878 0.478458 0.698413 0.480726 0.702948 0.489796 0.702948 0.496599 0.698413 0.517007 0.698413 0.532880 0.682540 0.537415 0.684807 0.541950 0.673469 0.539683 0.641723 0.544218 0.628118 0.532880 0.614512 0.532880 0.605442 0.521542 0.591837 0.521542 0.585034 0.514739 0.575964
0 0.428571 0.462585 0.412698 0.469388 0.410431 0.480726 0.405896 0.485261 0.380952 0.489796 0.365079 0.498866 0.358277 0.507937 0.358277 0.530612 0.376417 0.560091 0.392290 0.569161 0.405896 0.569161 0.405896 0.573696 0.424036 0.564626 0.424036 0.557823 0.433107 0.555556 0.433107 0.507937 0.446712 0.496599 0.467120 0.492063 0.444444 0.487528 0.439909 0.482993 0.437642 0.469388
0 0.535147 0.469388 0.535147 0.473923 0.528345 0.480726 0.523810 0.480726 0.548753 0.496599 0.551020 0.519274 0.555556 0.521542 0.555556 0.517007 0.569161 0.505669 0.571429 0.482993 0.566893 0.482993 0.553288 0.471655
0 0.505669 0.480726 0.501134 0.485261 0.489796 0.487528 0.485261 0.494331 0.480726 0.492063 0.485261 0.496599 0.485261 0.528345 0.489796 0.537415 0.505669 0.541950 0.510204 0.546485 0.514739 0.566893 0.521542 0.566893 0.530612 0.560091 0.535147 0.548753 0.541950 0.544218 0.546485 0.530612 0.551020 0.528345 0.548753 0.501134 0.541950 0.492063 0.528345 0.487528 0.521542 0.480726
0 0.424036 0.560091 0.426304 0.564626 0.408163 0.575964 0.410431 0.609977 0.421769 0.621315 0.433107 0.616780 0.451247 0.616780 0.453515 0.625850 0.471655 0.623583 0.480726 0.612245 0.478458 0.598639 0.473923 0.598639 0.471655 0.594104 0.467120 0.600907 0.446712 0.603175 0.439909 0.594104 0.439909 0.578231 0.435374 0.566893 0.428571 0.560091
0 0.482993 0.496599 0.473923 0.498866 0.471655 0.494331 0.458050 0.494331 0.435374 0.507937 0.435374 0.555556 0.430839 0.560091 0.439909 0.571429 0.442177 0.594104 0.446712 0.600907 0.467120 0.598639 0.471655 0.591837 0.482993 0.594104 0.514739 0.573696 0.507937 0.546485 0.485261 0.535147