0 0.600907 0.068027 0.594104 0.068027 0.555556 0.113379 0.521542 0.172336 0.523810 0.181406 0.512472 0.190476 0.503401 0.210884 0.503401 0.238095 0.507937 0.244898 0.507937 0.258503 0.501134 0.269841 0.501134 0.281179 0.519274 0.331066 0.537415 0.340136 0.546485 0.353741 0.541950 0.380952 0.535147 0.396825 0.530612 0.399093 0.539683 0.417234 0.553288 0.399093 0.553288 0.394558 0.582766 0.360544 0.596372 0.351474 0.603175 0.351474 0.641723 0.324263 0.643991 0.303855 0.659864 0.290249 0.664399 0.281179 0.666667 0.260771 0.671202 0.256236 0.671202 0.244898 0.678005 0.226757 0.675737 0.140590 0.659864 0.102041 0.643991 0.083900 0.623583 0.074830 0.612245 0.074830
0 0.623583 0.358277 0.609977 0.365079 0.585034 0.392290 0.578231 0.405896 0.580499 0.408163 0.573696 0.414966 0.575964 0.430839 0.580499 0.430839 0.578231 0.428571 0.596372 0.414966 0.616780 0.390023
0 0.079365 0.301587 0.081633 0.306122 0.099773 0.312925 0.113379 0.312925 0.133787 0.321995 0.142857 0.331066 0.176871 0.351474 0.183673 0.362812 0.195011 0.362812 0.204082 0.367347 0.215420 0.387755 0.226757 0.399093 0.238095 0.399093 0.247166 0.405896 0.263039 0.435374 0.292517 0.451247 0.283447 0.444444 0.269841 0.412698 0.269841 0.392290 0.278912 0.367347 0.274376 0.371882 0.267574 0.371882 0.263039 0.367347 0.263039 0.360544 0.244898 0.360544 0.217687 0.353741 0.197279 0.335601 0.195011 0.319728 0.163265 0.310658 0.140590 0.290249 0.138322 0.283447 0.115646 0.285714 0.102041 0.290249 0.088435 0.301587
0 0.537415 0.691610 0.532880 0.696145 0.530612 0.712018 0.517007 0.725624 0.507937 0.730159 0.494331 0.730159 0.487528 0.725624 0.471655 0.739229 0.471655 0.746032 0.458050 0.759637 0.458050 0.764172 0.469388 0.773243 0.467120 0.791383 0.471655 0.798186 0.469388 0.807256 0.473923 0.816327 0.473923 0.836735 0.478458 0.836735 0.487528 0.850340 0.492063 0.875283 0.507937 0.913832 0.528345 0.909297 0.548753 0.891156 0.548753 0.884354 0.566893 0.841270 0.569161 0.809524 0.573696 0.798186 0.569161 0.775510 0.571429 0.734694 0.562358 0.725624 0.557823 0.705215 0.560091 0.698413 0.553288 0.702948 0.548753 0.696145
0 0.324263 0.573696 0.306122 0.571429 0.263039 0.609977 0.219955 0.637188 0.179138 0.646259 0.149660 0.671202 0.138322 0.689342 0.131519 0.734694 0.120181 0.748299 0.122449 0.759637 0.117914 0.773243 0.122449 0.834467 0.117914 0.843537 0.115646 0.866213 0.120181 0.884354 0.126984 0.888889 0.126984 0.902494 0.138322 0.934240 0.165533 0.956916 0.181406 0.956916 0.204082 0.938776 0.210884 0.927438 0.251701 0.888889 0.253968 0.877551 0.269841 0.848073 0.276644 0.841270 0.278912 0.843537 0.290249 0.829932 0.294785 0.773243 0.310658 0.748299 0.308390 0.707483 0.312925 0.700680 0.312925 0.666667 0.299320 0.639456 0.285714 0.632653 0.278912 0.625850 0.276644 0.616780 0.297052 0.594104 0.308390 0.589569
0 0.997732 0.628118 0.997732 0.560091 0.947846 0.512472 0.927438 0.507937 0.907029 0.510204 0.882086 0.503401 0.868481 0.505669 0.857143 0.498866 0.820862 0.498866 0.811791 0.503401 0.748299 0.501134 0.739229 0.505669 0.707483 0.505669 0.684807 0.510204 0.668934 0.526077 0.671202 0.530612 0.650794 0.564626 0.609977 0.575964 0.564626 0.566893 0.557823 0.562358 0.557823 0.557823 0.557823 0.569161 0.553288 0.578231 0.578231 0.594104 0.598639 0.596372 0.643991 0.616780 0.671202 0.634921 0.675737 0.643991 0.698413 0.664399 0.714286 0.664399 0.732426 0.673469 0.773243 0.671202 0.780045 0.675737 0.804989 0.675737 0.816327 0.680272 0.841270 0.680272 0.850340 0.675737 0.916100 0.678005 0.934240 0.668934 0.945578 0.668934 0.956916 0.657596 0.986395 0.643991
0 0.056689 0.108844 0.049887 0.136054 0.061224 0.170068 0.090703 0.224490 0.117914 0.249433 0.142857 0.290249 0.163265 0.308390 0.195011 0.317460 0.199546 0.335601 0.217687 0.351474 0.244898 0.358277 0.263039 0.358277 0.267574 0.369615 0.278912 0.365079 0.285714 0.371882 0.297052 0.371882 0.326531 0.349206 0.346939 0.346939 0.365079 0.365079 0.378685 0.371882 0.390023 0.385488 0.403628 0.390023 0.399093 0.365079 0.385488 0.349206 0.369615 0.312925 0.360544 0.301587 0.356009 0.269841 0.360544 0.260771 0.360544 0.247166 0.353741 0.235828 0.353741 0.219955 0.349206 0.208617 0.324263 0.170068 0.303855 0.149660 0.290249 0.147392 0.265306 0.120181 0.219955 0.097506 0.158730 0.077098 0.145125 0.077098 0.138322 0.081633 0.104308 0.081633 0.070295 0.095238
0 0.408163 0.607710 0.412698 0.612245 0.405896 0.623583 0.405896 0.634921 0.410431 0.639456 0.412698 0.678005 0.396825 0.705215 0.396825 0.734694 0.392290 0.746032 0.378685 0.757370 0.376417 0.764172 0.356009 0.784580 0.321995 0.829932 0.303855 0.841270 0.276644 0.850340 0.274376 0.866213 0.265306 0.879819 0.258503 0.913832 0.258503 0.997732 0.469388 0.997732 0.471655 0.988662 0.478458 0.984127 0.480726 0.963719 0.487528 0.956916 0.473923 0.920635 0.473923 0.911565 0.482993 0.891156 0.478458 0.857143 0.471655 0.841270 0.471655 0.823129 0.467120 0.820862 0.467120 0.814059 0.455782 0.791383 0.439909 0.773243 0.428571 0.766440 0.419501 0.750567 0.414966 0.712018 0.419501 0.702948 0.419501 0.673469 0.424036 0.668934 0.419501 0.655329 0.424036 0.650794 0.417234 0.643991 0.421769 0.614512
0 0.918367 0.181406 0.902494 0.163265 0.875283 0.151927 0.859410 0.151927 0.809524 0.165533 0.791383 0.179138 0.784580 0.179138 0.770975 0.192744 0.750567 0.199546 0.712018 0.238095 0.693878 0.249433 0.680272 0.267574 0.680272 0.274376 0.662132 0.299320 0.657596 0.294785 0.646259 0.303855 0.648526 0.321995 0.625850 0.356009 0.619048 0.390023 0.598639 0.414966 0.580499 0.428571 0.580499 0.433107 0.573696 0.435374 0.598639 0.424036 0.612245 0.424036 0.623583 0.414966 0.684807 0.414966 0.714286 0.424036 0.712018 0.421769 0.716553 0.417234 0.739229 0.417234 0.752834 0.412698 0.766440 0.396825 0.786848 0.396825 0.807256 0.387755 0.827664 0.365079 0.839002 0.360544 0.854875 0.342404 0.861678 0.340136 0.877551 0.317460 0.891156 0.306122 0.893424 0.294785 0.907029 0.274376 0.909297 0.256236 0.918367 0.244898 0.920635 0.235828
0 0.000000 0.301587 0.002268 0.482993 0.031746 0.494331 0.052154 0.507937 0.106576 0.510204 0.113379 0.517007 0.133787 0.523810 0.167800 0.512472 0.174603 0.512472 0.183673 0.519274 0.204082 0.517007 0.224490 0.505669 0.238095 0.492063 0.249433 0.487528 0.278912 0.485261 0.285714 0.489796 0.297052 0.489796 0.301587 0.498866 0.319728 0.487528 0.310658 0.471655 0.299320 0.473923 0.294785 0.469388 0.292517 0.453515 0.287982 0.448980 0.269841 0.442177 0.258503 0.433107 0.244898 0.405896 0.238095 0.401361 0.226757 0.401361 0.213152 0.387755 0.204082 0.369615 0.195011 0.365079 0.183673 0.365079 0.176871 0.358277 0.176871 0.353741 0.142857 0.333333 0.133787 0.324263 0.113379 0.315193 0.099773 0.315193 0.081633 0.308390 0.079365 0.303855 0.049887 0.299320 0.024943 0.299320 0.013605 0.303855
0 0.519274 0.596372 0.539683 0.641723 0.544218 0.641723 0.555556 0.659864 0.553288 0.682540 0.557823 0.689342 0.566893 0.730159 0.575964 0.736961 0.578231 0.750567 0.603175 0.775510 0.623583 0.807256 0.639456 0.820862 0.648526 0.834467 0.662132 0.841270 0.696145 0.870748 0.725624 0.888889 0.782313 0.895692 0.795918 0.893424 0.814059 0.877551 0.816327 0.832200 0.804989 0.784580 0.791383 0.770975 0.784580 0.755102 0.766440 0.732426 0.734694 0.707483 0.714286 0.696145 0.691610 0.671202 0.673469 0.666667 0.662132 0.650794 0.643991 0.646259 0.634921 0.637188 0.603175 0.639456 0.569161 0.619048 0.537415 0.591837
0 0.405896 0.081633 0.383220 0.088435 0.374150 0.097506 0.362812 0.117914 0.362812 0.126984 0.351474 0.154195 0.351474 0.195011 0.356009 0.204082 0.353741 0.208617 0.351474 0.206349 0.351474 0.213152 0.356009 0.219955 0.356009 0.235828 0.369615 0.269841 0.374150 0.292517 0.371882 0.315193 0.387755 0.349206 0.401361 0.365079 0.401361 0.376417 0.412698 0.401361 0.424036 0.414966 0.430839 0.405896 0.435374 0.410431 0.435374 0.439909 0.439909 0.442177 0.444444 0.439909 0.446712 0.414966 0.464853 0.392290 0.458050 0.385488 0.458050 0.371882 0.471655 0.344671 0.476190 0.326531 0.476190 0.260771 0.480726 0.253968 0.476190 0.231293 0.476190 0.179138 0.469388 0.151927 0.453515 0.117914 0.430839 0.092971
0 0.396825 0.569161 0.383220 0.578231 0.385488 0.582766 0.369615 0.591837 0.365079 0.598639 0.340136 0.603175 0.331066 0.614512 0.312925 0.614512 0.306122 0.621315 0.306122 0.632653 0.299320 0.637188 0.315193 0.666667 0.315193 0.700680 0.310658 0.707483 0.312925 0.748299 0.299320 0.766440 0.294785 0.784580 0.292517 0.829932 0.278912 0.848073 0.303855 0.839002 0.321995 0.827664 0.353741 0.784580 0.390023 0.746032 0.394558 0.734694 0.394558 0.705215 0.410431 0.678005 0.408163 0.639456 0.399093 0.628118 0.401361 0.609977 0.405896 0.607710 0.396825 0.589569
0 0.734694 0.437642 0.721088 0.426304 0.709751 0.426304 0.684807 0.417234 0.623583 0.417234 0.612245 0.426304 0.598639 0.426304 0.582766 0.435374 0.566893 0.437642 0.546485 0.455782 0.546485 0.460317 0.532880 0.458050 0.526077 0.467120 0.523810 0.482993 0.517007 0.487528 0.514739 0.496599 0.539683 0.519274 0.553288 0.537415 0.553288 0.544218 0.557823 0.541950 0.562358 0.546485 0.580499 0.551020 0.605442 0.551020 0.603175 0.541950 0.612245 0.539683 0.614512 0.535147 0.623583 0.541950 0.637188 0.541950 0.664399 0.530612 0.680272 0.510204 0.705215 0.505669 0.712018 0.498866 0.718821 0.498866 0.736961 0.460317
0 0.276644 0.374150 0.272109 0.392290 0.272109 0.412698 0.285714 0.444444 0.294785 0.448980 0.297052 0.469388 0.310658 0.469388 0.315193 0.478458 0.321995 0.482993 0.321995 0.487528 0.342404 0.478458 0.387755 0.478458 0.387755 0.467120 0.396825 0.451247 0.405896 0.442177 0.424036 0.437642 0.424036 0.417234 0.414966 0.408163 0.405896 0.390023 0.396825 0.392290 0.378685 0.374150 0.365079 0.367347 0.346939 0.349206 0.326531 0.351474 0.297052 0.374150
0 0.464853 0.582766 0.444444 0.609977 0.424036 0.614512 0.419501 0.643991 0.426304 0.650794 0.426304 0.673469 0.439909 0.687075 0.448980 0.705215 0.494331 0.727891 0.507937 0.727891 0.528345 0.712018 0.530612 0.696145 0.539683 0.682540 0.539683 0.643991 0.517007 0.600907 0.519274 0.594104 0.473923 0.587302
0 0.487528 0.378685 0.460317 0.399093 0.448980 0.414966 0.446712 0.439909 0.442177 0.442177 0.451247 0.444444 0.469388 0.460317 0.469388 0.480726 0.482993 0.476190 0.492063 0.478458 0.507937 0.489796 0.514739 0.489796 0.521542 0.482993 0.523810 0.467120 0.530612 0.458050 0.532880 0.439909 0.537415 0.435374 0.537415 0.414966 0.523810 0.383220 0.512472 0.376417
0 0.390023 0.476190 0.387755 0.480726 0.342404 0.480726 0.299320 0.501134 0.290249 0.512472 0.290249 0.528345 0.299320 0.544218 0.299320 0.553288 0.294785 0.557823 0.297052 0.562358 0.308390 0.569161 0.335601 0.573696 0.349206 0.580499 0.365079 0.580499 0.374150 0.573696 0.385488 0.575964 0.394558 0.566893 0.399093 0.569161 0.410431 0.557823 0.412698 0.548753 0.394558 0.530612 0.394558 0.510204 0.401361 0.498866 0.392290 0.487528
0 0.514739 0.498866 0.505669 0.526077 0.492063 0.539683 0.485261 0.541950 0.482993 0.557823 0.467120 0.571429 0.467120 0.582766 0.469388 0.580499 0.473923 0.585034 0.535147 0.591837 0.548753 0.578231 0.551020 0.580499 0.555556 0.569161 0.555556 0.546485 0.551020 0.544218 0.551020 0.537415 0.537415 0.519274
0 0.467120 0.460317 0.451247 0.446712 0.426304 0.437642 0.405896 0.444444 0.392290 0.460317 0.390023 0.473923 0.394558 0.487528 0.403628 0.498866 0.401361 0.501134 0.421769 0.494331 0.444444 0.494331 0.451247 0.487528 0.467120 0.482993
0 0.410431 0.546485 0.414966 0.548753 0.414966 0.553288 0.401361 0.569161 0.399093 0.578231 0.403628 0.603175 0.421769 0.612245 0.444444 0.607710 0.467120 0.573696 0.458050 0.573696 0.448980 0.557823 0.437642 0.548753
0 0.453515 0.489796 0.469388 0.494331 0.485261 0.514739 0.487528 0.537415 0.492063 0.537415 0.503401 0.526077 0.512472 0.501134 0.512472 0.492063 0.482993 0.478458 0.476190 0.478458
0 0.444444 0.496599 0.421769 0.496599 0.401361 0.503401 0.396825 0.510204 0.396825 0.530612 0.412698 0.544218 0.428571 0.544218 0.424036 0.521542
0 0.451247 0.489796 0.446712 0.498866 0.433107 0.510204 0.433107 0.514739 0.426304 0.521542 0.430839 0.546485 0.442177 0.548753 0.451247 0.557823 0.455782 0.569161 0.464853 0.571429 0.480726 0.557823 0.482993 0.541950 0.487528 0.539683 0.485261 0.519274 0.469388 0.496599