0 0.426304 0.369615 0.401361 0.376417 0.383220 0.403628 0.387755 0.421769 0.412698 0.437642 0.410431 0.446712 0.421769 0.442177 0.419501 0.435374 0.433107 0.426304 0.446712 0.410431 0.448980 0.392290 0.439909 0.378685
0 0.369615 0.532880 0.328798 0.557823 0.308390 0.557823 0.281179 0.541950 0.267574 0.541950 0.256236 0.546485 0.231293 0.580499 0.229025 0.612245 0.247166 0.632653 0.260771 0.639456 0.290249 0.639456 0.315193 0.630385 0.331066 0.609977 0.331066 0.571429 0.358277 0.546485 0.367347 0.546485
0 0.628118 0.537415 0.628118 0.519274 0.619048 0.510204 0.603175 0.501134 0.578231 0.496599 0.544218 0.501134 0.510204 0.532880 0.480726 0.528345 0.444444 0.512472 0.439909 0.512472 0.437642 0.517007 0.442177 0.523810 0.469388 0.535147 0.480726 0.535147 0.503401 0.544218 0.535147 0.575964 0.562358 0.575964 0.569161 0.580499 0.582766 0.578231 0.607710 0.566893 0.619048 0.555556
0 0.267574 0.308390 0.253968 0.319728 0.247166 0.333333 0.247166 0.365079 0.269841 0.410431 0.297052 0.435374 0.337868 0.439909 0.346939 0.444444 0.371882 0.471655 0.387755 0.478458 0.387755 0.471655 0.374150 0.462585 0.358277 0.428571 0.358277 0.408163 0.365079 0.394558 0.365079 0.374150 0.360544 0.362812 0.346939 0.349206 0.340136 0.335601 0.306122 0.306122 0.294785 0.301587 0.281179 0.301587
0 0.408163 0.544218 0.394558 0.557823 0.399093 0.560091 0.394558 0.623583 0.387755 0.639456 0.365079 0.671202 0.362812 0.707483 0.369615 0.739229 0.390023 0.773243 0.410431 0.791383 0.433107 0.793651 0.448980 0.786848 0.458050 0.768707 0.464853 0.727891 0.462585 0.687075 0.453515 0.657596 0.442177 0.648526 0.444444 0.643991 0.437642 0.632653 0.417234 0.609977 0.408163 0.609977
0 0.609977 0.374150 0.591837 0.360544 0.546485 0.362812 0.517007 0.376417 0.471655 0.421769 0.471655 0.455782 0.460317 0.467120 0.453515 0.467120 0.446712 0.478458 0.444444 0.476190 0.444444 0.494331 0.460317 0.492063 0.473923 0.473923 0.539683 0.464853 0.564626 0.453515 0.587302 0.437642 0.600907 0.424036 0.609977 0.403628
0 0.206349 0.471655 0.206349 0.487528 0.210884 0.496599 0.238095 0.521542 0.285714 0.537415 0.315193 0.537415 0.319728 0.532880 0.326531 0.532880 0.340136 0.512472 0.346939 0.512472 0.353741 0.523810 0.360544 0.523810 0.369615 0.517007 0.383220 0.517007 0.387755 0.507937 0.351474 0.494331 0.342404 0.485261 0.342404 0.480726 0.319728 0.462585 0.281179 0.451247 0.233560 0.451247 0.217687 0.458050
0 0.419501 0.528345 0.414966 0.532880 0.419501 0.551020 0.410431 0.564626 0.414966 0.573696 0.414966 0.596372 0.419501 0.600907 0.417234 0.607710 0.433107 0.623583 0.446712 0.643991 0.460317 0.650794 0.480726 0.653061 0.494331 0.634921 0.487528 0.596372 0.469388 0.569161 0.467120 0.557823 0.453515 0.546485 0.433107 0.539683 0.428571 0.528345
0 0.417234 0.444444 0.408163 0.448980 0.390023 0.469388 0.387755 0.482993 0.392290 0.501134 0.396825 0.505669 0.405896 0.505669 0.414966 0.496599 0.430839 0.496599 0.439909 0.505669 0.444444 0.496599 0.442177 0.467120 0.426304 0.444444
0 0.410431 0.523810 0.380952 0.519274 0.380952 0.523810 0.374150 0.523810 0.367347 0.548753 0.378685 0.560091 0.392290 0.557823 0.410431 0.541950 0.410431 0.535147 0.414966 0.530612
0 0.410431 0.501134 0.403628 0.519274 0.417234 0.528345 0.430839 0.526077 0.437642 0.514739 0.437642 0.503401 0.430839 0.498866
0 0.403628 0.507937 0.396825 0.507937 0.392290 0.503401 0.383220 0.519274 0.401361 0.519274