0 0.299320 0.453515 0.299320 0.460317 0.308390 0.478458 0.317460 0.487528 0.328798 0.492063 0.344671 0.492063 0.362812 0.478458 0.383220 0.478458 0.390023 0.473923 0.374150 0.460317 0.374150 0.444444 0.362812 0.433107 0.331066 0.430839 0.310658 0.442177
0 0.623583 0.510204 0.609977 0.492063 0.591837 0.482993 0.582766 0.482993 0.566893 0.498866 0.548753 0.507937 0.535147 0.523810 0.526077 0.528345 0.537415 0.530612 0.548753 0.541950 0.548753 0.546485 0.560091 0.546485 0.566893 0.541950 0.594104 0.541950 0.603175 0.548753 0.609977 0.548753 0.623583 0.528345
0 0.433107 0.544218 0.421769 0.557823 0.421769 0.578231 0.412698 0.589569 0.419501 0.596372 0.430839 0.594104 0.442177 0.582766 0.439909 0.566893 0.433107 0.560091 0.437642 0.557823
0 0.444444 0.569161 0.460317 0.600907 0.460317 0.625850 0.444444 0.643991 0.437642 0.659864 0.442177 0.698413 0.448980 0.712018 0.473923 0.736961 0.501134 0.746032 0.519274 0.743764 0.537415 0.730159 0.546485 0.709751 0.546485 0.678005 0.535147 0.648526 0.535147 0.639456 0.521542 0.625850 0.498866 0.614512 0.482993 0.614512 0.471655 0.603175 0.460317 0.573696
0 0.523810 0.299320 0.507937 0.299320 0.487528 0.308390 0.471655 0.326531 0.467120 0.340136 0.455782 0.351474 0.455782 0.378685 0.460317 0.387755 0.473923 0.396825 0.480726 0.410431 0.480726 0.430839 0.471655 0.455782 0.455782 0.460317 0.453515 0.455782 0.458050 0.448980 0.448980 0.446712 0.442177 0.460317 0.444444 0.462585 0.437642 0.462585 0.439909 0.492063 0.446712 0.489796 0.458050 0.503401 0.458050 0.496599 0.494331 0.430839 0.507937 0.417234 0.537415 0.414966 0.553288 0.401361 0.564626 0.367347 0.560091 0.331066 0.541950 0.308390
0 0.192744 0.546485 0.199546 0.555556 0.197279 0.571429 0.201814 0.578231 0.210884 0.582766 0.283447 0.582766 0.335601 0.544218 0.340136 0.535147 0.394558 0.528345 0.376417 0.519274 0.346939 0.519274 0.333333 0.514739 0.299320 0.489796 0.285714 0.489796 0.281179 0.485261 0.247166 0.489796 0.231293 0.487528 0.210884 0.494331 0.197279 0.507937
0 0.453515 0.523810 0.458050 0.523810 0.467120 0.532880 0.471655 0.546485 0.485261 0.544218 0.505669 0.553288 0.530612 0.573696 0.532880 0.616780 0.569161 0.650794 0.591837 0.666667 0.646259 0.682540 0.671202 0.682540 0.687075 0.671202 0.693878 0.643991 0.678005 0.607710 0.646259 0.575964 0.614512 0.551020 0.603175 0.551020 0.594104 0.544218 0.535147 0.548753
0 0.380952 0.260771 0.365079 0.276644 0.356009 0.303855 0.358277 0.365079 0.367347 0.383220 0.369615 0.399093 0.378685 0.408163 0.405896 0.419501 0.414966 0.428571 0.421769 0.448980 0.421769 0.487528 0.433107 0.501134 0.437642 0.501134 0.439909 0.494331 0.435374 0.480726 0.435374 0.421769 0.439909 0.410431 0.458050 0.390023 0.453515 0.383220 0.455782 0.340136 0.446712 0.312925 0.430839 0.285714 0.414966 0.269841 0.394558 0.260771
0 0.433107 0.532880 0.419501 0.526077 0.419501 0.532880 0.412698 0.537415 0.399093 0.532880 0.358277 0.532880 0.340136 0.537415 0.335601 0.546485 0.285714 0.587302 0.285714 0.619048 0.303855 0.630385 0.346939 0.634921 0.392290 0.616780 0.403628 0.607710 0.410431 0.596372 0.410431 0.589569 0.419501 0.578231 0.417234 0.555556 0.428571 0.541950 0.433107 0.541950
0 0.575964 0.482993 0.562358 0.464853 0.548753 0.458050 0.523810 0.458050 0.503401 0.467120 0.489796 0.467120 0.480726 0.473923 0.478458 0.487528 0.469388 0.494331 0.467120 0.503401 0.455782 0.505669 0.453515 0.519274 0.458050 0.521542 0.464853 0.514739 0.469388 0.514739 0.473923 0.526077 0.494331 0.530612 0.523810 0.526077 0.535147 0.521542 0.548753 0.505669 0.566893 0.496599 0.575964 0.487528
0 0.351474 0.492063 0.351474 0.496599 0.365079 0.510204 0.374150 0.512472 0.378685 0.519274 0.392290 0.526077 0.401361 0.526077 0.410431 0.519274 0.428571 0.528345 0.439909 0.526077 0.433107 0.514739 0.435374 0.507937 0.430839 0.498866 0.419501 0.487528 0.419501 0.480726 0.414966 0.480726 0.408163 0.473923 0.396825 0.473923 0.383220 0.480726 0.362812 0.480726
0 0.433107 0.528345 0.439909 0.562358 0.455782 0.571429 0.464853 0.571429 0.471655 0.564626 0.476190 0.551020 0.469388 0.546485 0.464853 0.532880 0.451247 0.523810
0 0.446712 0.492063 0.435374 0.503401 0.435374 0.514739 0.439909 0.523810 0.453515 0.521542 0.451247 0.510204 0.455782 0.503401