0 0.365079 0.380952 0.360544 0.394558 0.360544 0.414966 0.369615 0.433107 0.396825 0.448980 0.410431 0.444444 0.426304 0.444444 0.451247 0.469388 0.453515 0.455782 0.430839 0.435374 0.430839 0.421769 0.437642 0.401361 0.428571 0.387755 0.414966 0.374150 0.401361 0.369615 0.380952 0.369615
0 0.537415 0.521542 0.548753 0.532880 0.562358 0.535147 0.587302 0.560091 0.609977 0.571429 0.625850 0.585034 0.637188 0.580499 0.643991 0.571429 0.646259 0.546485 0.634921 0.528345 0.616780 0.517007 0.591837 0.519274 0.571429 0.532880 0.560091 0.532880
0 0.446712 0.333333 0.433107 0.349206 0.428571 0.383220 0.442177 0.396825 0.462585 0.403628 0.471655 0.412698 0.471655 0.421769 0.482993 0.448980 0.482993 0.455782 0.478458 0.460317 0.492063 0.462585 0.498866 0.471655 0.492063 0.462585 0.492063 0.439909 0.485261 0.424036 0.485261 0.405896 0.507937 0.399093 0.519274 0.390023 0.519274 0.385488 0.535147 0.365079 0.535147 0.349206 0.530612 0.342404 0.526077 0.346939 0.519274 0.346939 0.510204 0.340136 0.473923 0.331066
0 0.487528 0.535147 0.482993 0.541950 0.476190 0.544218 0.480726 0.546485 0.476190 0.564626 0.464853 0.578231 0.428571 0.580499 0.419501 0.585034 0.401361 0.612245 0.392290 0.641723 0.392290 0.664399 0.401361 0.684807 0.417234 0.696145 0.439909 0.696145 0.462585 0.687075 0.482993 0.671202 0.505669 0.634921 0.503401 0.614512 0.485261 0.589569 0.485261 0.571429 0.489796 0.564626
0 0.712018 0.367347 0.693878 0.353741 0.653061 0.358277 0.609977 0.380952 0.596372 0.399093 0.582766 0.410431 0.585034 0.442177 0.571429 0.460317 0.541950 0.476190 0.535147 0.473923 0.528345 0.480726 0.517007 0.480726 0.530612 0.485261 0.537415 0.492063 0.546485 0.480726 0.571429 0.471655 0.580499 0.471655 0.587302 0.464853 0.600907 0.460317 0.616780 0.460317 0.637188 0.469388 0.657596 0.469388 0.673469 0.462585 0.705215 0.437642 0.718821 0.412698 0.723356 0.394558
0 0.247166 0.460317 0.251701 0.487528 0.269841 0.510204 0.283447 0.517007 0.299320 0.517007 0.333333 0.526077 0.367347 0.523810 0.376417 0.519274 0.405896 0.487528 0.439909 0.489796 0.451247 0.482993 0.435374 0.473923 0.424036 0.473923 0.401361 0.458050 0.399093 0.451247 0.385488 0.446712 0.374150 0.437642 0.346939 0.430839 0.308390 0.428571 0.265306 0.437642 0.256236 0.444444
0 0.507937 0.517007 0.532880 0.557823 0.523810 0.573696 0.523810 0.591837 0.535147 0.609977 0.541950 0.630385 0.580499 0.664399 0.616780 0.678005 0.634921 0.673469 0.643991 0.659864 0.639456 0.614512 0.628118 0.587302 0.587302 0.562358 0.562358 0.537415 0.539683 0.535147 0.535147 0.530612 0.535147 0.514739
0 0.553288 0.342404 0.532880 0.344671 0.537415 0.349206 0.537415 0.365079 0.521542 0.385488 0.521542 0.390023 0.512472 0.399093 0.494331 0.403628 0.489796 0.410431 0.489796 0.433107 0.507937 0.455782 0.507937 0.462585 0.498866 0.473923 0.503401 0.480726 0.514739 0.482993 0.514739 0.478458 0.523810 0.471655 0.539683 0.467120 0.573696 0.433107 0.575964 0.414966 0.585034 0.396825 0.585034 0.383220 0.573696 0.358277
0 0.494331 0.512472 0.482993 0.503401 0.476190 0.503401 0.460317 0.485261 0.451247 0.485261 0.446712 0.489796 0.426304 0.494331 0.410431 0.514739 0.410431 0.532880 0.414966 0.539683 0.430839 0.546485 0.462585 0.548753 0.482993 0.539683 0.494331 0.523810 0.489796 0.517007 0.494331 0.517007
0 0.453515 0.458050 0.451247 0.480726 0.460317 0.482993 0.476190 0.501134 0.482993 0.501134 0.487528 0.505669 0.503401 0.482993 0.492063 0.464853 0.478458 0.462585 0.476190 0.458050
0 0.489796 0.503401 0.496599 0.512472 0.496599 0.519274 0.503401 0.519274 0.505669 0.514739 0.537415 0.510204 0.539683 0.496599 0.526077 0.485261 0.505669 0.482993