0 0.596372 0.433107 0.578231 0.424036 0.548753 0.421769 0.521542 0.435374 0.510204 0.433107 0.498866 0.448980 0.532880 0.433107 0.544218 0.433107 0.548753 0.437642 0.566893 0.437642 0.571429 0.442177 0.573696 0.435374
0 0.492063 0.272109 0.464853 0.272109 0.435374 0.297052 0.437642 0.315193 0.444444 0.328798 0.444444 0.340136 0.451247 0.346939 0.448980 0.365079 0.462585 0.371882 0.460317 0.392290 0.473923 0.387755 0.476190 0.371882 0.498866 0.353741 0.512472 0.328798 0.512472 0.310658 0.505669 0.290249
0 0.433107 0.444444 0.428571 0.448980 0.412698 0.448980 0.390023 0.435374 0.376417 0.410431 0.367347 0.405896 0.351474 0.405896 0.333333 0.412698 0.324263 0.426304 0.285714 0.460317 0.283447 0.471655 0.292517 0.480726 0.319728 0.489796 0.353741 0.492063 0.360544 0.496599 0.369615 0.496599 0.385488 0.480726 0.383220 0.476190 0.396825 0.460317 0.412698 0.455782 0.430839 0.455782
0 0.678005 0.301587 0.662132 0.290249 0.637188 0.287982 0.623583 0.294785 0.612245 0.294785 0.569161 0.321995 0.560091 0.331066 0.548753 0.353741 0.546485 0.367347 0.551020 0.385488 0.546485 0.394558 0.523810 0.414966 0.517007 0.430839 0.523810 0.426304 0.539683 0.426304 0.557823 0.408163 0.571429 0.408163 0.589569 0.417234 0.598639 0.417234 0.625850 0.408163 0.639456 0.399093 0.668934 0.369615 0.682540 0.331066 0.682540 0.310658
0 0.458050 0.510204 0.458050 0.560091 0.453515 0.569161 0.428571 0.589569 0.419501 0.607710 0.417234 0.621315 0.424036 0.671202 0.442177 0.705215 0.458050 0.714286 0.480726 0.714286 0.496599 0.700680 0.512472 0.678005 0.512472 0.668934 0.517007 0.662132 0.519274 0.616780 0.507937 0.589569 0.498866 0.580499 0.478458 0.569161 0.471655 0.555556 0.471655 0.521542 0.464853 0.512472
0 0.362812 0.251701 0.353741 0.256236 0.346939 0.265306 0.337868 0.299320 0.342404 0.328798 0.351474 0.342404 0.353741 0.358277 0.358277 0.367347 0.378685 0.383220 0.412698 0.390023 0.428571 0.405896 0.437642 0.428571 0.435374 0.439909 0.448980 0.435374 0.451247 0.428571 0.448980 0.417234 0.444444 0.417234 0.444444 0.405896 0.435374 0.387755 0.435374 0.378685 0.446712 0.367347 0.448980 0.346939 0.442177 0.340136 0.442177 0.328798 0.435374 0.315193 0.435374 0.299320 0.430839 0.299320 0.424036 0.283447 0.394558 0.256236 0.376417 0.249433
0 0.621315 0.467120 0.616780 0.455782 0.598639 0.435374 0.573696 0.437642 0.569161 0.451247 0.537415 0.455782 0.523810 0.462585 0.519274 0.471655 0.510204 0.471655 0.492063 0.460317 0.496599 0.476190 0.498866 0.473923 0.507937 0.480726 0.512472 0.478458 0.539683 0.494331 0.551020 0.494331 0.560091 0.501134 0.582766 0.501134 0.612245 0.485261 0.619048 0.478458
0 0.505669 0.371882 0.480726 0.376417 0.473923 0.390023 0.458050 0.396825 0.451247 0.417234 0.453515 0.437642 0.467120 0.437642 0.485261 0.451247 0.487528 0.444444 0.494331 0.448980 0.496599 0.442177 0.501134 0.442177 0.505669 0.435374 0.507937 0.437642 0.505669 0.435374 0.510204 0.430839 0.514739 0.430839 0.521542 0.419501 0.523810 0.405896 0.517007 0.380952
0 0.455782 0.476190 0.428571 0.467120 0.419501 0.467120 0.414966 0.471655 0.396825 0.467120 0.369615 0.498866 0.358277 0.498866 0.351474 0.505669 0.349206 0.523810 0.353741 0.539683 0.371882 0.551020 0.399093 0.548753 0.433107 0.519274 0.444444 0.501134 0.446712 0.485261 0.451247 0.480726 0.453515 0.482993
0 0.496599 0.478458 0.498866 0.498866 0.517007 0.494331
0 0.489796 0.464853 0.480726 0.478458 0.460317 0.476190 0.451247 0.487528 0.455782 0.510204 0.464853 0.510204 0.471655 0.519274 0.480726 0.514739 0.485261 0.505669 0.496599 0.501134 0.496599 0.485261
0 0.435374 0.442177 0.433107 0.455782 0.439909 0.467120 0.458050 0.476190 0.480726 0.476190 0.489796 0.462585 0.489796 0.458050 0.467120 0.439909 0.444444 0.437642