0 0.791383 0.346939 0.782313 0.335601 0.761905 0.324263 0.766440 0.328798 0.764172 0.331066 0.743764 0.333333 0.714286 0.344671 0.659864 0.390023 0.643991 0.410431 0.639456 0.410431 0.603175 0.437642 0.603175 0.448980 0.607710 0.453515 0.605442 0.458050 0.614512 0.458050 0.643991 0.446712 0.675737 0.430839 0.696145 0.414966 0.712018 0.410431 0.727891 0.390023 0.743764 0.387755 0.766440 0.365079 0.768707 0.358277 0.784580 0.344671
0 0.104308 0.412698 0.122449 0.421769 0.124717 0.426304 0.133787 0.426304 0.136054 0.430839 0.145125 0.433107 0.208617 0.435374 0.215420 0.421769 0.226757 0.410431 0.226757 0.405896 0.197279 0.408163 0.190476 0.403628 0.142857 0.403628 0.133787 0.399093 0.115646 0.412698
0 0.575964 0.748299 0.580499 0.777778 0.587302 0.795918 0.607710 0.823129 0.619048 0.832200 0.619048 0.841270 0.623583 0.848073 0.630385 0.848073 0.653061 0.866213 0.664399 0.868481 0.678005 0.882086 0.691610 0.886621 0.700680 0.895692 0.707483 0.895692 0.718821 0.902494 0.736961 0.902494 0.750567 0.907029 0.773243 0.884354 0.782313 0.884354 0.804989 0.866213 0.818594 0.870748 0.834467 0.861678 0.816327 0.852608 0.793651 0.834467 0.773243 0.825397 0.757370 0.807256 0.705215 0.768707 0.698413 0.777778 0.678005 0.786848 0.671202 0.793651 0.655329 0.793651 0.632653 0.786848
0 0.698413 0.179138 0.675737 0.190476 0.673469 0.195011 0.666667 0.195011 0.650794 0.206349 0.641723 0.208617 0.639456 0.224490 0.619048 0.238095 0.614512 0.249433 0.614512 0.260771 0.623583 0.272109 0.619048 0.278912 0.637188 0.272109 0.664399 0.272109 0.673469 0.278912 0.673469 0.290249 0.680272 0.297052 0.680272 0.278912 0.689342 0.263039 0.689342 0.192744
0 0.226757 0.571429 0.222222 0.573696 0.192744 0.560091 0.160998 0.551020 0.113379 0.575964 0.088435 0.598639 0.081633 0.619048 0.056689 0.653061 0.049887 0.687075 0.040816 0.698413 0.031746 0.721088 0.024943 0.727891 0.011338 0.755102 0.006803 0.784580 0.000000 0.795918 0.000000 0.832200 0.006803 0.839002 0.006803 0.843537 0.024943 0.859410 0.027211 0.866213 0.038549 0.868481 0.043084 0.873016 0.077098 0.863946 0.092971 0.866213 0.108844 0.845805 0.115646 0.845805 0.097506 0.829932 0.077098 0.827664 0.061224 0.811791 0.056689 0.757370 0.065760 0.746032 0.083900 0.689342 0.099773 0.678005 0.122449 0.655329 0.133787 0.655329 0.136054 0.650794 0.147392 0.646259 0.147392 0.641723 0.167800 0.614512 0.179138 0.609977 0.195011 0.591837 0.206349 0.587302
0 0.061224 0.000000 0.063492 0.013605 0.056689 0.022676 0.056689 0.029478 0.065760 0.049887 0.063492 0.061224 0.070295 0.063492 0.077098 0.072562 0.083900 0.097506 0.083900 0.111111 0.088435 0.120181 0.088435 0.133787 0.104308 0.165533 0.115646 0.179138 0.120181 0.199546 0.170068 0.251701 0.174603 0.251701 0.190476 0.265306 0.249433 0.269841 0.287982 0.290249 0.287982 0.283447 0.281179 0.272109 0.274376 0.269841 0.260771 0.256236 0.258503 0.240363 0.251701 0.226757 0.251701 0.206349 0.247166 0.197279 0.247166 0.174603 0.242630 0.163265 0.242630 0.122449 0.247166 0.120181 0.265306 0.088435 0.272109 0.088435 0.276644 0.083900 0.303855 0.083900 0.310658 0.088435 0.310658 0.074830 0.301587 0.056689 0.269841 0.020408 0.260771 0.002268
0 0.997732 0.222222 0.972789 0.224490 0.959184 0.231293 0.943311 0.233560 0.909297 0.256236 0.868481 0.274376 0.848073 0.292517 0.836735 0.292517 0.829932 0.306122 0.816327 0.312925 0.816327 0.319728 0.793651 0.346939 0.784580 0.346939 0.768707 0.362812 0.766440 0.369615 0.777778 0.365079 0.807256 0.367347 0.832200 0.349206 0.863946 0.340136 0.895692 0.335601 0.938776 0.335601 0.963719 0.353741 0.968254 0.353741 0.997732 0.385488
0 0.467120 0.641723 0.453515 0.646259 0.437642 0.659864 0.421769 0.662132 0.412698 0.675737 0.410431 0.691610 0.396825 0.705215 0.396825 0.714286 0.385488 0.725624 0.367347 0.734694 0.358277 0.746032 0.344671 0.750567 0.337868 0.761905 0.326531 0.766440 0.324263 0.770975 0.292517 0.791383 0.269841 0.816327 0.269841 0.820862 0.249433 0.848073 0.249433 0.861678 0.235828 0.877551 0.231293 0.900227 0.222222 0.911565 0.217687 0.947846 0.190476 0.990930 0.190476 0.997732 0.401361 0.997732 0.405896 0.990930 0.424036 0.981859 0.442177 0.959184 0.460317 0.943311 0.462585 0.925170 0.480726 0.888889 0.476190 0.875283 0.485261 0.832200 0.476190 0.818594 0.476190 0.798186 0.446712 0.761905 0.442177 0.748299 0.439909 0.718821 0.444444 0.714286 0.448980 0.684807
0 0.000000 0.399093 0.000000 0.575964 0.018141 0.575964 0.049887 0.553288 0.065760 0.555556 0.090703 0.541950 0.097506 0.541950 0.102041 0.528345 0.122449 0.507937 0.138322 0.505669 0.170068 0.485261 0.213152 0.478458 0.231293 0.480726 0.238095 0.487528 0.219955 0.467120 0.210884 0.451247 0.208617 0.437642 0.156463 0.437642 0.136054 0.433107 0.133787 0.428571 0.124717 0.428571 0.122449 0.424036 0.108844 0.419501 0.102041 0.410431 0.074830 0.412698 0.070295 0.408163
0 0.866213 0.000000 0.700680 0.000000 0.702948 0.047619 0.684807 0.086168 0.684807 0.099773 0.678005 0.113379 0.675737 0.131519 0.664399 0.151927 0.662132 0.170068 0.646259 0.188209 0.643991 0.204082 0.646259 0.206349 0.666667 0.192744 0.673469 0.192744 0.675737 0.188209 0.700680 0.176871 0.702948 0.172336 0.709751 0.174603 0.721088 0.170068 0.736961 0.151927 0.739229 0.140590 0.743764 0.138322 0.743764 0.129252 0.750567 0.124717 0.750567 0.117914 0.761905 0.108844 0.773243 0.079365 0.780045 0.077098 0.791383 0.065760 0.791383 0.061224 0.798186 0.058957 0.809524 0.045351 0.814059 0.045351 0.820862 0.034014 0.827664 0.031746 0.843537 0.013605 0.848073 0.013605
0 0.997732 0.743764 0.997732 0.573696 0.988662 0.564626 0.979592 0.564626 0.961451 0.551020 0.938776 0.557823 0.879819 0.553288 0.854875 0.564626 0.823129 0.560091 0.814059 0.566893 0.802721 0.566893 0.791383 0.580499 0.773243 0.575964 0.741497 0.578231 0.718821 0.569161 0.716553 0.560091 0.707483 0.571429 0.705215 0.580499 0.696145 0.589569 0.678005 0.598639 0.668934 0.598639 0.716553 0.614512 0.721088 0.619048 0.730159 0.619048 0.759637 0.637188 0.789116 0.639456 0.793651 0.646259 0.818594 0.646259 0.839002 0.657596 0.877551 0.657596 0.909297 0.682540 0.947846 0.700680 0.956916 0.712018
0 0.301587 0.000000 0.301587 0.009070 0.310658 0.029478 0.315193 0.031746 0.319728 0.043084 0.333333 0.054422 0.333333 0.061224 0.337868 0.065760 0.337868 0.079365 0.342404 0.081633 0.342404 0.090703 0.351474 0.099773 0.356009 0.115646 0.365079 0.120181 0.374150 0.131519 0.376417 0.140590 0.390023 0.154195 0.401361 0.181406 0.414966 0.199546 0.414966 0.206349 0.435374 0.238095 0.439909 0.267574 0.439909 0.285714 0.435374 0.301587 0.455782 0.301587 0.458050 0.294785 0.482993 0.269841 0.482993 0.263039 0.471655 0.253968 0.473923 0.208617 0.480726 0.201814 0.482993 0.204082 0.478458 0.190476 0.496599 0.163265 0.496599 0.145125 0.517007 0.102041 0.512472 0.086168 0.523810 0.079365 0.517007 0.068027 0.514739 0.038549 0.507937 0.031746 0.507937 0.024943 0.519274 0.009070 0.519274 0.000000
0 0.383220 0.655329 0.383220 0.662132 0.371882 0.671202 0.362812 0.671202 0.346939 0.702948 0.337868 0.712018 0.337868 0.718821 0.317460 0.736961 0.317460 0.741497 0.272109 0.773243 0.260771 0.789116 0.242630 0.804989 0.188209 0.829932 0.170068 0.829932 0.145125 0.843537 0.117914 0.843537 0.115646 0.848073 0.108844 0.848073 0.083900 0.879819 0.081633 0.888889 0.065760 0.902494 0.068027 0.927438 0.054422 0.961451 0.027211 0.997732 0.188209 0.997732 0.188209 0.990930 0.215420 0.947846 0.219955 0.911565 0.229025 0.900227 0.233560 0.877551 0.247166 0.861678 0.249433 0.843537 0.258503 0.834467 0.267574 0.816327 0.292517 0.789116 0.324263 0.768707 0.326531 0.764172 0.337868 0.759637 0.342404 0.750567 0.344671 0.755102 0.342404 0.750567 0.349206 0.743764 0.356009 0.716553 0.360544 0.714286 0.360544 0.707483 0.365079 0.705215 0.365079 0.698413 0.369615 0.696145 0.369615 0.689342 0.378685 0.678005
0 0.968254 0.000000 0.868481 0.000000 0.848073 0.015873 0.843537 0.015873 0.827664 0.034014 0.823129 0.034014 0.814059 0.047619 0.809524 0.047619 0.798186 0.061224 0.793651 0.061224 0.793651 0.065760 0.780045 0.079365 0.775510 0.079365 0.764172 0.108844 0.752834 0.117914 0.752834 0.124717 0.746032 0.129252 0.746032 0.138322 0.741497 0.140590 0.734694 0.158730 0.721088 0.172336 0.709751 0.176871 0.702948 0.174603 0.691610 0.192744 0.691610 0.263039 0.682540 0.278912 0.682540 0.297052 0.675737 0.308390 0.675737 0.319728 0.668934 0.333333 0.666667 0.351474 0.662132 0.353741 0.659864 0.387755 0.714286 0.342404 0.743764 0.331066 0.775510 0.326531 0.786848 0.317460 0.800454 0.312925 0.811791 0.301587 0.823129 0.299320 0.825397 0.290249 0.861678 0.251701 0.904762 0.213152 0.904762 0.208617 0.916100 0.195011 0.916100 0.188209 0.945578 0.149660 0.952381 0.126984 0.965986 0.111111 0.968254 0.097506 0.979592 0.081633 0.972789 0.068027 0.972789 0.040816 0.979592 0.034014 0.979592 0.020408 0.968254 0.011338
0 0.000000 0.231293 0.000000 0.396825 0.045351 0.401361 0.056689 0.405896 0.070295 0.405896 0.074830 0.410431 0.115646 0.410431 0.133787 0.396825 0.142857 0.401361 0.190476 0.401361 0.197279 0.405896 0.224490 0.405896 0.235828 0.396825 0.317460 0.392290 0.321995 0.401361 0.356009 0.401361 0.380952 0.414966 0.387755 0.414966 0.387755 0.396825 0.378685 0.390023 0.362812 0.387755 0.340136 0.374150 0.333333 0.362812 0.333333 0.353741 0.326531 0.346939 0.312925 0.346939 0.303855 0.351474 0.274376 0.319728 0.253968 0.310658 0.251701 0.306122 0.229025 0.301587 0.224490 0.287982 0.206349 0.278912 0.181406 0.278912 0.174603 0.272109 0.176871 0.269841 0.165533 0.269841 0.138322 0.253968 0.122449 0.253968 0.106576 0.242630 0.083900 0.240363 0.070295 0.229025 0.058957 0.233560 0.045351 0.229025
0 0.589569 0.594104 0.607710 0.598639 0.616780 0.605442 0.621315 0.614512 0.632653 0.616780 0.653061 0.634921 0.675737 0.668934 0.696145 0.689342 0.702948 0.718821 0.705215 0.766440 0.757370 0.804989 0.773243 0.823129 0.793651 0.832200 0.841270 0.866213 0.884354 0.886621 0.922902 0.888889 0.945578 0.900227 0.972789 0.900227 0.997732 0.891156 0.997732 0.746032 0.956916 0.714286 0.947846 0.702948 0.909297 0.684807 0.882086 0.662132 0.870748 0.657596 0.839002 0.659864 0.818594 0.648526 0.793651 0.648526 0.789116 0.641723 0.730159 0.639456 0.716553 0.632653 0.684807 0.632653 0.648526 0.612245 0.628118 0.605442 0.616780 0.596372
0 0.698413 0.000000 0.573696 0.000000 0.566893 0.020408 0.551020 0.040816 0.546485 0.063492 0.539683 0.074830 0.539683 0.083900 0.523810 0.113379 0.521542 0.136054 0.507937 0.176871 0.510204 0.195011 0.503401 0.204082 0.507937 0.210884 0.510204 0.258503 0.503401 0.265306 0.514739 0.274376 0.526077 0.294785 0.526077 0.315193 0.537415 0.344671 0.532880 0.349206 0.541950 0.351474 0.544218 0.356009 0.553288 0.349206 0.560091 0.326531 0.573696 0.315193 0.575964 0.303855 0.580499 0.299320 0.587302 0.299320 0.589569 0.294785 0.600907 0.292517 0.623583 0.278912 0.616780 0.278912 0.621315 0.272109 0.612245 0.260771 0.612245 0.249433 0.616780 0.238095 0.637188 0.224490 0.643991 0.188209 0.657596 0.174603 0.662132 0.151927 0.673469 0.131519 0.675737 0.113379 0.682540 0.099773 0.682540 0.086168 0.700680 0.047619
0 0.408163 0.521542 0.403628 0.519274 0.374150 0.532880 0.326531 0.537415 0.310658 0.551020 0.301587 0.548753 0.287982 0.553288 0.285714 0.560091 0.276644 0.566893 0.247166 0.564626 0.233560 0.569161 0.206349 0.589569 0.195011 0.594104 0.179138 0.612245 0.167800 0.616780 0.147392 0.648526 0.136054 0.653061 0.133787 0.657596 0.122449 0.657596 0.086168 0.689342 0.068027 0.746032 0.058957 0.757370 0.058957 0.782313 0.065760 0.816327 0.077098 0.825397 0.097506 0.827664 0.115646 0.841270 0.145125 0.841270 0.170068 0.827664 0.188209 0.827664 0.192744 0.823129 0.201814 0.823129 0.204082 0.818594 0.210884 0.818594 0.242630 0.802721 0.258503 0.789116 0.272109 0.770975 0.303855 0.750567 0.310658 0.741497 0.315193 0.741497 0.315193 0.736961 0.335601 0.718821 0.335601 0.712018 0.344671 0.702948 0.360544 0.671202 0.378685 0.664399 0.383220 0.653061 0.385488 0.659864 0.387755 0.657596 0.387755 0.641723 0.392290 0.639456 0.390023 0.553288 0.396825 0.544218 0.396825 0.537415 0.401361 0.535147 0.401361 0.528345
0 0.997732 0.387755 0.968254 0.356009 0.963719 0.356009 0.938776 0.337868 0.895692 0.337868 0.863946 0.342404 0.832200 0.351474 0.807256 0.369615 0.764172 0.369615 0.743764 0.390023 0.727891 0.392290 0.712018 0.412698 0.696145 0.417234 0.675737 0.433107 0.628118 0.455782 0.603175 0.462585 0.589569 0.462585 0.580499 0.476190 0.630385 0.476190 0.650794 0.482993 0.689342 0.505669 0.698413 0.517007 0.705215 0.507937 0.714286 0.505669 0.757370 0.507937 0.798186 0.496599 0.852608 0.492063 0.868481 0.485261 0.897959 0.480726 0.943311 0.453515 0.954649 0.451247 0.993197 0.405896 0.990930 0.394558
0 0.210884 0.433107 0.213152 0.451247 0.240363 0.487528 0.269841 0.510204 0.310658 0.532880 0.358277 0.532880 0.387755 0.526077 0.403628 0.517007 0.410431 0.519274 0.405896 0.517007 0.424036 0.496599 0.424036 0.473923 0.419501 0.464853 0.394558 0.444444 0.387755 0.417234 0.380952 0.417234 0.356009 0.403628 0.321995 0.403628 0.317460 0.394558 0.235828 0.399093
0 0.260771 0.000000 0.272109 0.020408 0.303855 0.056689 0.312925 0.074830 0.310658 0.090703 0.303855 0.086168 0.276644 0.086168 0.272109 0.090703 0.265306 0.090703 0.258503 0.106576 0.244898 0.122449 0.244898 0.163265 0.249433 0.174603 0.249433 0.197279 0.253968 0.206349 0.253968 0.226757 0.260771 0.240363 0.263039 0.256236 0.283447 0.272109 0.290249 0.283447 0.290249 0.290249 0.283447 0.290249 0.290249 0.292517 0.297052 0.308390 0.306122 0.312925 0.310658 0.335601 0.335601 0.353741 0.340136 0.371882 0.362812 0.385488 0.378685 0.387755 0.387755 0.394558 0.408163 0.392290 0.419501 0.396825 0.435374 0.396825 0.435374 0.392290 0.428571 0.385488 0.428571 0.353741 0.433107 0.346939 0.433107 0.324263 0.437642 0.319728 0.437642 0.301587 0.433107 0.301587 0.437642 0.285714 0.433107 0.238095 0.412698 0.206349 0.412698 0.199546 0.399093 0.181406 0.387755 0.154195 0.374150 0.140590 0.371882 0.131519 0.362812 0.120181 0.353741 0.115646 0.353741 0.108844 0.340136 0.090703 0.340136 0.081633 0.335601 0.079365 0.335601 0.065760 0.331066 0.061224 0.331066 0.054422 0.317460 0.043084 0.312925 0.031746 0.308390 0.029478 0.299320 0.009070 0.299320 0.000000
0 0.485261 0.265306 0.482993 0.274376 0.460317 0.294785 0.455782 0.303855 0.439909 0.303855 0.439909 0.319728 0.435374 0.324263 0.435374 0.346939 0.430839 0.353741 0.430839 0.385488 0.437642 0.392290 0.433107 0.401361 0.437642 0.405896 0.458050 0.408163 0.467120 0.412698 0.478458 0.433107 0.510204 0.433107 0.512472 0.428571 0.528345 0.424036 0.546485 0.410431 0.544218 0.362812 0.539683 0.358277 0.541950 0.353741 0.530612 0.349206 0.535147 0.344671 0.526077 0.324263 0.523810 0.294785 0.517007 0.281179 0.505669 0.267574
0 0.510204 0.580499 0.505669 0.598639 0.487528 0.614512 0.478458 0.634921 0.482993 0.632653 0.492063 0.641723 0.494331 0.662132 0.528345 0.693878 0.573696 0.746032 0.632653 0.784580 0.655329 0.791383 0.671202 0.791383 0.678005 0.784580 0.698413 0.775510 0.702948 0.766440 0.698413 0.702948 0.693878 0.689342 0.673469 0.668934 0.650794 0.634921 0.632653 0.619048 0.621315 0.616780 0.607710 0.600907 0.589569 0.596372 0.587302 0.589569 0.564626 0.589569 0.546485 0.582766
0 0.424036 0.498866 0.408163 0.517007 0.412698 0.519274 0.403628 0.528345 0.403628 0.535147 0.399093 0.537415 0.399093 0.544218 0.392290 0.553288 0.394558 0.639456 0.414966 0.657596 0.430839 0.659864 0.453515 0.643991 0.464853 0.641723 0.478458 0.632653 0.476190 0.630385 0.485261 0.614512 0.505669 0.594104 0.505669 0.582766 0.512472 0.578231 0.512472 0.557823 0.496599 0.537415 0.485261 0.530612 0.473923 0.512472 0.444444 0.512472
0 0.664399 0.274376 0.628118 0.276644 0.605442 0.292517 0.589569 0.297052 0.587302 0.301587 0.580499 0.301587 0.575964 0.315193 0.562358 0.326531 0.555556 0.349206 0.548753 0.356009 0.541950 0.356009 0.546485 0.362812 0.548753 0.414966 0.569161 0.435374 0.587302 0.460317 0.603175 0.460317 0.605442 0.453515 0.600907 0.448980 0.600907 0.437642 0.625850 0.417234 0.643991 0.408163 0.657596 0.390023 0.659864 0.353741 0.664399 0.351474 0.666667 0.333333 0.673469 0.319728 0.673469 0.308390 0.678005 0.303855 0.678005 0.297052 0.671202 0.290249 0.671202 0.278912
0 0.478458 0.514739 0.487528 0.530612 0.494331 0.532880 0.512472 0.553288 0.514739 0.578231 0.546485 0.580499 0.564626 0.587302 0.587302 0.587302 0.591837 0.591837 0.616780 0.594104 0.628118 0.603175 0.648526 0.609977 0.684807 0.630385 0.716553 0.630385 0.730159 0.637188 0.757370 0.637188 0.730159 0.621315 0.721088 0.621315 0.716553 0.616780 0.666667 0.600907 0.668934 0.596372 0.678005 0.596372 0.702948 0.580499 0.705215 0.571429 0.714286 0.560091 0.714286 0.546485 0.709751 0.532880 0.689342 0.507937 0.650794 0.485261 0.630385 0.478458 0.582766 0.478458 0.573696 0.489796 0.573696 0.510204 0.564626 0.521542 0.551020 0.528345 0.503401 0.528345 0.496599 0.521542
0 0.421769 0.659864 0.414966 0.659864 0.396825 0.641723 0.390023 0.641723 0.390023 0.657596 0.380952 0.666667 0.380952 0.678005 0.376417 0.680272 0.376417 0.687075 0.371882 0.689342 0.371882 0.696145 0.362812 0.707483 0.394558 0.707483 0.408163 0.691610 0.410431 0.675737
0 0.390023 0.394558 0.392290 0.435374 0.396825 0.444444 0.421769 0.464853 0.426304 0.476190 0.435374 0.464853 0.460317 0.464853 0.460317 0.458050 0.473923 0.446712 0.480726 0.435374 0.476190 0.433107 0.469388 0.417234 0.458050 0.410431 0.437642 0.408163 0.430839 0.399093
0 0.485261 0.517007 0.496599 0.519274 0.503401 0.526077 0.551020 0.526077 0.564626 0.519274 0.571429 0.510204 0.573696 0.487528 0.521542 0.492063 0.507937 0.482993 0.501134 0.482993 0.496599 0.487528 0.492063 0.503401 0.487528 0.505669
0 0.546485 0.412698 0.528345 0.426304 0.512472 0.430839 0.510204 0.435374 0.503401 0.433107 0.528345 0.460317 0.537415 0.460317 0.555556 0.446712 0.555556 0.442177 0.564626 0.433107 0.548753 0.419501
0 0.428571 0.473923 0.426304 0.498866 0.444444 0.510204 0.473923 0.510204 0.482993 0.514739 0.494331 0.492063 0.473923 0.489796 0.469388 0.485261 0.464853 0.464853 0.435374 0.467120
0 0.462585 0.458050 0.462585 0.462585 0.469388 0.469388 0.471655 0.485261 0.478458 0.489796 0.494331 0.489796 0.501134 0.480726 0.507937 0.480726 0.521542 0.489796 0.573696 0.485261 0.580499 0.478458 0.578231 0.473923 0.587302 0.462585 0.566893 0.435374 0.562358 0.435374 0.557823 0.446712 0.537415 0.462585 0.528345 0.462585 0.521542 0.458050 0.503401 0.435374 0.482993 0.435374 0.476190 0.446712