0 0.433107 0.471655 0.428571 0.471655 0.417234 0.455782 0.396825 0.439909 0.378685 0.446712 0.346939 0.446712 0.346939 0.460317 0.367347 0.482993 0.385488 0.473923
0 0.600907 0.535147 0.619048 0.546485 0.630385 0.557823 0.630385 0.562358 0.630385 0.551020 0.616780 0.537415
0 0.471655 0.541950 0.458050 0.541950 0.437642 0.555556 0.435374 0.562358 0.444444 0.578231 0.453515 0.582766 0.469388 0.580499 0.469388 0.571429 0.476190 0.555556 0.480726 0.553288 0.478458 0.546485 0.473923 0.546485
0 0.494331 0.566893 0.492063 0.605442 0.498866 0.607710 0.503401 0.621315 0.514739 0.623583 0.523810 0.632653 0.548753 0.691610 0.548753 0.750567 0.544218 0.764172 0.539683 0.766440 0.566893 0.764172 0.587302 0.750567 0.596372 0.725624 0.598639 0.702948 0.594104 0.696145 0.594104 0.680272 0.585034 0.668934 0.580499 0.653061 0.571429 0.639456 0.557823 0.632653 0.528345 0.632653 0.517007 0.623583 0.501134 0.594104 0.501134 0.582766
0 0.571429 0.360544 0.526077 0.360544 0.501134 0.351474 0.487528 0.356009 0.473923 0.369615 0.455782 0.365079 0.446712 0.371882 0.444444 0.380952 0.448980 0.401361 0.487528 0.439909 0.485261 0.464853 0.494331 0.464853 0.498866 0.451247 0.512472 0.437642 0.523810 0.442177 0.541950 0.433107 0.551020 0.424036 0.553288 0.414966 0.564626 0.401361 0.564626 0.392290 0.571429 0.378685
0 0.455782 0.535147 0.446712 0.532880 0.433107 0.546485 0.421769 0.548753 0.396825 0.575964 0.367347 0.596372 0.335601 0.589569 0.310658 0.594104 0.265306 0.630385 0.256236 0.641723 0.251701 0.657596 0.238095 0.682540 0.235828 0.712018 0.244898 0.732426 0.258503 0.741497 0.283447 0.741497 0.308390 0.730159 0.324263 0.727891 0.353741 0.709751 0.371882 0.691610 0.387755 0.680272 0.394558 0.664399 0.394558 0.603175 0.414966 0.573696 0.442177 0.548753 0.453515 0.544218
0 0.798186 0.360544 0.770975 0.340136 0.723356 0.340136 0.678005 0.362812 0.671202 0.362812 0.648526 0.380952 0.641723 0.399093 0.634921 0.401361 0.637188 0.428571 0.632653 0.439909 0.619048 0.453515 0.566893 0.482993 0.553288 0.485261 0.541950 0.494331 0.514739 0.496599 0.521542 0.501134 0.523810 0.510204 0.537415 0.501134 0.553288 0.501134 0.571429 0.489796 0.585034 0.487528 0.596372 0.478458 0.632653 0.473923 0.641723 0.467120 0.662132 0.469388 0.680272 0.478458 0.723356 0.476190 0.741497 0.469388 0.780045 0.442177 0.798186 0.414966 0.807256 0.387755 0.807256 0.378685
0 0.478458 0.555556 0.471655 0.571429 0.471655 0.582766 0.476190 0.587302 0.476190 0.609977 0.469388 0.616780 0.462585 0.616780 0.451247 0.630385 0.444444 0.632653 0.439909 0.662132 0.430839 0.678005 0.428571 0.741497 0.430839 0.755102 0.453515 0.798186 0.471655 0.809524 0.494331 0.811791 0.528345 0.782313 0.544218 0.759637 0.546485 0.691610 0.521542 0.632653 0.514739 0.625850 0.498866 0.623583 0.489796 0.605442 0.492063 0.566893 0.498866 0.560091 0.489796 0.555556
0 0.619048 0.351474 0.603175 0.349206 0.573696 0.358277 0.573696 0.378685 0.566893 0.392290 0.566893 0.401361 0.555556 0.414966 0.553288 0.424036 0.541950 0.435374 0.521542 0.444444 0.521542 0.467120 0.507937 0.478458 0.510204 0.487528 0.521542 0.480726 0.557823 0.480726 0.582766 0.469388 0.596372 0.460317 0.628118 0.424036 0.639456 0.385488 0.628118 0.360544
0 0.512472 0.532880 0.519274 0.535147 0.519274 0.541950 0.512472 0.557823 0.523810 0.569161 0.532880 0.591837 0.544218 0.594104 0.569161 0.614512 0.582766 0.619048 0.594104 0.614512 0.619048 0.612245 0.634921 0.600907 0.637188 0.578231 0.632653 0.564626 0.619048 0.548753 0.598639 0.532880 0.580499 0.528345 0.553288 0.512472 0.526077 0.526077 0.517007 0.521542
0 0.362812 0.487528 0.356009 0.496599 0.358277 0.510204 0.376417 0.528345 0.399093 0.541950 0.428571 0.546485 0.446712 0.530612 0.458050 0.535147 0.462585 0.526077 0.471655 0.519274 0.464853 0.514739 0.467120 0.494331 0.460317 0.494331 0.435374 0.473923 0.385488 0.476190
0 0.462585 0.473923 0.464853 0.489796 0.469388 0.494331 0.467120 0.514739 0.501134 0.503401 0.510204 0.489796 0.505669 0.478458 0.507937 0.476190 0.492063 0.467120 0.469388 0.467120
0 0.517007 0.448980 0.507937 0.458050 0.507937 0.473923 0.519274 0.467120
0 0.471655 0.521542 0.473923 0.535147 0.482993 0.553288 0.489796 0.553288 0.494331 0.557823 0.507937 0.555556 0.514739 0.521542 0.498866 0.521542 0.487528 0.528345 0.478458 0.521542
0 0.517007 0.492063 0.510204 0.492063 0.505669 0.501134 0.498866 0.505669 0.498866 0.514739 0.494331 0.521542 0.517007 0.519274 0.523810 0.512472 0.519274 0.501134 0.512472 0.496599
0 0.496599 0.507937 0.480726 0.510204 0.471655 0.517007 0.487528 0.526077 0.492063 0.523810