0 0.455782 0.539683 0.458050 0.553288 0.453515 0.564626 0.458050 0.566893 0.460317 0.582766 0.430839 0.612245 0.430839 0.625850 0.451247 0.653061 0.478458 0.657596 0.498866 0.639456 0.501134 0.609977 0.492063 0.596372 0.478458 0.591837 0.469388 0.582766
0 0.430839 0.378685 0.439909 0.390023 0.437642 0.414966 0.446712 0.414966 0.451247 0.428571 0.446712 0.473923 0.442177 0.476190 0.451247 0.482993 0.448980 0.478458 0.453515 0.471655 0.458050 0.433107 0.464853 0.426304 0.476190 0.426304 0.485261 0.419501 0.487528 0.394558 0.482993 0.387755 0.469388 0.380952
0 0.401361 0.476190 0.403628 0.485261 0.410431 0.489796 0.426304 0.482993 0.419501 0.476190
0 0.535147 0.421769 0.523810 0.435374 0.523810 0.458050 0.501134 0.476190 0.530612 0.476190 0.551020 0.494331 0.580499 0.494331 0.585034 0.487528 0.585034 0.476190 0.580499 0.471655 0.573696 0.448980 0.546485 0.421769
0 0.267574 0.519274 0.272109 0.537415 0.285714 0.548753 0.303855 0.555556 0.333333 0.557823 0.365079 0.548753 0.371882 0.526077 0.383220 0.514739 0.412698 0.510204 0.421769 0.512472 0.412698 0.507937 0.410431 0.501134 0.392290 0.505669 0.376417 0.503401 0.358277 0.480726 0.346939 0.473923 0.310658 0.473923 0.287982 0.485261 0.283447 0.494331 0.287982 0.505669 0.269841 0.507937
0 0.478458 0.532880 0.496599 0.546485 0.510204 0.562358 0.510204 0.571429 0.503401 0.578231 0.503401 0.598639 0.505669 0.605442 0.521542 0.619048 0.526077 0.628118 0.551020 0.646259 0.571429 0.650794 0.575964 0.655329 0.589569 0.655329 0.600907 0.641723 0.605442 0.630385 0.605442 0.616780 0.598639 0.594104 0.564626 0.555556 0.555556 0.551020 0.521542 0.551020 0.496599 0.537415 0.496599 0.532880
0 0.367347 0.371882 0.362812 0.405896 0.365079 0.421769 0.376417 0.448980 0.396825 0.471655 0.419501 0.473923 0.424036 0.469388 0.433107 0.480726 0.451247 0.487528 0.439909 0.476190 0.437642 0.467120 0.444444 0.444444 0.444444 0.430839 0.435374 0.414966 0.437642 0.390023 0.433107 0.383220 0.421769 0.376417 0.396825 0.369615
0 0.439909 0.519274 0.435374 0.523810 0.419501 0.521542 0.387755 0.560091 0.385488 0.600907 0.392290 0.607710 0.417234 0.609977 0.444444 0.585034 0.451247 0.573696 0.455782 0.532880 0.444444 0.528345
0 0.460317 0.503401 0.464853 0.503401 0.471655 0.510204 0.471655 0.521542 0.467120 0.526077 0.476190 0.530612 0.498866 0.530612 0.528345 0.519274 0.537415 0.505669 0.537415 0.498866 0.532880 0.489796 0.519274 0.480726 0.485261 0.476190 0.473923 0.478458 0.467120 0.485261 0.467120 0.501134
0 0.410431 0.492063 0.412698 0.505669 0.424036 0.514739 0.458050 0.510204 0.451247 0.489796 0.435374 0.482993 0.421769 0.485261
0 0.464853 0.505669 0.458050 0.505669 0.460317 0.510204 0.453515 0.514739 0.442177 0.514739 0.442177 0.523810 0.460317 0.532880 0.469388 0.521542 0.469388 0.510204
0 0.448980 0.485261 0.453515 0.487528 0.458050 0.503401 0.464853 0.501134 0.464853 0.485261