0 0.072562 0.664399 0.077098 0.668934 0.081633 0.687075 0.097506 0.705215 0.097506 0.714286 0.117914 0.707483 0.111111 0.707483 0.120181 0.700680 0.154195 0.698413 0.160998 0.702948 0.222222 0.702948 0.281179 0.671202 0.303855 0.655329 0.319728 0.634921 0.310658 0.632653 0.285714 0.603175 0.285714 0.580499 0.290249 0.569161 0.217687 0.571429 0.204082 0.566893 0.179138 0.566893 0.172336 0.562358 0.126984 0.562358 0.104308 0.582766 0.102041 0.589569 0.077098 0.614512 0.077098 0.628118 0.072562 0.637188
0 0.675737 0.528345 0.696145 0.528345 0.730159 0.535147 0.732426 0.551020 0.770975 0.548753 0.777778 0.564626 0.784580 0.569161 0.802721 0.571429 0.802721 0.535147 0.773243 0.510204 0.764172 0.510204 0.755102 0.517007 0.739229 0.517007 0.730159 0.521542 0.709751 0.521542 0.700680 0.512472 0.687075 0.510204
0 0.786848 0.126984 0.780045 0.133787 0.746032 0.131519 0.700680 0.147392 0.689342 0.165533 0.659864 0.183673 0.655329 0.195011 0.637188 0.215420 0.632653 0.224490 0.632653 0.238095 0.621315 0.253968 0.619048 0.272109 0.614512 0.274376 0.641723 0.272109 0.655329 0.263039 0.673469 0.263039 0.680272 0.269841 0.680272 0.274376 0.698413 0.251701 0.700680 0.240363 0.734694 0.213152 0.752834 0.192744 0.761905 0.170068 0.768707 0.163265
0 0.512472 0.804989 0.526077 0.832200 0.523810 0.850340 0.530612 0.861678 0.532880 0.877551 0.569161 0.922902 0.578231 0.943311 0.594104 0.963719 0.594104 0.975057 0.616780 0.997732 0.789116 0.997732 0.777778 0.986395 0.748299 0.929705 0.736961 0.925170 0.702948 0.893424 0.702948 0.845805 0.684807 0.820862 0.684807 0.814059 0.693878 0.800454 0.680272 0.768707 0.666667 0.761905 0.659864 0.841270 0.639456 0.873016 0.623583 0.884354 0.612245 0.884354 0.575964 0.861678 0.535147 0.825397 0.528345 0.823129
0 0.083900 0.149660 0.081633 0.170068 0.090703 0.188209 0.081633 0.192744 0.083900 0.201814 0.092971 0.208617 0.099773 0.224490 0.179138 0.285714 0.190476 0.287982 0.199546 0.315193 0.215420 0.328798 0.229025 0.328798 0.233560 0.333333 0.263039 0.333333 0.265306 0.342404 0.272109 0.349206 0.326531 0.344671 0.342404 0.353741 0.342404 0.346939 0.333333 0.340136 0.331066 0.333333 0.331066 0.294785 0.342404 0.281179 0.356009 0.272109 0.376417 0.269841 0.378685 0.253968 0.360544 0.247166 0.337868 0.229025 0.321995 0.208617 0.315193 0.192744 0.310658 0.190476 0.306122 0.167800 0.297052 0.147392 0.297052 0.136054 0.292517 0.131519 0.292517 0.108844 0.283447 0.099773 0.233560 0.083900 0.188209 0.083900 0.170068 0.088435 0.138322 0.104308 0.131519 0.104308 0.111111 0.120181
0 0.385488 0.621315 0.337868 0.634921 0.321995 0.634921 0.303855 0.657596 0.281179 0.673469 0.276644 0.673469 0.274376 0.678005 0.222222 0.705215 0.160998 0.705215 0.154195 0.700680 0.120181 0.702948 0.113379 0.707483 0.117914 0.709751 0.115646 0.712018 0.106576 0.712018 0.081633 0.727891 0.063492 0.746032 0.043084 0.791383 0.027211 0.807256 0.013605 0.814059 0.006803 0.827664 0.000000 0.832200 0.000000 0.997732 0.099773 0.997732 0.111111 0.984127 0.145125 0.965986 0.149660 0.956916 0.176871 0.929705 0.176871 0.922902 0.190476 0.907029 0.238095 0.866213 0.249433 0.841270 0.263039 0.829932 0.263039 0.825397 0.272109 0.825397 0.283447 0.814059 0.287982 0.802721 0.285714 0.743764 0.294785 0.718821 0.299320 0.716553 0.301587 0.707483 0.324263 0.678005 0.367347 0.634921 0.383220 0.628118
0 0.405896 0.000000 0.405896 0.022676 0.412698 0.043084 0.424036 0.063492 0.426304 0.077098 0.442177 0.102041 0.442177 0.192744 0.458050 0.222222 0.458050 0.253968 0.487528 0.278912 0.494331 0.301587 0.494331 0.337868 0.501134 0.369615 0.521542 0.371882 0.532880 0.378685 0.528345 0.321995 0.535147 0.306122 0.535147 0.297052 0.560091 0.272109 0.573696 0.269841 0.609977 0.247166 0.625850 0.206349 0.623583 0.154195 0.628118 0.147392 0.639456 0.145125 0.650794 0.136054 0.650794 0.122449 0.655329 0.115646 0.653061 0.097506 0.659864 0.079365 0.659864 0.002268
0 0.693878 0.705215 0.705215 0.734694 0.705215 0.770975 0.700680 0.795918 0.687075 0.814059 0.687075 0.820862 0.705215 0.845805 0.705215 0.893424 0.714286 0.904762 0.750567 0.929705 0.780045 0.986395 0.791383 0.997732 0.986395 0.997732 0.988662 0.993197 0.981859 0.981859 0.984127 0.954649 0.975057 0.931973 0.975057 0.916100 0.965986 0.902494 0.959184 0.882086 0.961451 0.834467 0.952381 0.804989 0.920635 0.836735 0.882086 0.836735 0.861678 0.832200 0.798186 0.798186 0.782313 0.793651 0.770975 0.784580 0.736961 0.739229 0.727891 0.709751 0.716553 0.691610 0.705215 0.702948
0 0.000000 0.126984 0.000000 0.385488 0.029478 0.403628 0.047619 0.403628 0.052154 0.399093 0.061224 0.399093 0.083900 0.385488 0.092971 0.385488 0.099773 0.380952 0.111111 0.380952 0.120181 0.376417 0.147392 0.376417 0.181406 0.392290 0.201814 0.394558 0.213152 0.401361 0.244898 0.408163 0.276644 0.424036 0.247166 0.399093 0.238095 0.380952 0.233560 0.335601 0.229025 0.331066 0.215420 0.331066 0.197279 0.315193 0.190476 0.290249 0.179138 0.287982 0.108844 0.235828 0.097506 0.224490 0.090703 0.208617 0.081633 0.201814 0.081633 0.190476 0.029478 0.138322
0 0.485261 0.571429 0.480726 0.571429 0.473923 0.589569 0.467120 0.589569 0.451247 0.609977 0.442177 0.605442 0.437642 0.628118 0.419501 0.648526 0.410431 0.687075 0.399093 0.700680 0.385488 0.709751 0.374150 0.723356 0.333333 0.743764 0.333333 0.761905 0.308390 0.784580 0.301587 0.798186 0.299320 0.825397 0.292517 0.827664 0.285714 0.823129 0.276644 0.823129 0.258503 0.841270 0.244898 0.868481 0.215420 0.895692 0.197279 0.907029 0.195011 0.916100 0.185941 0.925170 0.188209 0.931973 0.179138 0.941043 0.165533 0.965986 0.160998 0.986395 0.165533 0.997732 0.421769 0.997732 0.424036 0.986395 0.435374 0.975057 0.448980 0.943311 0.446712 0.929705 0.464853 0.900227 0.464853 0.879819 0.458050 0.859410 0.471655 0.845805 0.471655 0.823129 0.460317 0.800454 0.455782 0.775510 0.460317 0.770975 0.460317 0.755102 0.467120 0.727891 0.482993 0.712018 0.473923 0.684807 0.473923 0.648526 0.480726 0.634921 0.480726 0.625850 0.492063 0.605442 0.492063 0.589569
0 0.297052 0.000000 0.297052 0.018141 0.290249 0.043084 0.294785 0.102041 0.292517 0.106576 0.294785 0.131519 0.299320 0.136054 0.299320 0.147392 0.308390 0.167800 0.312925 0.190476 0.317460 0.192744 0.317460 0.197279 0.337868 0.226757 0.360544 0.244898 0.380952 0.253968 0.378685 0.269841 0.426304 0.287982 0.448980 0.308390 0.480726 0.351474 0.480726 0.346939 0.487528 0.344671 0.496599 0.358277 0.492063 0.337868 0.492063 0.301587 0.485261 0.278912 0.462585 0.263039 0.455782 0.253968 0.455782 0.222222 0.439909 0.192744 0.439909 0.102041 0.426304 0.081633 0.421769 0.063492 0.410431 0.043084 0.403628 0.022676 0.403628 0.000000
0 0.594104 0.544218 0.594104 0.551020 0.598639 0.555556 0.596372 0.591837 0.600907 0.591837 0.646259 0.639456 0.648526 0.657596 0.671202 0.675737 0.691610 0.705215 0.705215 0.700680 0.716553 0.689342 0.730159 0.709751 0.736961 0.734694 0.750567 0.757370 0.782313 0.791383 0.798186 0.795918 0.845805 0.823129 0.882086 0.834467 0.920635 0.834467 0.952381 0.802721 0.954649 0.761905 0.936508 0.709751 0.925170 0.693878 0.913832 0.664399 0.895692 0.641723 0.852608 0.600907 0.811791 0.582766 0.798186 0.571429 0.784580 0.571429 0.775510 0.564626 0.770975 0.551020 0.732426 0.553288 0.730159 0.537415 0.675737 0.530612 0.653061 0.546485 0.623583 0.548753 0.612245 0.544218
0 0.000000 0.421769 0.000000 0.523810 0.020408 0.523810 0.088435 0.548753 0.120181 0.553288 0.126984 0.560091 0.124717 0.564626 0.126984 0.560091 0.172336 0.560091 0.179138 0.564626 0.204082 0.564626 0.217687 0.569161 0.287982 0.569161 0.301587 0.553288 0.321995 0.546485 0.326531 0.539683 0.333333 0.539683 0.351474 0.523810 0.369615 0.519274 0.394558 0.503401 0.410431 0.498866 0.414966 0.501134 0.414966 0.487528 0.405896 0.478458 0.396825 0.476190 0.392290 0.469388 0.362812 0.458050 0.358277 0.451247 0.340136 0.444444 0.324263 0.446712 0.244898 0.410431 0.213152 0.403628 0.201814 0.396825 0.181406 0.394558 0.147392 0.378685 0.120181 0.378685 0.083900 0.387755 0.047619 0.405896 0.024943 0.405896 0.027211 0.408163 0.022676 0.412698
0 0.673469 0.265306 0.655329 0.265306 0.641723 0.274376 0.625850 0.274376 0.598639 0.283447 0.560091 0.315193 0.535147 0.353741 0.532880 0.349206 0.532880 0.380952 0.557823 0.405896 0.557823 0.435374 0.625850 0.433107 0.632653 0.437642 0.634921 0.430839 0.655329 0.424036 0.664399 0.412698 0.684807 0.403628 0.684807 0.396825 0.689342 0.394558 0.691610 0.365079 0.689342 0.337868 0.675737 0.301587 0.675737 0.283447 0.680272 0.276644
0 0.276644 0.399093 0.317460 0.417234 0.328798 0.442177 0.340136 0.442177 0.358277 0.448980 0.362812 0.455782 0.392290 0.467120 0.399093 0.473923 0.410431 0.446712 0.399093 0.446712 0.385488 0.439909 0.369615 0.424036 0.367347 0.401361 0.362812 0.394558 0.360544 0.396825 0.351474 0.387755 0.340136 0.385488 0.331066 0.378685 0.299320 0.378685 0.287982 0.385488
0 0.492063 0.600907 0.494331 0.605442 0.482993 0.625850 0.482993 0.634921 0.476190 0.648526 0.476190 0.684807 0.485261 0.705215 0.485261 0.712018 0.478458 0.718821 0.480726 0.736961 0.487528 0.757370 0.494331 0.766440 0.494331 0.773243 0.503401 0.784580 0.507937 0.800454 0.517007 0.804989 0.523810 0.816327 0.535147 0.823129 0.557823 0.845805 0.612245 0.882086 0.623583 0.882086 0.637188 0.873016 0.657596 0.841270 0.659864 0.791383 0.666667 0.759637 0.657596 0.748299 0.650794 0.730159 0.637188 0.714286 0.609977 0.655329 0.587302 0.619048 0.575964 0.634921 0.562358 0.637188 0.551020 0.634921 0.505669 0.603175
0 0.342404 0.283447 0.333333 0.294785 0.333333 0.333333 0.335601 0.340136 0.344671 0.346939 0.344671 0.356009 0.356009 0.374150 0.360544 0.394558 0.362812 0.392290 0.369615 0.401361 0.371882 0.424036 0.385488 0.437642 0.399093 0.444444 0.410431 0.444444 0.410431 0.451247 0.417234 0.444444 0.437642 0.444444 0.439909 0.439909 0.458050 0.437642 0.458050 0.414966 0.485261 0.378685 0.476190 0.378685 0.476190 0.371882 0.482993 0.360544 0.478458 0.349206 0.446712 0.308390 0.421769 0.287982 0.392290 0.278912 0.383220 0.272109 0.362812 0.272109
0 0.451247 0.517007 0.433107 0.512472 0.424036 0.496599 0.417234 0.494331 0.414966 0.503401 0.410431 0.501134 0.394558 0.505669 0.369615 0.521542 0.351474 0.526077 0.333333 0.541950 0.326531 0.541950 0.321995 0.548753 0.299320 0.557823 0.287982 0.580499 0.290249 0.607710 0.310658 0.630385 0.337868 0.632653 0.385488 0.619048 0.387755 0.621315 0.394558 0.612245 0.426304 0.605442 0.430839 0.600907 0.430839 0.594104 0.453515 0.544218
0 0.979592 0.027211 0.950113 0.013605 0.897959 0.011338 0.857143 0.024943 0.804989 0.079365 0.789116 0.129252 0.764172 0.170068 0.755102 0.192744 0.734694 0.215420 0.702948 0.240363 0.700680 0.251701 0.678005 0.283447 0.678005 0.301587 0.691610 0.337868 0.693878 0.365079 0.691610 0.394558 0.682540 0.405896 0.687075 0.405896 0.691610 0.399093 0.730159 0.387755 0.732426 0.392290 0.741497 0.392290 0.748299 0.387755 0.814059 0.385488 0.823129 0.378685 0.832200 0.378685 0.829932 0.376417 0.845805 0.362812 0.861678 0.356009 0.875283 0.335601 0.877551 0.321995 0.893424 0.303855 0.897959 0.292517 0.922902 0.267574 0.938776 0.235828 0.968254 0.206349 0.970522 0.199546 0.979592 0.190476 0.984127 0.190476 0.997732 0.167800 0.997732 0.047619
0 0.482993 0.444444 0.476190 0.462585 0.473923 0.501134 0.494331 0.514739 0.507937 0.514739 0.510204 0.519274 0.526077 0.505669 0.526077 0.485261 0.514739 0.471655 0.507937 0.455782 0.496599 0.444444
0 0.807256 0.462585 0.793651 0.455782 0.775510 0.455782 0.752834 0.460317 0.732426 0.471655 0.721088 0.471655 0.700680 0.485261 0.698413 0.480726 0.684807 0.501134 0.684807 0.510204 0.700680 0.510204 0.709751 0.519274 0.755102 0.514739 0.793651 0.494331 0.807256 0.476190
0 0.453515 0.546485 0.442177 0.578231 0.437642 0.582766 0.437642 0.589569 0.433107 0.594104 0.433107 0.600907 0.421769 0.609977 0.403628 0.614512 0.403628 0.643991 0.408163 0.643991 0.428571 0.628118 0.442177 0.603175 0.451247 0.607710 0.467120 0.587302 0.471655 0.589569 0.478458 0.573696 0.458050 0.560091
0 0.555556 0.435374 0.557823 0.451247 0.553288 0.464853 0.562358 0.476190 0.562358 0.482993 0.557823 0.489796 0.548753 0.494331 0.548753 0.498866 0.560091 0.505669 0.571429 0.505669 0.580499 0.512472 0.582766 0.526077 0.591837 0.535147 0.591837 0.544218 0.612245 0.541950 0.623583 0.546485 0.653061 0.544218 0.673469 0.530612 0.682540 0.512472 0.682540 0.501134 0.698413 0.478458 0.689342 0.458050 0.682540 0.458050 0.655329 0.444444 0.653061 0.435374 0.646259 0.439909 0.632653 0.439909 0.625850 0.435374
0 0.548753 0.501134 0.523810 0.512472 0.510204 0.546485 0.498866 0.562358 0.487528 0.571429 0.492063 0.578231 0.494331 0.598639 0.505669 0.600907 0.551020 0.632653 0.571429 0.634921 0.580499 0.628118 0.589569 0.607710 0.591837 0.589569 0.596372 0.589569 0.596372 0.555556 0.591837 0.551020 0.587302 0.530612 0.580499 0.526077 0.578231 0.512472 0.571429 0.507937 0.553288 0.505669
0 0.487528 0.376417 0.485261 0.385488 0.464853 0.405896 0.460317 0.414966 0.460317 0.437642 0.473923 0.446712 0.478458 0.442177 0.496599 0.442177 0.505669 0.451247 0.514739 0.444444 0.528345 0.444444 0.551020 0.462585 0.555556 0.451247 0.553288 0.401361 0.530612 0.378685 0.521542 0.374150
0 0.417234 0.446712 0.405896 0.458050 0.401361 0.476190 0.405896 0.476190 0.417234 0.487528 0.417234 0.492063 0.426304 0.496599 0.433107 0.510204 0.453515 0.517007 0.453515 0.541950 0.460317 0.560091 0.478458 0.571429 0.489796 0.569161 0.507937 0.546485 0.521542 0.514739 0.510204 0.521542 0.507937 0.517007 0.494331 0.517007 0.471655 0.501134 0.473923 0.462585 0.478458 0.444444 0.473923 0.448980 0.462585 0.439909 0.446712 0.439909 0.437642 0.446712
0 0.514739 0.446712 0.507937 0.453515 0.528345 0.485261 0.526077 0.510204 0.544218 0.503401 0.546485 0.494331 0.557823 0.487528 0.560091 0.476190 0.528345 0.446712