0 0.294785 0.437642 0.297052 0.458050 0.321995 0.476190 0.344671 0.476190 0.365079 0.467120 0.319728 0.433107 0.312925 0.437642
0 0.594104 0.494331 0.594104 0.517007 0.587302 0.535147 0.580499 0.544218 0.553288 0.562358 0.566893 0.575964 0.582766 0.582766 0.600907 0.580499 0.623583 0.571429 0.637188 0.546485 0.634921 0.523810 0.614512 0.505669 0.596372 0.501134
0 0.532880 0.630385 0.537415 0.637188 0.539683 0.659864 0.560091 0.678005 0.564626 0.693878 0.569161 0.746032 0.578231 0.761905 0.587302 0.734694 0.587302 0.705215 0.580499 0.700680 0.578231 0.687075 0.562358 0.664399 0.553288 0.643991
0 0.539683 0.253968 0.512472 0.256236 0.494331 0.267574 0.478458 0.290249 0.469388 0.312925 0.469388 0.340136 0.478458 0.367347 0.482993 0.356009 0.482993 0.335601 0.489796 0.326531 0.510204 0.312925 0.523810 0.292517 0.553288 0.281179 0.569161 0.281179
0 0.092971 0.573696 0.102041 0.585034 0.126984 0.598639 0.181406 0.607710 0.208617 0.607710 0.233560 0.594104 0.276644 0.555556 0.297052 0.555556 0.324263 0.537415 0.328798 0.530612 0.337868 0.528345 0.281179 0.528345 0.269841 0.523810 0.240363 0.492063 0.208617 0.473923 0.192744 0.473923 0.183673 0.469388 0.142857 0.469388 0.117914 0.478458 0.104308 0.496599 0.097506 0.521542
0 0.494331 0.569161 0.512472 0.578231 0.566893 0.621315 0.578231 0.639456 0.589569 0.702948 0.600907 0.714286 0.625850 0.725624 0.648526 0.748299 0.664399 0.752834 0.689342 0.766440 0.721088 0.773243 0.777778 0.773243 0.798186 0.766440 0.807256 0.757370 0.816327 0.734694 0.816327 0.707483 0.809524 0.693878 0.809524 0.684807 0.800454 0.664399 0.786848 0.646259 0.764172 0.628118 0.739229 0.616780 0.727891 0.607710 0.693878 0.596372 0.678005 0.596372 0.668934 0.591837 0.641723 0.591837 0.621315 0.600907 0.598639 0.605442 0.566893 0.596372 0.530612 0.575964 0.526077 0.569161
0 0.371882 0.086168 0.356009 0.097506 0.344671 0.099773 0.337868 0.106576 0.331066 0.122449 0.331066 0.206349 0.342404 0.229025 0.344671 0.258503 0.365079 0.278912 0.394558 0.297052 0.408163 0.312925 0.419501 0.337868 0.424036 0.365079 0.424036 0.387755 0.428571 0.417234 0.424036 0.419501 0.437642 0.424036 0.446712 0.433107 0.442177 0.317460 0.451247 0.290249 0.478458 0.263039 0.485261 0.249433 0.485261 0.181406 0.471655 0.136054 0.462585 0.117914 0.442177 0.099773 0.433107 0.086168
0 0.371882 0.616780 0.358277 0.616780 0.331066 0.628118 0.321995 0.628118 0.321995 0.632653 0.315193 0.639456 0.299320 0.648526 0.251701 0.657596 0.201814 0.682540 0.174603 0.712018 0.156463 0.725624 0.083900 0.827664 0.079365 0.839002 0.079365 0.859410 0.086168 0.873016 0.092971 0.879819 0.106576 0.884354 0.138322 0.884354 0.172336 0.877551 0.195011 0.868481 0.231293 0.841270 0.253968 0.832200 0.269841 0.820862 0.317460 0.764172 0.326531 0.743764 0.326531 0.675737 0.349206 0.641723
0 0.841270 0.356009 0.827664 0.340136 0.807256 0.331066 0.755102 0.326531 0.732426 0.340136 0.723356 0.340136 0.689342 0.353741 0.662132 0.380952 0.630385 0.394558 0.619048 0.405896 0.609977 0.424036 0.589569 0.444444 0.557823 0.464853 0.541950 0.469388 0.548753 0.469388 0.555556 0.478458 0.566893 0.482993 0.569161 0.478458 0.580499 0.478458 0.598639 0.471655 0.621315 0.471655 0.643991 0.482993 0.655329 0.482993 0.662132 0.478458 0.687075 0.480726 0.716553 0.469388 0.746032 0.467120 0.786848 0.437642 0.798186 0.433107 0.816327 0.414966 0.825397 0.396825 0.841270 0.378685
0 0.108844 0.253968 0.106576 0.274376 0.124717 0.324263 0.133787 0.337868 0.176871 0.380952 0.215420 0.392290 0.242630 0.421769 0.263039 0.433107 0.312925 0.435374 0.319728 0.430839 0.331066 0.442177 0.360544 0.460317 0.387755 0.485261 0.378685 0.448980 0.371882 0.444444 0.369615 0.435374 0.344671 0.408163 0.333333 0.383220 0.331066 0.358277 0.294785 0.317460 0.283447 0.312925 0.256236 0.287982 0.238095 0.281179 0.210884 0.260771 0.190476 0.251701 0.176871 0.251701 0.156463 0.242630 0.124717 0.242630
0 0.469388 0.566893 0.455782 0.580499 0.448980 0.582766 0.453515 0.594104 0.453515 0.614512 0.437642 0.648526 0.437642 0.659864 0.433107 0.668934 0.435374 0.698413 0.442177 0.714286 0.439909 0.718821 0.478458 0.795918 0.507937 0.825397 0.535147 0.834467 0.555556 0.834467 0.566893 0.825397 0.575964 0.807256 0.578231 0.764172 0.569161 0.752834 0.564626 0.734694 0.557823 0.678005 0.537415 0.659864 0.532880 0.632653 0.526077 0.628118 0.521542 0.619048 0.501134 0.612245 0.482993 0.596372
0 0.573696 0.285714 0.553288 0.283447 0.523810 0.294785 0.512472 0.312925 0.489796 0.328798 0.485261 0.335601 0.485261 0.356009 0.480726 0.374150 0.460317 0.399093 0.462585 0.417234 0.455782 0.437642 0.462585 0.453515 0.460317 0.462585 0.464853 0.467120 0.464853 0.476190 0.476190 0.476190 0.480726 0.480726 0.478458 0.478458 0.494331 0.464853 0.512472 0.460317 0.532880 0.439909 0.544218 0.437642 0.569161 0.405896 0.582766 0.380952 0.591837 0.353741 0.589569 0.315193
0 0.419501 0.528345 0.412698 0.521542 0.387755 0.521542 0.371882 0.514739 0.358277 0.523810 0.337868 0.526077 0.337868 0.530612 0.328798 0.532880 0.308390 0.551020 0.297052 0.557823 0.290249 0.557823 0.292517 0.566893 0.281179 0.591837 0.283447 0.607710 0.292517 0.616780 0.319728 0.625850 0.331066 0.625850 0.358277 0.614512 0.371882 0.614512 0.383220 0.607710 0.401361 0.587302 0.421769 0.578231
0 0.591837 0.501134 0.575964 0.489796 0.566893 0.487528 0.564626 0.482993 0.555556 0.480726 0.548753 0.471655 0.539683 0.469388 0.510204 0.482993 0.485261 0.485261 0.482993 0.512472 0.467120 0.530612 0.469388 0.548753 0.476190 0.546485 0.494331 0.566893 0.532880 0.569161 0.580499 0.541950 0.591837 0.517007
0 0.380952 0.448980 0.383220 0.464853 0.387755 0.471655 0.387755 0.487528 0.399093 0.503401 0.405896 0.489796 0.419501 0.487528 0.428571 0.494331 0.437642 0.494331 0.448980 0.480726 0.462585 0.476190 0.462585 0.467120 0.446712 0.435374 0.428571 0.421769 0.401361 0.421769 0.392290 0.430839 0.387755 0.444444
0 0.467120 0.544218 0.451247 0.551020 0.421769 0.551020 0.424036 0.578231 0.417234 0.585034 0.424036 0.589569 0.442177 0.585034 0.444444 0.587302 0.448980 0.580499 0.455782 0.578231 0.469388 0.564626
0 0.405896 0.492063 0.401361 0.498866 0.401361 0.517007 0.424036 0.526077 0.428571 0.521542 0.428571 0.501134 0.433107 0.496599 0.419501 0.489796
0 0.448980 0.482993 0.442177 0.492063 0.460317 0.494331 0.473923 0.519274 0.480726 0.512472 0.482993 0.485261 0.476190 0.478458 0.460317 0.478458
0 0.469388 0.526077 0.446712 0.548753 0.464853 0.544218 0.464853 0.530612
0 0.460317 0.496599 0.439909 0.494331 0.430839 0.501134 0.430839 0.521542 0.421769 0.528345 0.424036 0.548753 0.444444 0.548753 0.464853 0.526077 0.471655 0.523810