0 0.648526 0.077098 0.632653 0.079365 0.609977 0.077098 0.600907 0.072562 0.589569 0.077098 0.573696 0.099773 0.546485 0.126984 0.537415 0.147392 0.535147 0.167800 0.514739 0.190476 0.510204 0.204082 0.507937 0.240363 0.514739 0.253968 0.507937 0.267574 0.507937 0.297052 0.521542 0.319728 0.526077 0.321995 0.526077 0.335601 0.546485 0.346939 0.553288 0.365079 0.564626 0.376417 0.564626 0.392290 0.560091 0.396825 0.596372 0.358277 0.616780 0.351474 0.619048 0.346939 0.628118 0.346939 0.628118 0.337868 0.632653 0.335601 0.632653 0.326531 0.650794 0.287982 0.662132 0.278912 0.668934 0.258503 0.673469 0.256236 0.678005 0.244898 0.691610 0.233560 0.684807 0.204082 0.684807 0.133787 0.673469 0.108844
0 0.630385 0.358277 0.623583 0.358277 0.609977 0.367347 0.573696 0.417234 0.575964 0.428571 0.598639 0.412698 0.621315 0.380952
0 0.086168 0.308390 0.092971 0.308390 0.117914 0.335601 0.140590 0.335601 0.158730 0.358277 0.181406 0.358277 0.190476 0.362812 0.210884 0.390023 0.229025 0.392290 0.235828 0.414966 0.247166 0.430839 0.278912 0.446712 0.278912 0.433107 0.269841 0.430839 0.256236 0.414966 0.256236 0.356009 0.242630 0.358277 0.229025 0.353741 0.215420 0.326531 0.174603 0.321995 0.156463 0.308390 0.147392 0.292517 0.140590 0.290249 0.108844 0.290249
0 0.464853 0.755102 0.464853 0.766440 0.471655 0.766440 0.482993 0.775510 0.482993 0.780045 0.501134 0.800454 0.519274 0.834467 0.526077 0.863946 0.526077 0.904762 0.535147 0.913832 0.535147 0.907029 0.553288 0.886621 0.569161 0.857143 0.575964 0.809524 0.571429 0.804989 0.573696 0.791383 0.566893 0.755102 0.562358 0.752834 0.541950 0.777778 0.514739 0.773243 0.503401 0.764172 0.478458 0.764172 0.476190 0.759637
0 0.308390 0.603175 0.290249 0.600907 0.292517 0.603175 0.276644 0.616780 0.274376 0.630385 0.235828 0.668934 0.208617 0.675737 0.190476 0.687075 0.176871 0.705215 0.167800 0.709751 0.160998 0.721088 0.160998 0.752834 0.154195 0.773243 0.158730 0.784580 0.154195 0.793651 0.151927 0.816327 0.156463 0.825397 0.160998 0.861678 0.167800 0.870748 0.170068 0.900227 0.176871 0.911565 0.179138 0.925170 0.185941 0.934240 0.185941 0.941043 0.204082 0.965986 0.226757 0.986395 0.265306 0.984127 0.272109 0.963719 0.283447 0.950113 0.287982 0.936508 0.308390 0.920635 0.315193 0.904762 0.315193 0.882086 0.328798 0.854875 0.337868 0.845805 0.335601 0.818594 0.340136 0.802721 0.340136 0.770975 0.331066 0.700680 0.312925 0.666667 0.287982 0.641723 0.290249 0.630385
0 0.997732 0.507937 0.970522 0.498866 0.950113 0.482993 0.854875 0.482993 0.836735 0.487528 0.784580 0.489796 0.777778 0.494331 0.752834 0.494331 0.732426 0.507937 0.693878 0.507937 0.678005 0.521542 0.666667 0.555556 0.646259 0.573696 0.628118 0.578231 0.596372 0.575964 0.591837 0.571429 0.587302 0.598639 0.596372 0.596372 0.641723 0.614512 0.653061 0.614512 0.705215 0.650794 0.739229 0.662132 0.786848 0.657596 0.795918 0.664399 0.804989 0.659864 0.811791 0.659864 0.816327 0.664399 0.857143 0.664399 0.868481 0.657596 0.909297 0.659864 0.916100 0.655329 0.950113 0.655329 0.970522 0.643991 0.977324 0.634921 0.986395 0.630385 0.997732 0.630385
0 0.038549 0.131519 0.038549 0.167800 0.047619 0.188209 0.065760 0.204082 0.083900 0.233560 0.102041 0.251701 0.124717 0.265306 0.145125 0.285714 0.140590 0.287982 0.151927 0.294785 0.163265 0.312925 0.183673 0.321995 0.215420 0.324263 0.224490 0.337868 0.226757 0.349206 0.242630 0.356009 0.274376 0.356009 0.278912 0.351474 0.287982 0.351474 0.297052 0.360544 0.319728 0.360544 0.333333 0.356009 0.344671 0.344671 0.374150 0.344671 0.387755 0.349206 0.410431 0.367347 0.408163 0.396825 0.412698 0.392290 0.421769 0.408163 0.435374 0.405896 0.437642 0.414966 0.442177 0.412698 0.442177 0.396825 0.446712 0.392290 0.442177 0.394558 0.426304 0.378685 0.408163 0.353741 0.403628 0.337868 0.394558 0.342404 0.378685 0.328798 0.380952 0.319728 0.367347 0.308390 0.367347 0.303855 0.358277 0.297052 0.351474 0.283447 0.353741 0.253968 0.344671 0.242630 0.344671 0.235828 0.340136 0.233560 0.340136 0.222222 0.326531 0.208617 0.319728 0.195011 0.294785 0.172336 0.267574 0.156463 0.242630 0.149660 0.226757 0.138322 0.215420 0.136054 0.179138 0.108844 0.154195 0.106576 0.133787 0.099773 0.104308 0.099773 0.063492 0.111111
0 0.405896 0.630385 0.403628 0.653061 0.396825 0.662132 0.396825 0.693878 0.392290 0.700680 0.392290 0.716553 0.383220 0.734694 0.383220 0.764172 0.365079 0.780045 0.362812 0.800454 0.356009 0.809524 0.353741 0.823129 0.331066 0.854875 0.317460 0.882086 0.317460 0.904762 0.312925 0.916100 0.299320 0.929705 0.299320 0.956916 0.306122 0.968254 0.303855 0.984127 0.312925 0.997732 0.523810 0.997732 0.541950 0.981859 0.544218 0.934240 0.535147 0.916100 0.523810 0.904762 0.523810 0.863946 0.519274 0.841270 0.498866 0.800454 0.480726 0.780045 0.480726 0.775510 0.471655 0.768707 0.464853 0.768707 0.446712 0.755102 0.435374 0.741497 0.428571 0.721088 0.428571 0.700680 0.414966 0.684807 0.419501 0.655329 0.428571 0.639456
0 0.902494 0.129252 0.870748 0.108844 0.845805 0.108844 0.834467 0.115646 0.823129 0.115646 0.782313 0.138322 0.768707 0.154195 0.752834 0.160998 0.739229 0.179138 0.721088 0.190476 0.714286 0.204082 0.693878 0.224490 0.693878 0.233560 0.680272 0.244898 0.675737 0.256236 0.671202 0.258503 0.664399 0.278912 0.653061 0.287982 0.634921 0.326531 0.634921 0.335601 0.630385 0.337868 0.628118 0.351474 0.632653 0.360544 0.623583 0.380952 0.600907 0.412698 0.578231 0.428571 0.578231 0.437642 0.571429 0.437642 0.591837 0.437642 0.605442 0.421769 0.605442 0.412698 0.609977 0.408163 0.632653 0.401361 0.634921 0.396825 0.641723 0.396825 0.646259 0.392290 0.682540 0.387755 0.705215 0.376417 0.748299 0.376417 0.764172 0.383220 0.773243 0.383220 0.770975 0.376417 0.780045 0.369615 0.793651 0.369615 0.818594 0.362812 0.832200 0.349206 0.834467 0.342404 0.873016 0.308390 0.884354 0.287982 0.895692 0.276644 0.909297 0.249433 0.911565 0.235828 0.918367 0.226757 0.916100 0.206349 0.920635 0.158730
0 0.000000 0.299320 0.002268 0.510204 0.018141 0.507937 0.029478 0.517007 0.047619 0.519274 0.061224 0.512472 0.081633 0.514739 0.102041 0.526077 0.129252 0.526077 0.147392 0.517007 0.176871 0.523810 0.199546 0.517007 0.238095 0.482993 0.276644 0.482993 0.285714 0.489796 0.319728 0.480726 0.369615 0.482993 0.380952 0.489796 0.374150 0.478458 0.335601 0.478458 0.319728 0.460317 0.308390 0.460317 0.301587 0.455782 0.292517 0.455782 0.287982 0.451247 0.276644 0.451247 0.260771 0.437642 0.253968 0.437642 0.233560 0.414966 0.226757 0.392290 0.210884 0.392290 0.195011 0.369615 0.181406 0.360544 0.158730 0.360544 0.140590 0.337868 0.117914 0.337868 0.092971 0.310658 0.065760 0.310658 0.052154 0.303855 0.006803 0.303855
0 0.532880 0.614512 0.532880 0.632653 0.541950 0.641723 0.541950 0.646259 0.546485 0.643991 0.555556 0.653061 0.566893 0.680272 0.564626 0.750567 0.569161 0.759637 0.575964 0.755102 0.580499 0.759637 0.580499 0.773243 0.587302 0.786848 0.607710 0.798186 0.612245 0.814059 0.625850 0.829932 0.630385 0.843537 0.662132 0.875283 0.698413 0.900227 0.736961 0.936508 0.755102 0.938776 0.770975 0.947846 0.807256 0.947846 0.827664 0.938776 0.836735 0.929705 0.843537 0.909297 0.839002 0.891156 0.843537 0.877551 0.839002 0.873016 0.825397 0.832200 0.807256 0.811791 0.791383 0.780045 0.782313 0.775510 0.748299 0.741497 0.743764 0.732426 0.721088 0.709751 0.714286 0.707483 0.698413 0.687075 0.678005 0.671202 0.641723 0.657596 0.628118 0.659864 0.614512 0.650794 0.603175 0.648526 0.598639 0.641723 0.594104 0.641723 0.566893 0.616780 0.569161 0.614512
0 0.369615 0.047619 0.358277 0.054422 0.342404 0.074830 0.340136 0.092971 0.333333 0.106576 0.333333 0.129252 0.337868 0.138322 0.335601 0.179138 0.342404 0.199546 0.342404 0.233560 0.346939 0.235828 0.346939 0.242630 0.356009 0.253968 0.353741 0.283447 0.360544 0.297052 0.392290 0.328798 0.403628 0.333333 0.410431 0.353741 0.428571 0.378685 0.444444 0.392290 0.460317 0.365079 0.460317 0.358277 0.469388 0.346939 0.464853 0.349206 0.460317 0.344671 0.462585 0.328798 0.471655 0.317460 0.471655 0.310658 0.482993 0.299320 0.482993 0.272109 0.478458 0.269841 0.482993 0.240363 0.478458 0.235828 0.478458 0.229025 0.473923 0.226757 0.478458 0.210884 0.478458 0.195011 0.473923 0.183673 0.473923 0.147392 0.467120 0.142857 0.453515 0.102041 0.430839 0.065760 0.403628 0.047619
0 0.390023 0.580499 0.378685 0.582766 0.380952 0.587302 0.351474 0.616780 0.335601 0.625850 0.315193 0.625850 0.297052 0.646259 0.315193 0.666667 0.333333 0.700680 0.342404 0.770975 0.337868 0.843537 0.351474 0.823129 0.353741 0.809524 0.360544 0.800454 0.362812 0.780045 0.380952 0.764172 0.380952 0.734694 0.390023 0.716553 0.390023 0.700680 0.394558 0.693878 0.394558 0.662132 0.401361 0.653061 0.401361 0.646259 0.396825 0.646259 0.392290 0.623583 0.396825 0.621315 0.387755 0.600907
0 0.798186 0.399093 0.786848 0.387755 0.775510 0.383220 0.764172 0.385488 0.748299 0.378685 0.705215 0.378685 0.682540 0.390023 0.646259 0.394558 0.641723 0.399093 0.634921 0.399093 0.632653 0.403628 0.619048 0.405896 0.607710 0.412698 0.607710 0.421769 0.591837 0.439909 0.566893 0.439909 0.541950 0.462585 0.546485 0.469388 0.546485 0.492063 0.535147 0.514739 0.566893 0.517007 0.587302 0.532880 0.585034 0.541950 0.596372 0.532880 0.623583 0.532880 0.630385 0.539683 0.643991 0.541950 0.693878 0.505669 0.732426 0.505669 0.770975 0.478458 0.798186 0.446712 0.798186 0.433107 0.802721 0.426304
0 0.256236 0.358277 0.258503 0.414966 0.269841 0.428571 0.281179 0.433107 0.281179 0.446712 0.276644 0.448980 0.287982 0.448980 0.292517 0.453515 0.319728 0.458050 0.335601 0.476190 0.374150 0.476190 0.374150 0.442177 0.390023 0.419501 0.408163 0.412698 0.401361 0.410431 0.403628 0.396825 0.408163 0.392290 0.408163 0.367347 0.399093 0.358277 0.374150 0.346939 0.344671 0.346939 0.333333 0.358277 0.319728 0.362812 0.297052 0.362812 0.287982 0.353741 0.278912 0.353741 0.274376 0.358277
0 0.476190 0.589569 0.464853 0.619048 0.455782 0.628118 0.435374 0.634921 0.421769 0.655329 0.417234 0.684807 0.430839 0.700680 0.430839 0.721088 0.442177 0.730159 0.444444 0.741497 0.451247 0.750567 0.462585 0.757370 0.464853 0.752834 0.469388 0.752834 0.478458 0.761905 0.503401 0.761905 0.514739 0.770975 0.541950 0.775510 0.562358 0.750567 0.564626 0.680272 0.560091 0.678005 0.551020 0.655329 0.539683 0.646259 0.539683 0.641723 0.530612 0.632653 0.528345 0.609977 0.503401 0.609977 0.501134 0.605442 0.489796 0.600907 0.480726 0.589569
0 0.523810 0.328798 0.503401 0.328798 0.473923 0.344671 0.462585 0.358277 0.462585 0.365079 0.444444 0.396825 0.444444 0.412698 0.435374 0.421769 0.453515 0.439909 0.462585 0.460317 0.462585 0.471655 0.494331 0.460317 0.532880 0.464853 0.532880 0.451247 0.557823 0.421769 0.562358 0.376417 0.551020 0.365079 0.544218 0.346939 0.528345 0.340136 0.523810 0.335601
0 0.238095 0.541950 0.240363 0.562358 0.265306 0.589569 0.283447 0.598639 0.310658 0.603175 0.358277 0.594104 0.365079 0.587302 0.374150 0.587302 0.383220 0.578231 0.392290 0.578231 0.390023 0.573696 0.399093 0.566893 0.421769 0.562358 0.428571 0.553288 0.399093 0.548753 0.383220 0.537415 0.376417 0.523810 0.376417 0.510204 0.387755 0.503401 0.383220 0.492063 0.369615 0.485261 0.333333 0.482993 0.278912 0.492063 0.253968 0.510204
0 0.471655 0.580499 0.503401 0.607710 0.528345 0.607710 0.530612 0.612245 0.569161 0.612245 0.582766 0.603175 0.587302 0.591837 0.589569 0.553288 0.582766 0.546485 0.585034 0.532880 0.566893 0.519274 0.537415 0.517007 0.537415 0.523810 0.526077 0.541950 0.503401 0.539683 0.503401 0.560091 0.489796 0.580499
0 0.417234 0.503401 0.419501 0.530612 0.433107 0.537415 0.442177 0.551020 0.469388 0.551020 0.476190 0.548753 0.487528 0.532880 0.507937 0.535147 0.510204 0.523810 0.496599 0.517007 0.485261 0.517007 0.478458 0.510204 0.476190 0.492063 0.467120 0.476190 0.451247 0.476190
0 0.433107 0.419501 0.412698 0.414966 0.399093 0.417234 0.390023 0.421769 0.376417 0.442177 0.376417 0.480726 0.390023 0.498866 0.394558 0.498866 0.405896 0.487528 0.433107 0.489796 0.439909 0.480726 0.451247 0.473923 0.462585 0.473923 0.451247 0.439909
0 0.448980 0.553288 0.430839 0.553288 0.421769 0.564626 0.403628 0.566893 0.392290 0.573696 0.394558 0.578231 0.390023 0.600907 0.403628 0.628118 0.430839 0.637188 0.439909 0.630385 0.455782 0.625850 0.462585 0.619048 0.476190 0.587302
0 0.464853 0.471655 0.476190 0.485261 0.480726 0.510204 0.485261 0.514739 0.496599 0.514739 0.512472 0.523810 0.510204 0.535147 0.503401 0.537415 0.526077 0.539683 0.535147 0.523810 0.532880 0.510204 0.544218 0.492063 0.541950 0.464853 0.526077 0.467120 0.512472 0.462585 0.494331 0.462585
0 0.378685 0.510204 0.378685 0.523810 0.387755 0.539683 0.399093 0.546485 0.412698 0.546485 0.419501 0.551020 0.439909 0.551020 0.435374 0.541950 0.419501 0.532880 0.414966 0.526077 0.414966 0.503401 0.428571 0.489796 0.405896 0.489796
0 0.503401 0.535147 0.487528 0.535147 0.476190 0.551020 0.451247 0.553288 0.467120 0.575964 0.489796 0.578231 0.501134 0.560091