0 0.331066 0.578231 0.312925 0.578231 0.303855 0.582766 0.229025 0.580499 0.206349 0.564626 0.206349 0.551020 0.210884 0.548753 0.210884 0.539683 0.215420 0.537415 0.215420 0.528345 0.219955 0.523810 0.215420 0.519274 0.215420 0.526077 0.185941 0.526077 0.165533 0.539683 0.131519 0.551020 0.104308 0.578231 0.097506 0.580499 0.074830 0.607710 0.074830 0.653061 0.081633 0.675737 0.099773 0.691610 0.124717 0.700680 0.131519 0.707483 0.131519 0.712018 0.147392 0.700680 0.163265 0.696145 0.172336 0.687075 0.210884 0.687075 0.224490 0.698413 0.229025 0.689342 0.249433 0.687075 0.283447 0.671202 0.315193 0.628118 0.324263 0.591837
0 0.482993 0.163265 0.476190 0.170068 0.462585 0.174603 0.467120 0.199546 0.480726 0.229025 0.489796 0.213152 0.489796 0.176871
0 0.657596 0.519274 0.700680 0.541950 0.714286 0.555556 0.721088 0.555556 0.723356 0.560091 0.732426 0.562358 0.746032 0.575964 0.746032 0.582766 0.755102 0.594104 0.757370 0.616780 0.759637 0.612245 0.791383 0.609977 0.834467 0.582766 0.843537 0.569161 0.843537 0.537415 0.839002 0.526077 0.818594 0.505669 0.770975 0.480726 0.734694 0.480726 0.732426 0.478458 0.736961 0.476190 0.723356 0.480726 0.718821 0.487528 0.696145 0.494331
0 0.818594 0.140590 0.750567 0.133787 0.718821 0.145125 0.712018 0.142857 0.712018 0.176871 0.700680 0.190476 0.696145 0.240363 0.680272 0.260771 0.668934 0.267574 0.657596 0.267574 0.646259 0.276644 0.641723 0.306122 0.630385 0.326531 0.632653 0.324263 0.637188 0.331066 0.641723 0.351474 0.655329 0.344671 0.666667 0.331066 0.675737 0.310658 0.712018 0.265306 0.727891 0.258503 0.746032 0.244898 0.764172 0.240363 0.784580 0.226757 0.793651 0.226757 0.793651 0.204082 0.820862 0.167800
0 0.571429 0.657596 0.557823 0.673469 0.548753 0.675737 0.557823 0.725624 0.555556 0.755102 0.546485 0.764172 0.528345 0.795918 0.537415 0.820862 0.544218 0.877551 0.571429 0.913832 0.578231 0.931973 0.589569 0.943311 0.603175 0.970522 0.605442 0.984127 0.623583 0.997732 0.780045 0.997732 0.773243 0.984127 0.746032 0.961451 0.746032 0.956916 0.730159 0.936508 0.727891 0.904762 0.718821 0.882086 0.700680 0.859410 0.675737 0.836735 0.678005 0.818594 0.655329 0.798186 0.650794 0.789116 0.650794 0.775510 0.657596 0.761905 0.657596 0.750567 0.641723 0.732426 0.632653 0.734694 0.619048 0.730159 0.598639 0.714286 0.580499 0.687075 0.580499 0.678005 0.571429 0.664399
0 0.102041 0.140590 0.102041 0.147392 0.083900 0.167800 0.074830 0.190476 0.090703 0.238095 0.099773 0.253968 0.124717 0.276644 0.142857 0.299320 0.172336 0.310658 0.197279 0.326531 0.195011 0.335601 0.206349 0.344671 0.213152 0.362812 0.244898 0.362812 0.249433 0.358277 0.263039 0.356009 0.272109 0.362812 0.272109 0.367347 0.278912 0.374150 0.294785 0.374150 0.317460 0.362812 0.342404 0.365079 0.383220 0.385488 0.399093 0.399093 0.396825 0.403628 0.392290 0.401361 0.408163 0.414966 0.412698 0.414966 0.421769 0.405896 0.430839 0.405896 0.428571 0.401361 0.419501 0.399093 0.385488 0.351474 0.376417 0.344671 0.365079 0.324263 0.365079 0.306122 0.378685 0.267574 0.378685 0.242630 0.374150 0.222222 0.367347 0.208617 0.349206 0.190476 0.344671 0.181406 0.292517 0.138322 0.281179 0.136054 0.265306 0.122449 0.249433 0.117914 0.235828 0.108844 0.204082 0.104308 0.181406 0.104308 0.172336 0.108844 0.140590 0.113379 0.115646 0.126984
0 0.439909 0.560091 0.435374 0.560091 0.428571 0.553288 0.419501 0.562358 0.421769 0.569161 0.353741 0.639456 0.331066 0.657596 0.319728 0.662132 0.315193 0.668934 0.299320 0.673469 0.285714 0.687075 0.251701 0.700680 0.224490 0.700680 0.210884 0.689342 0.172336 0.689342 0.163265 0.698413 0.147392 0.702948 0.133787 0.714286 0.126984 0.714286 0.106576 0.725624 0.095238 0.736961 0.092971 0.752834 0.079365 0.766440 0.072562 0.768707 0.018141 0.825397 0.015873 0.834467 0.006803 0.841270 0.000000 0.857143 0.000000 0.997732 0.115646 0.997732 0.122449 0.990930 0.167800 0.968254 0.176871 0.954649 0.190476 0.950113 0.215420 0.925170 0.224490 0.925170 0.231293 0.918367 0.231293 0.888889 0.226757 0.882086 0.226757 0.866213 0.242630 0.834467 0.242630 0.818594 0.253968 0.807256 0.267574 0.770975 0.278912 0.757370 0.321995 0.730159 0.335601 0.712018 0.340136 0.698413 0.344671 0.696145 0.342404 0.693878 0.356009 0.673469 0.376417 0.655329 0.410431 0.609977 0.437642 0.582766 0.439909 0.573696 0.444444 0.571429 0.439909 0.569161
0 0.553288 0.058957 0.492063 0.065760 0.476190 0.074830 0.482993 0.092971 0.478458 0.104308 0.482993 0.124717 0.476190 0.142857 0.482993 0.151927 0.492063 0.176871 0.492063 0.213152 0.487528 0.224490 0.476190 0.235828 0.476190 0.258503 0.492063 0.278912 0.498866 0.299320 0.498866 0.321995 0.512472 0.346939 0.512472 0.358277 0.505669 0.365079 0.505669 0.394558 0.496599 0.405896 0.501134 0.428571 0.512472 0.408163 0.537415 0.390023 0.546485 0.367347 0.557823 0.353741 0.566893 0.349206 0.600907 0.344671 0.628118 0.331066 0.639456 0.306122 0.643991 0.276644 0.657596 0.265306 0.673469 0.263039 0.691610 0.244898 0.698413 0.215420 0.698413 0.190476 0.709751 0.176871 0.709751 0.142857 0.682540 0.111111 0.609977 0.074830 0.603175 0.074830 0.591837 0.068027 0.569161 0.065760
0 0.650794 0.673469 0.653061 0.702948 0.643991 0.716553 0.641723 0.730159 0.659864 0.750567 0.659864 0.761905 0.653061 0.775510 0.653061 0.789116 0.657596 0.798186 0.680272 0.818594 0.678005 0.836735 0.702948 0.859410 0.721088 0.882086 0.730159 0.904762 0.730159 0.931973 0.748299 0.956916 0.748299 0.961451 0.775510 0.984127 0.782313 0.997732 0.936508 0.997732 0.941043 0.990930 0.936508 0.972789 0.941043 0.963719 0.941043 0.950113 0.936508 0.943311 0.938776 0.920635 0.929705 0.909297 0.931973 0.895692 0.925170 0.886621 0.918367 0.852608 0.918367 0.829932 0.904762 0.798186 0.886621 0.770975 0.886621 0.757370 0.879819 0.743764 0.859410 0.727891 0.836735 0.700680 0.818594 0.691610 0.804989 0.689342 0.773243 0.668934 0.759637 0.668934 0.746032 0.659864 0.732426 0.659864 0.714286 0.682540 0.671202 0.682540 0.666667 0.678005
0 0.000000 0.301587 0.000000 0.489796 0.004535 0.494331 0.024943 0.494331 0.047619 0.505669 0.083900 0.507937 0.092971 0.512472 0.122449 0.514739 0.129252 0.519274 0.163265 0.517007 0.174603 0.519274 0.181406 0.526077 0.179138 0.528345 0.185941 0.523810 0.215420 0.523810 0.213152 0.519274 0.217687 0.519274 0.224490 0.512472 0.238095 0.485261 0.272109 0.462585 0.321995 0.460317 0.335601 0.464853 0.342404 0.473923 0.351474 0.473923 0.356009 0.467120 0.365079 0.462585 0.365079 0.455782 0.324263 0.446712 0.283447 0.417234 0.272109 0.387755 0.260771 0.374150 0.247166 0.365079 0.213152 0.365079 0.204082 0.344671 0.197279 0.337868 0.190476 0.335601 0.181406 0.340136 0.145125 0.315193 0.129252 0.310658 0.095238 0.312925 0.065760 0.306122 0.020408 0.306122 0.002268 0.299320
0 0.895692 0.290249 0.875283 0.265306 0.848073 0.249433 0.823129 0.229025 0.784580 0.229025 0.764172 0.242630 0.746032 0.247166 0.727891 0.260771 0.712018 0.267574 0.678005 0.310658 0.673469 0.324263 0.657596 0.344671 0.637188 0.356009 0.639456 0.358277 0.634921 0.362812 0.634921 0.376417 0.619048 0.394558 0.623583 0.410431 0.619048 0.417234 0.619048 0.442177 0.614512 0.446712 0.614512 0.455782 0.596372 0.473923 0.621315 0.464853 0.634921 0.464853 0.639456 0.460317 0.702948 0.451247 0.725624 0.444444 0.784580 0.410431 0.800454 0.405896 0.852608 0.371882 0.866213 0.369615 0.891156 0.344671 0.902494 0.326531 0.902494 0.306122
0 0.471655 0.573696 0.460317 0.573696 0.444444 0.612245 0.421769 0.634921 0.399093 0.646259 0.392290 0.646259 0.387755 0.653061 0.387755 0.664399 0.383220 0.668934 0.374150 0.668934 0.367347 0.673469 0.362812 0.696145 0.353741 0.693878 0.342404 0.698413 0.337868 0.712018 0.324263 0.730159 0.297052 0.750567 0.278912 0.759637 0.269841 0.770975 0.256236 0.807256 0.244898 0.818594 0.244898 0.834467 0.229025 0.866213 0.229025 0.882086 0.233560 0.888889 0.233560 0.918367 0.224490 0.927438 0.233560 0.952381 0.251701 0.968254 0.263039 0.972789 0.278912 0.972789 0.337868 0.947846 0.401361 0.893424 0.426304 0.857143 0.444444 0.804989 0.453515 0.789116 0.453515 0.782313 0.469388 0.766440 0.471655 0.739229 0.476190 0.734694 0.478458 0.673469 0.471655 0.655329 0.471655 0.634921 0.476190 0.632653 0.482993 0.619048 0.473923 0.609977 0.473923 0.589569 0.478458 0.585034 0.478458 0.578231
0 0.430839 0.176871 0.412698 0.188209 0.399093 0.208617 0.399093 0.219955 0.394558 0.226757 0.394558 0.235828 0.390023 0.240363 0.392290 0.290249 0.417234 0.365079 0.437642 0.401361 0.469388 0.396825 0.498866 0.426304 0.494331 0.405896 0.503401 0.394558 0.505669 0.349206 0.494331 0.321995 0.494331 0.290249 0.489796 0.278912 0.473923 0.258503 0.473923 0.235828 0.478458 0.226757 0.464853 0.199546 0.462585 0.176871
0 0.564626 0.526077 0.575964 0.569161 0.587302 0.589569 0.587302 0.607710 0.589569 0.603175 0.600907 0.632653 0.630385 0.662132 0.641723 0.662132 0.650794 0.671202 0.666667 0.675737 0.671202 0.680272 0.714286 0.680272 0.732426 0.657596 0.746032 0.657596 0.757370 0.639456 0.757370 0.619048 0.752834 0.594104 0.746032 0.587302 0.743764 0.575964 0.732426 0.564626 0.723356 0.562358 0.721088 0.557823 0.714286 0.557823 0.707483 0.548753 0.678005 0.530612 0.657596 0.523810 0.657596 0.512472 0.628118 0.498866 0.616780 0.496599 0.607710 0.512472 0.596372 0.521542
0 0.208617 0.564626 0.215420 0.571429 0.235828 0.580499 0.303855 0.580499 0.312925 0.575964 0.353741 0.573696 0.367347 0.566893 0.385488 0.564626 0.394558 0.555556 0.403628 0.555556 0.410431 0.562358 0.417234 0.562358 0.424036 0.557823 0.426304 0.548753 0.433107 0.548753 0.430839 0.530612 0.435374 0.514739 0.444444 0.505669 0.453515 0.503401 0.455782 0.496599 0.435374 0.485261 0.401361 0.482993 0.383220 0.478458 0.367347 0.469388 0.356009 0.469388 0.351474 0.476190 0.342404 0.476190 0.335601 0.467120 0.321995 0.462585 0.278912 0.462585 0.247166 0.480726 0.244898 0.485261 0.240363 0.485261 0.231293 0.505669 0.219955 0.519274 0.222222 0.526077 0.217687 0.528345 0.217687 0.537415 0.213152 0.539683 0.213152 0.548753 0.208617 0.551020
0 0.496599 0.428571 0.496599 0.437642 0.507937 0.453515 0.510204 0.467120 0.512472 0.462585 0.514739 0.467120 0.526077 0.467120 0.546485 0.476190 0.569161 0.478458 0.589569 0.487528 0.596372 0.478458 0.594104 0.473923 0.612245 0.455782 0.612245 0.446712 0.616780 0.442177 0.616780 0.405896 0.614512 0.399093 0.596372 0.380952 0.564626 0.380952 0.541950 0.396825 0.537415 0.392290 0.514739 0.408163 0.501134 0.430839
0 0.335601 0.410431 0.331066 0.419501 0.331066 0.435374 0.342404 0.446712 0.340136 0.448980 0.365079 0.453515 0.367347 0.462585 0.362812 0.467120 0.401361 0.480726 0.433107 0.482993 0.426304 0.476190 0.412698 0.448980 0.412698 0.419501 0.417234 0.414966 0.408163 0.417234 0.390023 0.399093 0.380952 0.396825 0.351474 0.399093
0 0.562358 0.523810 0.553288 0.526077 0.553288 0.532880 0.544218 0.544218 0.514739 0.544218 0.496599 0.566893 0.476190 0.575964 0.480726 0.578231 0.480726 0.585034 0.476190 0.589569 0.476190 0.609977 0.485261 0.619048 0.485261 0.632653 0.519274 0.664399 0.544218 0.673469 0.557823 0.671202 0.569161 0.659864 0.582766 0.637188 0.587302 0.616780 0.585034 0.589569 0.573696 0.569161
0 0.469388 0.399093 0.433107 0.403628 0.430839 0.408163 0.417234 0.410431 0.419501 0.414966 0.414966 0.419501 0.414966 0.448980 0.421769 0.458050 0.421769 0.464853 0.437642 0.485261 0.458050 0.496599 0.478458 0.476190 0.507937 0.476190 0.512472 0.471655 0.512472 0.464853 0.510204 0.469388 0.505669 0.464853 0.505669 0.453515 0.494331 0.437642 0.494331 0.426304
0 0.458050 0.498866 0.453515 0.505669 0.444444 0.507937 0.437642 0.514739 0.433107 0.546485 0.442177 0.560091 0.442177 0.569161 0.478458 0.573696 0.496599 0.564626 0.514739 0.541950 0.485261 0.514739 0.462585 0.510204
0 0.725624 0.478458 0.718821 0.473923 0.696145 0.476190 0.662132 0.496599 0.646259 0.496599 0.634921 0.501134 0.655329 0.510204 0.664399 0.507937 0.666667 0.512472 0.696145 0.492063 0.718821 0.485261
0 0.528345 0.485261 0.532880 0.501134 0.553288 0.523810 0.578231 0.523810 0.585034 0.519274 0.596372 0.519274 0.614512 0.498866 0.598639 0.496599 0.587302 0.487528 0.569161 0.480726 0.544218 0.476190
0 0.460317 0.494331 0.462585 0.507937 0.485261 0.512472 0.517007 0.541950 0.539683 0.544218 0.551020 0.532880 0.551020 0.523810 0.526077 0.492063 0.526077 0.485261 0.539683 0.476190 0.532880 0.471655 0.514739 0.469388 0.507937 0.478458 0.478458 0.478458