0 0.378685 0.507937 0.383220 0.530612 0.401361 0.541950 0.421769 0.544218 0.426304 0.539683 0.435374 0.539683 0.442177 0.535147 0.444444 0.514739 0.455782 0.505669 0.496599 0.503401 0.496599 0.498866 0.451247 0.501134 0.424036 0.480726 0.408163 0.480726 0.387755 0.494331
0 0.619048 0.428571 0.616780 0.426304 0.607710 0.439909 0.600907 0.437642 0.578231 0.446712 0.575964 0.464853 0.555556 0.485261 0.569161 0.482993 0.566893 0.480726 0.582766 0.469388 0.594104 0.469388 0.594104 0.460317 0.605442 0.448980 0.612245 0.451247 0.616780 0.460317 0.621315 0.451247
0 0.505669 0.523810 0.507937 0.528345 0.503401 0.539683 0.507937 0.555556 0.501134 0.566893 0.507937 0.571429 0.523810 0.553288 0.523810 0.544218 0.514739 0.535147 0.517007 0.532880
0 0.507937 0.424036 0.505669 0.430839 0.514739 0.435374 0.530612 0.458050 0.537415 0.444444 0.532880 0.426304 0.523810 0.419501
0 0.367347 0.369615 0.362812 0.376417 0.362812 0.399093 0.378685 0.417234 0.385488 0.430839 0.414966 0.451247 0.426304 0.451247 0.448980 0.439909 0.478458 0.464853 0.478458 0.448980 0.464853 0.433107 0.464853 0.426304 0.476190 0.410431 0.476190 0.396825 0.451247 0.367347 0.444444 0.362812 0.390023 0.360544
0 0.528345 0.528345 0.541950 0.569161 0.519274 0.589569 0.514739 0.598639 0.517007 0.625850 0.523810 0.639456 0.523810 0.650794 0.541950 0.668934 0.564626 0.668934 0.589569 0.655329 0.598639 0.655329 0.612245 0.641723 0.614512 0.621315 0.607710 0.598639 0.594104 0.578231 0.578231 0.562358 0.551020 0.560091 0.539683 0.546485 0.532880 0.532880 0.535147 0.528345
0 0.621315 0.351474 0.587302 0.351474 0.557823 0.374150 0.544218 0.403628 0.544218 0.412698 0.553288 0.424036 0.548753 0.437642 0.551020 0.439909 0.541950 0.453515 0.541950 0.460317 0.532880 0.467120 0.530612 0.482993 0.544218 0.462585 0.562358 0.444444 0.582766 0.444444 0.591837 0.437642 0.603175 0.435374 0.609977 0.428571 0.614512 0.428571 0.621315 0.414966 0.628118 0.410431 0.634921 0.378685 0.632653 0.367347
0 0.505669 0.505669 0.480726 0.528345 0.455782 0.526077 0.421769 0.560091 0.408163 0.580499 0.408163 0.609977 0.421769 0.623583 0.442177 0.621315 0.469388 0.605442 0.480726 0.594104 0.505669 0.555556 0.503401 0.541950 0.494331 0.532880 0.496599 0.526077 0.505669 0.521542
0 0.526077 0.507937 0.539683 0.526077 0.553288 0.526077 0.557823 0.530612 0.582766 0.530612 0.596372 0.519274 0.600907 0.510204 0.596372 0.494331 0.591837 0.489796 0.571429 0.485261 0.555556 0.487528 0.553288 0.482993 0.548753 0.482993
0 0.482993 0.424036 0.478458 0.428571 0.482993 0.473923 0.503401 0.492063 0.510204 0.492063 0.521542 0.498866 0.530612 0.489796 0.530612 0.460317 0.526077 0.458050 0.526077 0.453515 0.512472 0.435374 0.505669 0.433107 0.498866 0.424036
0 0.512472 0.503401 0.507937 0.507937 0.507937 0.521542 0.514739 0.530612 0.523810 0.530612 0.530612 0.526077 0.532880 0.517007 0.523810 0.510204 0.526077 0.505669
0 0.498866 0.492063 0.498866 0.503401 0.507937 0.505669 0.517007 0.501134 0.510204 0.494331
0 0.532880 0.496599 0.528345 0.494331 0.519274 0.501134 0.528345 0.503401