0 0.272109 0.560091 0.263039 0.569161 0.247166 0.573696 0.242630 0.578231 0.229025 0.582766 0.213152 0.582766 0.197279 0.591837 0.179138 0.591837 0.156463 0.603175 0.097506 0.603175 0.097506 0.609977 0.077098 0.630385 0.070295 0.650794 0.074830 0.687075 0.088435 0.712018 0.097506 0.718821 0.122449 0.714286 0.151927 0.716553 0.151927 0.668934 0.185941 0.632653 0.201814 0.623583 0.219955 0.605442 0.224490 0.596372 0.247166 0.582766 0.260771 0.569161 0.269841 0.566893
0 0.535147 0.231293 0.528345 0.240363 0.519274 0.267574 0.519274 0.306122 0.541950 0.294785 0.541950 0.256236 0.532880 0.235828
0 0.793651 0.133787 0.782313 0.136054 0.768707 0.131519 0.748299 0.138322 0.716553 0.138322 0.739229 0.142857 0.748299 0.149660 0.766440 0.176871 0.784580 0.154195
0 0.612245 0.743764 0.614512 0.752834 0.632653 0.773243 0.637188 0.786848 0.641723 0.789116 0.641723 0.795918 0.646259 0.798186 0.646259 0.807256 0.655329 0.820862 0.655329 0.827664 0.659864 0.829932 0.659864 0.841270 0.664399 0.843537 0.678005 0.870748 0.680272 0.897959 0.700680 0.938776 0.700680 0.986395 0.696145 0.997732 0.766440 0.995465 0.766440 0.972789 0.743764 0.947846 0.725624 0.936508 0.725624 0.927438 0.716553 0.902494 0.696145 0.863946 0.678005 0.798186 0.648526 0.766440 0.641723 0.752834 0.630385 0.748299 0.616780 0.748299
0 0.104308 0.124717 0.088435 0.145125 0.086168 0.154195 0.090703 0.167800 0.095238 0.170068 0.102041 0.197279 0.122449 0.219955 0.140590 0.233560 0.145125 0.249433 0.163265 0.265306 0.190476 0.274376 0.197279 0.281179 0.199546 0.312925 0.204082 0.319728 0.222222 0.319728 0.238095 0.326531 0.265306 0.328798 0.265306 0.340136 0.272109 0.346939 0.290249 0.349206 0.231293 0.265306 0.224490 0.249433 0.224490 0.199546 0.229025 0.197279 0.229025 0.179138 0.195011 0.151927 0.188209 0.138322 0.174603 0.126984 0.170068 0.108844 0.170068 0.088435
0 0.312925 0.700680 0.297052 0.700680 0.285714 0.709751 0.229025 0.718821 0.185941 0.734694 0.174603 0.734694 0.149660 0.716553 0.122449 0.716553 0.102041 0.721088 0.102041 0.725624 0.063492 0.768707 0.049887 0.814059 0.043084 0.825397 0.022676 0.841270 0.000000 0.875283 0.000000 0.997732 0.138322 0.997732 0.156463 0.988662 0.167800 0.977324 0.176871 0.959184 0.183673 0.956916 0.185941 0.943311 0.219955 0.909297 0.235828 0.904762 0.240363 0.900227 0.249433 0.873016 0.263039 0.852608 0.290249 0.834467 0.294785 0.827664 0.287982 0.795918 0.285714 0.746032 0.292517 0.727891
0 0.249433 0.000000 0.240363 0.011338 0.240363 0.018141 0.217687 0.040816 0.217687 0.058957 0.229025 0.077098 0.247166 0.090703 0.283447 0.129252 0.290249 0.126984 0.335601 0.160998 0.340136 0.172336 0.353741 0.188209 0.358277 0.201814 0.376417 0.219955 0.390023 0.249433 0.421769 0.269841 0.424036 0.287982 0.455782 0.287982 0.478458 0.317460 0.478458 0.326531 0.482993 0.331066 0.498866 0.315193 0.517007 0.310658 0.517007 0.267574 0.530612 0.231293 0.535147 0.229025 0.539683 0.215420 0.553288 0.199546 0.557823 0.167800 0.539683 0.120181 0.519274 0.092971 0.519274 0.086168 0.532880 0.074830 0.535147 0.054422 0.528345 0.027211 0.514739 0.011338 0.512472 0.002268
0 0.659864 0.609977 0.664399 0.643991 0.671202 0.659864 0.671202 0.684807 0.691610 0.709751 0.725624 0.766440 0.723356 0.807256 0.718821 0.827664 0.709751 0.843537 0.707483 0.863946 0.716553 0.882086 0.727891 0.891156 0.732426 0.904762 0.732426 0.913832 0.727891 0.916100 0.727891 0.936508 0.743764 0.945578 0.755102 0.959184 0.759637 0.956916 0.770975 0.968254 0.775510 0.968254 0.782313 0.975057 0.784580 0.988662 0.791383 0.990930 0.795918 0.997732 0.988662 0.997732 0.990930 0.975057 0.979592 0.922902 0.968254 0.920635 0.956916 0.911565 0.918367 0.895692 0.859410 0.863946 0.804989 0.814059 0.798186 0.804989 0.798186 0.798186 0.793651 0.795918 0.793651 0.789116 0.782313 0.775510 0.761905 0.768707 0.748299 0.759637 0.739229 0.741497 0.739229 0.734694 0.716553 0.734694 0.702948 0.725624 0.702948 0.700680 0.693878 0.673469 0.687075 0.668934 0.675737 0.637188 0.671202 0.632653 0.671202 0.625850 0.666667 0.623583
0 0.000000 0.088435 0.000000 0.365079 0.018141 0.383220 0.047619 0.380952 0.054422 0.390023 0.074830 0.394558 0.086168 0.408163 0.108844 0.408163 0.113379 0.412698 0.147392 0.417234 0.158730 0.430839 0.192744 0.430839 0.204082 0.439909 0.233560 0.439909 0.242630 0.451247 0.253968 0.444444 0.267574 0.444444 0.292517 0.476190 0.303855 0.480726 0.333333 0.482993 0.321995 0.473923 0.319728 0.464853 0.315193 0.462585 0.315193 0.444444 0.312925 0.451247 0.306122 0.444444 0.256236 0.424036 0.206349 0.378685 0.206349 0.374150 0.201814 0.371882 0.204082 0.356009 0.222222 0.351474 0.224490 0.326531 0.219955 0.321995 0.204082 0.321995 0.199546 0.317460 0.195011 0.290249 0.185941 0.285714 0.181406 0.274376 0.163265 0.267574 0.142857 0.249433 0.138322 0.233560 0.122449 0.222222 0.099773 0.197279 0.092971 0.170068 0.074830 0.165533 0.065760 0.156463 0.043084 0.117914 0.024943 0.111111 0.018141 0.099773
0 0.473923 0.628118 0.448980 0.646259 0.426304 0.646259 0.424036 0.641723 0.417234 0.643991 0.414966 0.653061 0.396825 0.668934 0.392290 0.687075 0.396825 0.718821 0.383220 0.736961 0.351474 0.766440 0.308390 0.789116 0.301587 0.795918 0.301587 0.820862 0.297052 0.820862 0.297052 0.827664 0.290249 0.836735 0.274376 0.845805 0.276644 0.852608 0.272109 0.882086 0.247166 0.886621 0.242630 0.900227 0.235828 0.907029 0.231293 0.907029 0.231293 0.911565 0.215420 0.925170 0.210884 0.938776 0.181406 0.965986 0.179138 0.959184 0.170068 0.977324 0.147392 0.997732 0.446712 0.997732 0.467120 0.977324 0.464853 0.943311 0.453515 0.920635 0.467120 0.904762 0.467120 0.870748 0.444444 0.834467 0.451247 0.800454 0.442177 0.791383 0.442177 0.786848 0.428571 0.793651 0.426304 0.798186 0.410431 0.802721 0.405896 0.807256 0.396825 0.807256 0.394558 0.811791 0.380952 0.811791 0.378685 0.816327 0.365079 0.816327 0.362812 0.800454 0.371882 0.789116 0.371882 0.777778 0.380952 0.764172 0.385488 0.746032 0.403628 0.734694 0.424036 0.714286 0.426304 0.707483 0.451247 0.693878 0.462585 0.664399 0.469388 0.632653
0 0.156463 0.000000 0.154195 0.036281 0.158730 0.058957 0.172336 0.081633 0.172336 0.108844 0.176871 0.126984 0.190476 0.138322 0.195011 0.149660 0.231293 0.179138 0.229025 0.183673 0.251701 0.183673 0.258503 0.179138 0.294785 0.179138 0.306122 0.195011 0.340136 0.213152 0.349206 0.224490 0.387755 0.251701 0.428571 0.306122 0.428571 0.319728 0.433107 0.326531 0.437642 0.351474 0.446712 0.362812 0.446712 0.385488 0.451247 0.387755 0.451247 0.396825 0.455782 0.403628 0.460317 0.403628 0.460317 0.390023 0.464853 0.387755 0.464853 0.358277 0.471655 0.351474 0.473923 0.333333 0.478458 0.328798 0.458050 0.321995 0.451247 0.312925 0.446712 0.290249 0.424036 0.290249 0.419501 0.285714 0.419501 0.269841 0.387755 0.249433 0.374150 0.219955 0.356009 0.201814 0.351474 0.188209 0.346939 0.185941 0.333333 0.160998 0.324263 0.151927 0.310658 0.147392 0.290249 0.129252 0.283447 0.131519 0.247166 0.092971 0.240363 0.090703 0.226757 0.077098 0.222222 0.065760 0.217687 0.063492 0.215420 0.040816 0.238095 0.018141 0.238095 0.011338 0.247166 0.000000
0 0.643991 0.564626 0.641723 0.573696 0.650794 0.585034 0.668934 0.623583 0.673469 0.625850 0.682540 0.655329 0.700680 0.684807 0.705215 0.700680 0.705215 0.725624 0.716553 0.732426 0.739229 0.732426 0.750567 0.759637 0.782313 0.773243 0.795918 0.789116 0.795918 0.795918 0.800454 0.798186 0.800454 0.804989 0.807256 0.814059 0.859410 0.861678 0.918367 0.893424 0.956916 0.909297 0.968254 0.918367 0.997732 0.920635 0.995465 0.634921 0.990930 0.630385 0.979592 0.630385 0.943311 0.609977 0.929705 0.609977 0.909297 0.589569 0.900227 0.585034 0.868481 0.582766 0.841270 0.569161 0.816327 0.571429 0.811791 0.566893 0.786848 0.566893 0.777778 0.575964 0.770975 0.575964 0.768707 0.580499 0.759637 0.580499 0.757370 0.585034 0.748299 0.585034 0.743764 0.589569 0.709751 0.589569 0.650794 0.573696 0.643991 0.569161
0 0.000000 0.383220 0.000000 0.598639 0.063492 0.598639 0.070295 0.603175 0.095238 0.603175 0.108844 0.598639 0.156463 0.600907 0.179138 0.589569 0.197279 0.589569 0.213152 0.580499 0.229025 0.580499 0.247166 0.571429 0.253968 0.571429 0.263039 0.566893 0.274376 0.553288 0.297052 0.544218 0.315193 0.526077 0.328798 0.521542 0.401361 0.523810 0.401361 0.519274 0.356009 0.505669 0.337868 0.487528 0.292517 0.478458 0.267574 0.446712 0.253968 0.446712 0.242630 0.453515 0.233560 0.442177 0.204082 0.442177 0.192744 0.433107 0.158730 0.433107 0.147392 0.419501 0.113379 0.414966 0.108844 0.410431 0.086168 0.410431 0.074830 0.396825 0.054422 0.392290 0.047619 0.383220 0.018141 0.387755
0 0.739229 0.145125 0.718821 0.142857 0.714286 0.138322 0.696145 0.151927 0.684807 0.154195 0.623583 0.208617 0.591837 0.260771 0.587302 0.281179 0.578231 0.292517 0.575964 0.290249 0.582766 0.299320 0.585034 0.315193 0.596372 0.335601 0.596372 0.349206 0.607710 0.367347 0.607710 0.380952 0.596372 0.396825 0.596372 0.408163 0.591837 0.414966 0.594104 0.410431 0.598639 0.410431 0.616780 0.396825 0.659864 0.396825 0.689342 0.387755 0.698413 0.378685 0.702948 0.378685 0.709751 0.367347 0.770975 0.306122 0.780045 0.276644 0.780045 0.199546 0.770975 0.181406 0.757370 0.170068 0.750567 0.154195
0 0.206349 0.356009 0.204082 0.371882 0.217687 0.387755 0.256236 0.412698 0.269841 0.414966 0.274376 0.419501 0.317460 0.424036 0.328798 0.437642 0.337868 0.437642 0.340136 0.433107 0.353741 0.428571 0.378685 0.426304 0.387755 0.421769 0.367347 0.421769 0.360544 0.414966 0.360544 0.408163 0.340136 0.410431 0.337868 0.399093 0.331066 0.403628 0.317460 0.392290 0.310658 0.378685 0.312925 0.374150 0.308390 0.369615 0.294785 0.367347 0.274376 0.353741 0.260771 0.349206 0.231293 0.349206
0 0.498866 0.589569 0.489796 0.596372 0.480726 0.614512 0.480726 0.675737 0.471655 0.698413 0.471655 0.712018 0.467120 0.718821 0.464853 0.748299 0.458050 0.761905 0.464853 0.764172 0.469388 0.777778 0.462585 0.791383 0.462585 0.802721 0.471655 0.829932 0.473923 0.866213 0.487528 0.895692 0.530612 0.970522 0.557823 0.997732 0.693878 0.997732 0.698413 0.986395 0.698413 0.938776 0.678005 0.897959 0.675737 0.870748 0.662132 0.843537 0.657596 0.841270 0.657596 0.829932 0.653061 0.827664 0.653061 0.820862 0.643991 0.807256 0.643991 0.798186 0.639456 0.795918 0.634921 0.780045 0.612245 0.752834 0.612245 0.748299 0.607710 0.743764 0.594104 0.741497 0.596372 0.730159 0.591837 0.721088 0.578231 0.709751 0.571429 0.709751 0.569161 0.705215 0.546485 0.698413 0.514739 0.666667 0.514739 0.646259 0.503401 0.607710 0.503401 0.589569
0 0.231293 0.185941 0.231293 0.197279 0.226757 0.199546 0.226757 0.249433 0.251701 0.294785 0.283447 0.333333 0.285714 0.342404 0.292517 0.349206 0.290249 0.351474 0.303855 0.358277 0.306122 0.367347 0.340136 0.396825 0.340136 0.408163 0.360544 0.405896 0.367347 0.419501 0.387755 0.419501 0.387755 0.424036 0.396825 0.424036 0.405896 0.417234 0.426304 0.417234 0.428571 0.421769 0.446712 0.430839 0.446712 0.410431 0.455782 0.405896 0.448980 0.396825 0.448980 0.387755 0.444444 0.385488 0.444444 0.362812 0.435374 0.351474 0.430839 0.326531 0.426304 0.319728 0.426304 0.306122 0.408163 0.285714 0.403628 0.272109 0.394558 0.265306 0.387755 0.253968 0.349206 0.226757 0.340136 0.215420 0.306122 0.197279 0.294785 0.181406 0.258503 0.181406 0.251701 0.185941
0 0.417234 0.528345 0.405896 0.523810 0.328798 0.523810 0.315193 0.528345 0.297052 0.546485 0.274376 0.555556 0.269841 0.569161 0.260771 0.571429 0.247166 0.585034 0.224490 0.598639 0.222222 0.605442 0.201814 0.625850 0.185941 0.634921 0.154195 0.668934 0.154195 0.716553 0.165533 0.727891 0.174603 0.732426 0.185941 0.732426 0.229025 0.716553 0.285714 0.707483 0.297052 0.698413 0.351474 0.689342 0.362812 0.680272 0.385488 0.680272 0.387755 0.673469 0.412698 0.653061 0.419501 0.639456 0.405896 0.596372 0.405896 0.557823 0.408163 0.544218
0 0.997732 0.000000 0.873016 0.000000 0.868481 0.009070 0.848073 0.027211 0.836735 0.063492 0.816327 0.090703 0.800454 0.126984 0.795918 0.129252 0.795918 0.136054 0.786848 0.154195 0.768707 0.174603 0.782313 0.199546 0.782313 0.276644 0.773243 0.306122 0.712018 0.367347 0.705215 0.378685 0.689342 0.390023 0.659864 0.399093 0.609977 0.401361 0.585034 0.421769 0.585034 0.426304 0.594104 0.426304 0.609977 0.442177 0.614512 0.437642 0.619048 0.442177 0.625850 0.433107 0.632653 0.433107 0.634921 0.428571 0.655329 0.421769 0.662132 0.414966 0.682540 0.417234 0.696145 0.412698 0.712018 0.399093 0.718821 0.385488 0.741497 0.376417 0.746032 0.378685 0.748299 0.374150 0.875283 0.371882 0.893424 0.365079 0.909297 0.351474 0.925170 0.317460 0.929705 0.285714 0.945578 0.249433 0.947846 0.224490 0.975057 0.188209 0.984127 0.167800 0.997732 0.158730
0 0.448980 0.410431 0.448980 0.430839 0.444444 0.442177 0.444444 0.464853 0.448980 0.469388 0.448980 0.476190 0.471655 0.476190 0.476190 0.458050 0.505669 0.455782 0.519274 0.446712 0.519274 0.439909 0.512472 0.439909 0.510204 0.430839 0.501134 0.428571 0.494331 0.412698 0.478458 0.412698 0.460317 0.405896
0 0.804989 0.469388 0.811791 0.471655 0.823129 0.489796 0.832200 0.496599 0.836735 0.519274 0.859410 0.496599 0.863946 0.487528 0.863946 0.480726 0.845805 0.469388
0 0.383220 0.682540 0.362812 0.682540 0.351474 0.691610 0.326531 0.696145 0.328798 0.698413 0.319728 0.712018 0.321995 0.746032 0.326531 0.755102 0.331066 0.755102 0.340136 0.741497 0.369615 0.714286 0.371882 0.702948
0 0.551020 0.482993 0.537415 0.478458 0.526077 0.492063 0.514739 0.519274 0.514739 0.530612 0.519274 0.537415 0.551020 0.535147 0.566893 0.519274 0.571429 0.503401 0.569161 0.505669 0.560091 0.489796
0 0.573696 0.501134 0.575964 0.510204 0.589569 0.510204 0.598639 0.519274 0.600907 0.532880 0.625850 0.541950 0.639456 0.555556 0.646259 0.569161 0.709751 0.587302 0.743764 0.587302 0.748299 0.582766 0.757370 0.582766 0.759637 0.578231 0.777778 0.573696 0.786848 0.564626 0.809524 0.564626 0.809524 0.557823 0.827664 0.541950 0.836735 0.526077 0.829932 0.496599 0.820862 0.489796 0.811791 0.473923 0.798186 0.467120 0.780045 0.464853 0.746032 0.448980 0.705215 0.442177 0.698413 0.435374 0.666667 0.430839 0.657596 0.437642 0.630385 0.433107 0.619048 0.444444 0.614512 0.439909 0.605442 0.451247 0.600907 0.476190 0.582766 0.496599
0 0.478458 0.628118 0.467120 0.646259 0.464853 0.664399 0.453515 0.693878 0.446712 0.700680 0.426304 0.709751 0.426304 0.714286 0.403628 0.736961 0.387755 0.746032 0.383220 0.764172 0.374150 0.777778 0.374150 0.789116 0.365079 0.800454 0.365079 0.814059 0.394558 0.809524 0.396825 0.804989 0.405896 0.804989 0.410431 0.800454 0.426304 0.795918 0.428571 0.791383 0.442177 0.784580 0.439909 0.777778 0.451247 0.761905 0.458050 0.759637 0.464853 0.739229 0.469388 0.698413 0.478458 0.675737
0 0.519274 0.448980 0.505669 0.458050 0.476190 0.460317 0.476190 0.473923 0.464853 0.480726 0.476190 0.492063 0.476190 0.498866 0.489796 0.521542 0.510204 0.539683 0.517007 0.537415 0.512472 0.530612 0.517007 0.505669 0.535147 0.478458 0.521542 0.462585
0 0.573696 0.505669 0.569161 0.519274 0.551020 0.537415 0.517007 0.539683 0.514739 0.566893 0.501134 0.585034 0.505669 0.589569 0.505669 0.607710 0.517007 0.646259 0.517007 0.666667 0.546485 0.696145 0.569161 0.702948 0.571429 0.707483 0.578231 0.707483 0.596372 0.721088 0.648526 0.721088 0.657596 0.714286 0.668934 0.684807 0.668934 0.659864 0.662132 0.643991 0.657596 0.603175 0.639456 0.573696 0.641723 0.564626 0.637188 0.555556 0.625850 0.544218 0.600907 0.535147 0.596372 0.519274 0.589569 0.512472 0.575964 0.512472
0 0.575964 0.292517 0.548753 0.292517 0.537415 0.297052 0.517007 0.312925 0.498866 0.317460 0.482993 0.333333 0.476190 0.333333 0.473923 0.351474 0.467120 0.358277 0.467120 0.387755 0.462585 0.390023 0.462585 0.405896 0.494331 0.410431 0.503401 0.428571 0.512472 0.430839 0.512472 0.437642 0.521542 0.437642 0.535147 0.428571 0.562358 0.421769 0.587302 0.419501 0.594104 0.408163 0.594104 0.396825 0.605442 0.380952 0.605442 0.367347 0.594104 0.349206 0.594104 0.335601 0.582766 0.315193 0.582766 0.306122
0 0.319728 0.444444 0.317460 0.462585 0.321995 0.464853 0.324263 0.473923 0.335601 0.480726 0.333333 0.485261 0.337868 0.485261 0.356009 0.503401 0.401361 0.517007 0.403628 0.521542 0.414966 0.523810 0.414966 0.528345 0.419501 0.528345 0.410431 0.544218 0.408163 0.596372 0.421769 0.639456 0.426304 0.643991 0.448980 0.643991 0.473923 0.625850 0.478458 0.625850 0.478458 0.614512 0.487528 0.596372 0.498866 0.587302 0.512472 0.566893 0.514739 0.541950 0.503401 0.537415 0.487528 0.521542 0.473923 0.498866 0.473923 0.492063 0.462585 0.480726 0.467120 0.478458 0.453515 0.480726 0.446712 0.476190 0.446712 0.469388 0.442177 0.464853 0.442177 0.428571 0.428571 0.424036 0.426304 0.419501 0.405896 0.419501 0.396825 0.426304 0.362812 0.428571
0 0.582766 0.424036 0.562358 0.424036 0.535147 0.430839 0.521542 0.439909 0.521542 0.455782 0.528345 0.469388 0.560091 0.487528 0.569161 0.503401 0.594104 0.482993 0.603175 0.462585 0.603175 0.451247 0.607710 0.446712 0.607710 0.442177 0.594104 0.428571 0.585034 0.428571