0 0.485261 0.349206 0.482993 0.351474 0.473923 0.344671 0.464853 0.344671 0.453515 0.349206 0.437642 0.362812 0.428571 0.392290 0.430839 0.396825 0.437642 0.396825 0.444444 0.410431 0.448980 0.399093 0.460317 0.392290 0.471655 0.392290 0.489796 0.408163 0.494331 0.403628 0.494331 0.387755 0.498866 0.385488 0.498866 0.365079
0 0.464853 0.596372 0.458050 0.614512 0.426304 0.639456 0.417234 0.641723 0.430839 0.657596 0.448980 0.666667 0.460317 0.666667 0.469388 0.662132 0.467120 0.657596 0.478458 0.643991 0.478458 0.609977
0 0.589569 0.387755 0.582766 0.401361 0.580499 0.428571 0.619048 0.426304 0.648526 0.439909 0.666667 0.455782 0.664399 0.453515 0.668934 0.448980 0.684807 0.446712 0.696145 0.417234 0.696145 0.403628 0.687075 0.385488 0.671202 0.371882 0.653061 0.367347 0.646259 0.376417 0.637188 0.367347 0.632653 0.367347 0.623583 0.374150 0.609977 0.374150
0 0.231293 0.521542 0.251701 0.541950 0.274376 0.553288 0.321995 0.553288 0.333333 0.544218 0.335601 0.537415 0.326531 0.530612 0.281179 0.530612 0.265306 0.521542
0 0.555556 0.634921 0.587302 0.666667 0.587302 0.671202 0.603175 0.691610 0.623583 0.743764 0.623583 0.780045 0.632653 0.777778 0.646259 0.784580 0.680272 0.784580 0.696145 0.777778 0.707483 0.759637 0.705215 0.732426 0.689342 0.702948 0.653061 0.659864 0.609977 0.637188 0.589569 0.637188 0.569161 0.643991 0.557823 0.639456
0 0.315193 0.199546 0.306122 0.204082 0.297052 0.215420 0.294785 0.263039 0.306122 0.297052 0.328798 0.324263 0.335601 0.326531 0.358277 0.346939 0.392290 0.365079 0.401361 0.374150 0.426304 0.419501 0.424036 0.430839 0.439909 0.414966 0.433107 0.405896 0.435374 0.396825 0.430839 0.399093 0.426304 0.392290 0.426304 0.380952 0.417234 0.356009 0.417234 0.333333 0.426304 0.310658 0.426304 0.301587 0.417234 0.290249 0.417234 0.281179 0.412698 0.272109 0.399093 0.260771 0.387755 0.235828 0.360544 0.208617 0.344671 0.197279
0 0.401361 0.546485 0.394558 0.555556 0.385488 0.557823 0.342404 0.598639 0.317460 0.609977 0.278912 0.609977 0.229025 0.648526 0.208617 0.691610 0.195011 0.741497 0.197279 0.786848 0.208617 0.802721 0.219955 0.807256 0.244898 0.807256 0.263039 0.798186 0.283447 0.782313 0.294785 0.777778 0.303855 0.764172 0.349206 0.721088 0.351474 0.707483 0.362812 0.689342 0.362812 0.673469 0.358277 0.664399 0.360544 0.653061 0.353741 0.623583 0.360544 0.609977 0.387755 0.580499 0.392290 0.557823
0 0.596372 0.526077 0.619048 0.528345 0.641723 0.544218 0.657596 0.566893 0.671202 0.573696 0.730159 0.578231 0.741497 0.575964 0.746032 0.571429 0.770975 0.566893 0.789116 0.551020 0.804989 0.528345 0.795918 0.496599 0.773243 0.462585 0.748299 0.448980 0.725624 0.442177 0.705215 0.442177 0.687075 0.451247 0.668934 0.451247 0.664399 0.476190 0.650794 0.501134 0.625850 0.519274
0 0.546485 0.156463 0.535147 0.158730 0.526077 0.165533 0.501134 0.204082 0.494331 0.235828 0.485261 0.251701 0.480726 0.269841 0.480726 0.290249 0.473923 0.308390 0.478458 0.340136 0.501134 0.365079 0.501134 0.385488 0.496599 0.387755 0.496599 0.399093 0.501134 0.403628 0.496599 0.408163 0.492063 0.405896 0.496599 0.419501 0.505669 0.426304 0.501134 0.444444 0.507937 0.426304 0.528345 0.396825 0.541950 0.383220 0.564626 0.371882 0.587302 0.340136 0.594104 0.306122 0.603175 0.290249 0.600907 0.251701 0.605442 0.226757 0.603175 0.213152 0.596372 0.204082 0.596372 0.188209 0.575964 0.165533
0 0.471655 0.560091 0.473923 0.587302 0.469388 0.591837 0.476190 0.591837 0.480726 0.605442 0.480726 0.643991 0.469388 0.657596 0.476190 0.659864 0.476190 0.687075 0.489796 0.716553 0.489796 0.727891 0.517007 0.773243 0.519274 0.786848 0.530612 0.802721 0.564626 0.829932 0.587302 0.836735 0.607710 0.825397 0.616780 0.809524 0.621315 0.786848 0.619048 0.734694 0.614512 0.730159 0.600907 0.691610 0.585034 0.671202 0.585034 0.666667 0.544218 0.628118 0.541950 0.632653 0.530612 0.630385 0.510204 0.612245 0.496599 0.594104 0.494331 0.580499 0.487528 0.569161 0.478458 0.566893
0 0.174603 0.442177 0.174603 0.455782 0.181406 0.476190 0.226757 0.519274 0.265306 0.519274 0.281179 0.528345 0.326531 0.528345 0.337868 0.535147 0.335601 0.541950 0.367347 0.523810 0.380952 0.510204 0.401361 0.507937 0.414966 0.519274 0.414966 0.523810 0.414966 0.503401 0.426304 0.496599 0.433107 0.496599 0.433107 0.492063 0.437642 0.489796 0.435374 0.482993 0.426304 0.485261 0.414966 0.478458 0.396825 0.478458 0.383220 0.464853 0.374150 0.448980 0.356009 0.433107 0.344671 0.433107 0.299320 0.414966 0.272109 0.414966 0.265306 0.410431 0.219955 0.412698 0.188209 0.424036
0 0.664399 0.455782 0.648526 0.442177 0.619048 0.428571 0.566893 0.433107 0.551020 0.439909 0.546485 0.446712 0.530612 0.451247 0.510204 0.467120 0.496599 0.489796 0.494331 0.487528 0.498866 0.492063 0.501134 0.503401 0.514739 0.512472 0.530612 0.532880 0.532880 0.528345 0.546485 0.535147 0.553288 0.535147 0.562358 0.528345 0.578231 0.530612 0.600907 0.521542 0.614512 0.521542 0.641723 0.507937 0.662132 0.476190
0 0.451247 0.537415 0.439909 0.537415 0.417234 0.528345 0.414966 0.535147 0.401361 0.544218 0.403628 0.546485 0.394558 0.557823 0.394558 0.569161 0.390023 0.571429 0.390023 0.580499 0.385488 0.582766 0.378685 0.600907 0.378685 0.616780 0.385488 0.632653 0.392290 0.639456 0.414966 0.641723 0.426304 0.637188 0.455782 0.614512 0.462585 0.596372 0.469388 0.594104 0.467120 0.591837 0.471655 0.587302 0.471655 0.566893 0.467120 0.555556 0.453515 0.548753
0 0.471655 0.394558 0.460317 0.394558 0.451247 0.399093 0.448980 0.410431 0.426304 0.430839 0.421769 0.444444 0.419501 0.464853 0.424036 0.476190 0.435374 0.480726 0.439909 0.487528 0.437642 0.492063 0.444444 0.492063 0.448980 0.496599 0.458050 0.494331 0.469388 0.482993 0.489796 0.482993 0.498866 0.460317 0.498866 0.442177 0.503401 0.426304 0.494331 0.419501 0.492063 0.408163 0.485261 0.408163
0 0.501134 0.505669 0.496599 0.514739 0.496599 0.526077 0.487528 0.532880 0.471655 0.537415 0.469388 0.544218 0.460317 0.551020 0.492063 0.571429 0.519274 0.573696 0.535147 0.560091 0.535147 0.535147 0.530612 0.535147 0.519274 0.519274
0 0.417234 0.503401 0.417234 0.526077 0.439909 0.535147 0.451247 0.535147 0.437642 0.519274 0.437642 0.507937 0.444444 0.501134 0.451247 0.501134 0.453515 0.496599 0.448980 0.498866 0.435374 0.492063 0.433107 0.498866
0 0.455782 0.496599 0.469388 0.501134 0.489796 0.517007 0.498866 0.510204 0.496599 0.492063 0.489796 0.485261 0.469388 0.485261
0 0.453515 0.498866 0.451247 0.503401 0.444444 0.503401 0.439909 0.507937 0.439909 0.519274 0.453515 0.535147 0.453515 0.544218 0.458050 0.548753 0.464853 0.546485 0.471655 0.535147 0.492063 0.528345 0.494331 0.514739 0.489796 0.519274 0.469388 0.503401