0 0.507937 0.253968 0.521542 0.256236 0.548753 0.274376 0.560091 0.303855 0.560091 0.349206 0.555556 0.353741 0.555556 0.360544 0.562358 0.360544 0.562358 0.351474 0.591837 0.312925 0.587302 0.278912 0.564626 0.251701 0.553288 0.247166 0.530612 0.247166 0.517007 0.256236
0 0.485261 0.575964 0.476190 0.575964 0.458050 0.589569 0.437642 0.589569 0.437642 0.594104 0.417234 0.614512 0.410431 0.643991 0.417234 0.664399 0.419501 0.696145 0.426304 0.709751 0.435374 0.680272 0.453515 0.650794 0.458050 0.637188 0.480726 0.612245 0.489796 0.596372 0.489796 0.580499
0 0.829932 0.424036 0.823129 0.412698 0.818594 0.392290 0.804989 0.376417 0.793651 0.376417 0.766440 0.367347 0.721088 0.374150 0.702948 0.383220 0.696145 0.383220 0.682540 0.392290 0.668934 0.414966 0.662132 0.437642 0.625850 0.460317 0.619048 0.458050 0.598639 0.478458 0.639456 0.469388 0.668934 0.469388 0.687075 0.473923 0.723356 0.494331 0.748299 0.496599 0.807256 0.469388 0.825397 0.448980 0.829932 0.439909
0 0.190476 0.344671 0.195011 0.349206 0.192744 0.362812 0.222222 0.335601 0.242630 0.324263 0.256236 0.324263 0.263039 0.328798 0.278912 0.328798 0.303855 0.342404 0.340136 0.353741 0.342404 0.358277 0.360544 0.367347 0.374150 0.367347 0.378685 0.371882 0.374150 0.365079 0.374150 0.344671 0.365079 0.337868 0.342404 0.331066 0.340136 0.326531 0.281179 0.324263 0.272109 0.319728 0.260771 0.324263 0.244898 0.324263 0.233560 0.319728 0.215420 0.326531 0.201814 0.326531
0 0.535147 0.551020 0.541950 0.557823 0.541950 0.569161 0.557823 0.603175 0.557823 0.609977 0.578231 0.646259 0.575964 0.678005 0.569161 0.678005 0.573696 0.689342 0.578231 0.727891 0.582766 0.732426 0.585034 0.780045 0.578231 0.789116 0.578231 0.798186 0.628118 0.850340 0.653061 0.866213 0.702948 0.884354 0.723356 0.884354 0.743764 0.877551 0.759637 0.861678 0.759637 0.854875 0.766440 0.843537 0.768707 0.816327 0.766440 0.780045 0.734694 0.693878 0.684807 0.648526 0.621315 0.639456 0.607710 0.632653 0.580499 0.603175 0.580499 0.596372
0 0.734694 0.079365 0.721088 0.072562 0.687075 0.072562 0.664399 0.077098 0.634921 0.104308 0.621315 0.122449 0.616780 0.140590 0.598639 0.160998 0.594104 0.188209 0.585034 0.208617 0.585034 0.233560 0.600907 0.265306 0.598639 0.303855 0.594104 0.303855 0.594104 0.312925 0.564626 0.351474 0.560091 0.376417 0.539683 0.410431 0.532880 0.414966 0.541950 0.419501 0.541950 0.428571 0.551020 0.419501 0.555556 0.405896 0.573696 0.390023 0.582766 0.371882 0.594104 0.360544 0.603175 0.335601 0.634921 0.310658 0.650794 0.290249 0.698413 0.247166 0.705215 0.247166 0.712018 0.238095 0.716553 0.238095 0.723356 0.231293 0.734694 0.229025 0.739229 0.222222 0.734694 0.219955 0.741497 0.197279 0.748299 0.188209 0.746032 0.179138 0.759637 0.151927 0.761905 0.131519 0.752834 0.097506
0 0.088435 0.589569 0.097506 0.609977 0.111111 0.623583 0.154195 0.641723 0.219955 0.650794 0.299320 0.641723 0.333333 0.628118 0.346939 0.612245 0.365079 0.580499 0.392290 0.560091 0.405896 0.560091 0.401361 0.551020 0.401361 0.526077 0.408163 0.517007 0.387755 0.532880 0.367347 0.539683 0.351474 0.539683 0.321995 0.523810 0.269841 0.528345 0.260771 0.535147 0.238095 0.532880 0.213152 0.517007 0.197279 0.510204 0.185941 0.510204 0.170068 0.519274 0.158730 0.519274 0.149660 0.532880 0.117914 0.551020 0.104308 0.553288 0.092971 0.566893
0 0.662132 0.514739 0.680272 0.528345 0.696145 0.535147 0.712018 0.553288 0.716553 0.562358 0.716553 0.603175 0.712018 0.623583 0.730159 0.643991 0.757370 0.655329 0.782313 0.675737 0.818594 0.687075 0.836735 0.698413 0.870748 0.709751 0.891156 0.712018 0.922902 0.725624 0.927438 0.723356 0.934240 0.700680 0.934240 0.687075 0.925170 0.678005 0.927438 0.666667 0.922902 0.650794 0.863946 0.582766 0.852608 0.580499 0.823129 0.557823 0.811791 0.555556 0.800454 0.546485 0.766440 0.537415 0.750567 0.528345 0.712018 0.528345
0 0.517007 0.519274 0.510204 0.523810 0.505669 0.532880 0.505669 0.544218 0.501134 0.546485 0.496599 0.560091 0.482993 0.573696 0.492063 0.580499 0.492063 0.596372 0.482993 0.612245 0.460317 0.637188 0.455782 0.650794 0.437642 0.680272 0.428571 0.709751 0.430839 0.721088 0.424036 0.748299 0.424036 0.773243 0.433107 0.834467 0.442177 0.852608 0.442177 0.861678 0.453515 0.884354 0.467120 0.897959 0.494331 0.909297 0.523810 0.900227 0.551020 0.870748 0.562358 0.850340 0.564626 0.832200 0.573696 0.820862 0.571429 0.807256 0.575964 0.800454 0.575964 0.789116 0.582766 0.780045 0.580499 0.732426 0.575964 0.727891 0.569161 0.682540 0.562358 0.678005 0.560091 0.662132 0.551020 0.646259 0.532880 0.630385 0.514739 0.587302 0.512472 0.526077
0 0.253968 0.074830 0.242630 0.086168 0.233560 0.106576 0.233560 0.160998 0.251701 0.215420 0.265306 0.238095 0.278912 0.251701 0.287982 0.278912 0.297052 0.290249 0.308390 0.294785 0.319728 0.310658 0.335601 0.319728 0.358277 0.326531 0.385488 0.326531 0.401361 0.335601 0.433107 0.374150 0.439909 0.390023 0.448980 0.401361 0.444444 0.408163 0.462585 0.408163 0.467120 0.392290 0.464853 0.394558 0.451247 0.378685 0.417234 0.308390 0.421769 0.299320 0.419501 0.285714 0.433107 0.260771 0.430839 0.233560 0.426304 0.222222 0.426304 0.204082 0.412698 0.185941 0.399093 0.147392 0.371882 0.113379 0.326531 0.074830 0.303855 0.065760 0.287982 0.065760 0.281179 0.070295
0 0.811791 0.238095 0.798186 0.224490 0.764172 0.217687 0.752834 0.224490 0.739229 0.224490 0.734694 0.231293 0.727891 0.231293 0.712018 0.240363 0.705215 0.249433 0.698413 0.249433 0.653061 0.290249 0.639456 0.312925 0.619048 0.333333 0.605442 0.335601 0.603175 0.353741 0.589569 0.390023 0.562358 0.417234 0.589569 0.414966 0.603175 0.419501 0.616780 0.405896 0.650794 0.405896 0.675737 0.390023 0.680272 0.392290 0.696145 0.380952 0.714286 0.376417 0.721088 0.367347 0.750567 0.353741 0.793651 0.312925 0.804989 0.294785 0.814059 0.272109
0 0.190476 0.367347 0.190476 0.396825 0.208617 0.430839 0.226757 0.446712 0.294785 0.464853 0.301587 0.469388 0.342404 0.469388 0.371882 0.473923 0.383220 0.467120 0.408163 0.467120 0.424036 0.462585 0.437642 0.469388 0.444444 0.478458 0.462585 0.473923 0.444444 0.460317 0.430839 0.430839 0.421769 0.430839 0.417234 0.426304 0.403628 0.396825 0.387755 0.387755 0.374150 0.369615 0.360544 0.369615 0.342404 0.360544 0.340136 0.356009 0.303855 0.344671 0.278912 0.331066 0.242630 0.326531 0.222222 0.337868
0 0.530612 0.528345 0.530612 0.539683 0.535147 0.548753 0.557823 0.569161 0.575964 0.591837 0.621315 0.625850 0.668934 0.637188 0.702948 0.630385 0.709751 0.623583 0.714286 0.603175 0.714286 0.562358 0.709751 0.553288 0.696145 0.537415 0.680272 0.530612 0.657596 0.510204 0.630385 0.494331 0.598639 0.498866 0.573696 0.494331 0.571429 0.489796 0.566893 0.489796 0.564626 0.510204 0.560091 0.519274 0.541950 0.528345
0 0.510204 0.256236 0.489796 0.265306 0.469388 0.290249 0.462585 0.312925 0.453515 0.326531 0.458050 0.380952 0.469388 0.392290 0.464853 0.408163 0.485261 0.410431 0.498866 0.430839 0.503401 0.426304 0.530612 0.417234 0.535147 0.410431 0.535147 0.401361 0.553288 0.369615 0.553288 0.353741 0.557823 0.349206 0.557823 0.303855 0.546485 0.274376 0.530612 0.263039
0 0.467120 0.471655 0.460317 0.471655 0.464853 0.473923 0.430839 0.487528 0.412698 0.505669 0.408163 0.514739 0.410431 0.519274 0.403628 0.526077 0.403628 0.551020 0.408163 0.555556 0.410431 0.571429 0.421769 0.582766 0.435374 0.589569 0.464853 0.585034 0.476190 0.573696 0.489796 0.566893 0.498866 0.546485 0.503401 0.544218 0.503401 0.532880 0.512472 0.519274 0.501134 0.501134 0.501134 0.494331 0.480726 0.489796
0 0.616780 0.426304 0.605442 0.419501 0.603175 0.421769 0.589569 0.417234 0.557823 0.419501 0.546485 0.430839 0.544218 0.426304 0.541950 0.446712 0.530612 0.460317 0.530612 0.464853 0.562358 0.492063 0.566893 0.487528 0.587302 0.487528 0.619048 0.455782 0.623583 0.439909
0 0.426304 0.417234 0.446712 0.460317 0.462585 0.469388 0.467120 0.469388 0.478458 0.455782 0.492063 0.455782 0.494331 0.442177 0.501134 0.433107 0.494331 0.428571 0.485261 0.412698 0.442177 0.408163
0 0.537415 0.471655 0.537415 0.480726 0.528345 0.489796 0.519274 0.494331 0.503401 0.492063 0.507937 0.510204 0.519274 0.519274 0.517007 0.521542 0.528345 0.526077 0.548753 0.523810 0.557823 0.519274 0.562358 0.510204 0.562358 0.494331
0 0.537415 0.417234 0.503401 0.428571 0.494331 0.455782 0.478458 0.458050 0.469388 0.471655 0.480726 0.487528 0.519274 0.492063 0.535147 0.480726 0.535147 0.469388 0.528345 0.464853 0.528345 0.460317 0.537415 0.451247 0.541950 0.437642