0 0.421769 0.498866 0.417234 0.505669 0.412698 0.505669 0.394558 0.492063 0.362812 0.496599 0.346939 0.514739 0.335601 0.519274 0.340136 0.521542 0.335601 0.528345 0.335601 0.544218 0.340136 0.553288 0.351474 0.562358 0.399093 0.564626 0.412698 0.551020 0.417234 0.517007 0.421769 0.514739
0 0.684807 0.510204 0.684807 0.492063 0.675737 0.489796 0.668934 0.473923 0.612245 0.476190 0.603175 0.478458 0.585034 0.492063 0.562358 0.487528 0.575964 0.494331 0.578231 0.498866 0.582766 0.496599 0.598639 0.510204 0.596372 0.514739 0.594104 0.512472 0.594104 0.519274 0.600907 0.530612 0.619048 0.544218 0.655329 0.544218 0.664399 0.539683 0.678005 0.526077
0 0.494331 0.668934 0.494331 0.682540 0.489796 0.687075 0.485261 0.705215 0.480726 0.707483 0.480726 0.718821 0.476190 0.721088 0.476190 0.727891 0.460317 0.748299 0.439909 0.755102 0.424036 0.770975 0.390023 0.770975 0.371882 0.750567 0.367347 0.730159 0.367347 0.752834 0.376417 0.768707 0.403628 0.784580 0.433107 0.782313 0.455782 0.770975 0.480726 0.746032 0.487528 0.734694 0.501134 0.693878
0 0.517007 0.292517 0.505669 0.303855 0.498866 0.324263 0.494331 0.326531 0.494331 0.353741 0.514739 0.385488 0.528345 0.392290 0.523810 0.419501 0.519274 0.428571 0.514739 0.428571 0.521542 0.439909 0.517007 0.444444 0.523810 0.446712 0.523810 0.439909 0.530612 0.433107 0.541950 0.405896 0.560091 0.401361 0.566893 0.394558 0.575964 0.394558 0.582766 0.390023 0.582766 0.380952 0.589569 0.367347 0.589569 0.340136 0.585034 0.328798 0.566893 0.308390 0.548753 0.306122 0.523810 0.292517
0 0.315193 0.269841 0.308390 0.281179 0.301587 0.312925 0.308390 0.340136 0.315193 0.349206 0.321995 0.371882 0.342404 0.387755 0.383220 0.394558 0.392290 0.399093 0.405896 0.399093 0.419501 0.412698 0.428571 0.414966 0.435374 0.390023 0.430839 0.390023 0.424036 0.378685 0.426304 0.331066 0.419501 0.315193 0.387755 0.287982 0.356009 0.281179 0.337868 0.267574
0 0.870748 0.396825 0.850340 0.371882 0.827664 0.360544 0.798186 0.356009 0.789116 0.360544 0.768707 0.362812 0.755102 0.356009 0.746032 0.360544 0.743764 0.392290 0.736961 0.414966 0.718821 0.439909 0.680272 0.446712 0.653061 0.464853 0.646259 0.473923 0.630385 0.473923 0.612245 0.467120 0.598639 0.473923 0.609977 0.476190 0.668934 0.471655 0.678005 0.489796 0.682540 0.489796 0.684807 0.485261 0.712018 0.514739 0.748299 0.521542 0.782313 0.519274 0.832200 0.498866 0.854875 0.476190 0.863946 0.455782 0.863946 0.433107 0.873016 0.410431
0 0.455782 0.541950 0.446712 0.541950 0.437642 0.532880 0.419501 0.539683 0.414966 0.551020 0.399093 0.566893 0.374150 0.564626 0.378685 0.566893 0.376417 0.571429 0.324263 0.596372 0.306122 0.591837 0.281179 0.591837 0.272109 0.587302 0.244898 0.587302 0.181406 0.616780 0.170068 0.632653 0.149660 0.650794 0.133787 0.675737 0.124717 0.698413 0.117914 0.750567 0.131519 0.775510 0.149660 0.789116 0.172336 0.793651 0.181406 0.786848 0.213152 0.784580 0.226757 0.780045 0.249433 0.766440 0.292517 0.748299 0.344671 0.691610 0.346939 0.632653 0.356009 0.616780 0.399093 0.578231 0.408163 0.575964 0.419501 0.562358 0.430839 0.557823 0.444444 0.544218
0 0.532880 0.569161 0.541950 0.571429 0.589569 0.639456 0.591837 0.655329 0.598639 0.664399 0.594104 0.691610 0.589569 0.698413 0.598639 0.739229 0.614512 0.761905 0.614512 0.775510 0.639456 0.807256 0.671202 0.829932 0.696145 0.857143 0.716553 0.861678 0.750567 0.879819 0.780045 0.875283 0.804989 0.854875 0.807256 0.845805 0.807256 0.800454 0.802721 0.793651 0.802721 0.780045 0.764172 0.705215 0.730159 0.671202 0.718821 0.666667 0.705215 0.648526 0.682540 0.641723 0.671202 0.632653 0.628118 0.630385 0.598639 0.609977 0.571429 0.578231 0.557823 0.578231 0.541950 0.569161
0 0.387755 0.074830 0.376417 0.083900 0.371882 0.102041 0.367347 0.165533 0.371882 0.217687 0.390023 0.247166 0.396825 0.269841 0.408163 0.278912 0.414966 0.297052 0.448980 0.312925 0.455782 0.319728 0.464853 0.337868 0.467120 0.356009 0.471655 0.362812 0.469388 0.369615 0.482993 0.367347 0.492063 0.378685 0.501134 0.383220 0.496599 0.380952 0.496599 0.358277 0.492063 0.353741 0.492063 0.326531 0.496599 0.324263 0.503401 0.303855 0.523810 0.281179 0.526077 0.267574 0.521542 0.204082 0.510204 0.167800 0.492063 0.145125 0.476190 0.113379 0.460317 0.095238 0.421769 0.074830
0 0.179138 0.453515 0.190476 0.478458 0.199546 0.487528 0.213152 0.494331 0.224490 0.505669 0.238095 0.512472 0.260771 0.517007 0.269841 0.523810 0.290249 0.523810 0.303855 0.519274 0.312925 0.523810 0.333333 0.521542 0.337868 0.514739 0.346939 0.512472 0.362812 0.494331 0.378685 0.489796 0.424036 0.492063 0.424036 0.487528 0.430839 0.480726 0.446712 0.478458 0.421769 0.478458 0.401361 0.471655 0.356009 0.433107 0.342404 0.430839 0.324263 0.419501 0.297052 0.417234 0.283447 0.410431 0.267574 0.414966 0.244898 0.410431 0.229025 0.417234 0.219955 0.417234 0.204082 0.426304
0 0.476190 0.535147 0.464853 0.537415 0.471655 0.541950 0.471655 0.546485 0.453515 0.569161 0.430839 0.578231 0.408163 0.621315 0.387755 0.646259 0.387755 0.657596 0.380952 0.666667 0.369615 0.698413 0.369615 0.739229 0.383220 0.764172 0.390023 0.768707 0.424036 0.768707 0.439909 0.752834 0.460317 0.746032 0.473923 0.727891 0.473923 0.721088 0.478458 0.718821 0.478458 0.707483 0.482993 0.705215 0.482993 0.698413 0.492063 0.682540 0.492063 0.664399 0.501134 0.643991 0.501134 0.609977 0.492063 0.585034 0.492063 0.551020
0 0.743764 0.358277 0.723356 0.335601 0.709751 0.331066 0.678005 0.333333 0.621315 0.358277 0.600907 0.376417 0.585034 0.380952 0.585034 0.390023 0.557823 0.408163 0.551020 0.419501 0.553288 0.437642 0.537415 0.455782 0.530612 0.455782 0.532880 0.482993 0.566893 0.464853 0.571429 0.464853 0.580499 0.478458 0.596372 0.478458 0.596372 0.473923 0.607710 0.464853 0.641723 0.471655 0.680272 0.444444 0.718821 0.437642 0.734694 0.414966 0.741497 0.392290
0 0.471655 0.369615 0.462585 0.376417 0.453515 0.374150 0.435374 0.387755 0.437642 0.392290 0.433107 0.399093 0.430839 0.414966 0.426304 0.417234 0.426304 0.430839 0.446712 0.458050 0.453515 0.471655 0.451247 0.473923 0.458050 0.478458 0.478458 0.480726 0.482993 0.476190 0.485261 0.458050 0.498866 0.446712 0.517007 0.446712 0.514739 0.442177 0.519274 0.439909 0.507937 0.421769 0.512472 0.412698 0.507937 0.392290 0.492063 0.380952 0.482993 0.369615
0 0.535147 0.489796 0.521542 0.510204 0.532880 0.526077 0.532880 0.537415 0.523810 0.546485 0.514739 0.548753 0.532880 0.566893 0.541950 0.566893 0.557823 0.575964 0.571429 0.575964 0.580499 0.580499 0.596372 0.571429 0.607710 0.555556 0.607710 0.541950 0.594104 0.523810 0.591837 0.510204 0.562358 0.489796
0 0.448980 0.476190 0.444444 0.482993 0.430839 0.482993 0.421769 0.494331 0.424036 0.519274 0.433107 0.530612 0.437642 0.530612 0.446712 0.539683 0.458050 0.541950 0.464853 0.535147 0.473923 0.532880 0.473923 0.487528 0.478458 0.482993 0.458050 0.480726
0 0.498866 0.448980 0.487528 0.458050 0.485261 0.476190 0.480726 0.480726 0.494331 0.473923 0.510204 0.473923 0.519274 0.487528 0.519274 0.498866 0.514739 0.507937 0.521542 0.507937 0.530612 0.492063 0.537415 0.487528 0.530612 0.482993 0.530612 0.453515 0.526077 0.448980
0 0.519274 0.510204 0.505669 0.532880 0.476190 0.532880 0.492063 0.546485 0.496599 0.571429 0.505669 0.564626 0.510204 0.548753 0.523810 0.544218 0.530612 0.537415 0.530612 0.526077
0 0.510204 0.476190 0.494331 0.476190 0.476190 0.487528 0.476190 0.530612 0.505669 0.530612 0.512472 0.521542 0.517007 0.487528